passenger_id,passenger_arrival_time,origin_vertiport_id,destination_vertiport_id
0,58.0,ANH,LAX
1,103.0,ANH,LAX
2,123.0,UVS,LAX
3,189.0,LGB,LAX
4,190.0,HWD,LAX
5,200.0,DTLA,LAX
6,297.0,WDHL,LAX
7,368.0,ANH,LAX
8,390.0,PSD,LAX
9,424.0,ANH,LAX
10,426.0,DTLA,LAX
11,658.0,BVH,LAX
12,693.0,PSD,LAX
13,710.0,BVH,LAX
14,827.0,DTLA,LAX
15,907.0,ANH,LAX
16,1016.0,DTLA,LAX
17,1311.0,DTLA,LAX
18,1372.0,HWD,LAX
19,1480.0,ANH,LAX
20,1629.0,BVH,LAX
21,1761.0,WDHL,LAX
22,1907.0,PSD,LAX
23,2137.0,DTLA,LAX
24,2189.0,DTLA,LAX
25,2252.0,LGB,LAX
26,2502.0,BVH,LAX
27,2639.0,HWD,LAX
28,2653.0,PSD,LAX
29,2689.0,DTLA,LAX
30,2868.0,ANH,LAX
31,2974.0,DTLA,LAX
32,3071.0,WDHL,LAX
33,3094.0,DTLA,LAX
34,3180.0,LGB,LAX
35,3237.0,HWD,LAX
36,3313.0,WDHL,LAX
37,3464.0,DTLA,LAX
38,3567.0,BVH,LAX
39,3629.0,ANH,LAX
40,3853.0,HWD,LAX
41,3912.0,HWD,LAX
42,3916.0,DTLA,LAX
43,4128.0,ANH,LAX
44,4128.0,HWD,LAX
45,4225.0,WDHL,LAX
46,4304.0,UVS,LAX
47,4436.0,LGB,LAX
48,5118.0,WDHL,LAX
49,5248.0,PSD,LAX
50,5551.0,ANH,LAX
51,5599.0,PSD,LAX
52,5651.0,PSD,LAX
53,5709.0,DTLA,LAX
54,5799.0,DTLA,LAX
55,6073.0,DTLA,LAX
56,6218.0,ANH,LAX
57,6269.0,WDHL,LAX
58,6900.0,UVS,LAX
59,7188.0,ANH,LAX
60,8115.0,ANH,LAX
61,8198.0,ANH,LAX
62,8609.0,LGB,LAX
63,8727.0,WDHL,LAX
64,8958.0,DTLA,LAX
65,9181.0,PSD,LAX
66,9188.0,ANH,LAX
67,9224.0,HWD,LAX
68,9270.0,HWD,LAX
69,9306.0,DTLA,LAX
70,9308.0,HWD,LAX
71,9316.0,ANH,LAX
72,9382.0,WDHL,LAX
73,9422.0,DTLA,LAX
74,9497.0,PSD,LAX
75,9532.0,LGB,LAX
76,9596.0,BVH,LAX
77,9666.0,DTLA,LAX
78,9730.0,ANH,LAX
79,9746.0,HWD,LAX
80,9803.0,DTLA,LAX
81,9901.0,HWD,LAX
82,9994.0,HWD,LAX
83,10025.0,ANH,LAX
84,10049.0,PSD,LAX
85,10064.0,PSD,LAX
86,10110.0,DTLA,LAX
87,10188.0,ANH,LAX
88,10208.0,LGB,LAX
89,10311.0,ANH,LAX
90,10331.0,HWD,LAX
91,10469.0,ANH,LAX
92,10489.0,ANH,LAX
93,10557.0,LGB,LAX
94,10569.0,ANH,LAX
95,10591.0,ANH,LAX
96,10647.0,ANH,LAX
97,10667.0,PSD,LAX
98,10690.0,DTLA,LAX
99,10697.0,DTLA,LAX
100,10719.0,DTLA,LAX
101,10813.0,WDHL,LAX
102,10841.0,ANH,LAX
103,10870.0,DTLA,LAX
104,10962.0,BVH,LAX
105,11015.0,LGB,LAX
106,11093.0,HWD,LAX
107,11108.0,ANH,LAX
108,11118.0,PSD,LAX
109,11130.0,DTLA,LAX
110,11190.0,UVS,LAX
111,11232.0,ANH,LAX
112,11234.0,ANH,LAX
113,11248.0,PSD,LAX
114,11253.0,PSD,LAX
115,11271.0,LGB,LAX
116,11290.0,DTLA,LAX
117,11292.0,PSD,LAX
118,11326.0,LGB,LAX
119,11378.0,DTLA,LAX
120,11388.0,DTLA,LAX
121,11398.0,DTLA,LAX
122,11399.0,LGB,LAX
123,11406.0,ANH,LAX
124,11413.0,ANH,LAX
125,11419.0,UVS,LAX
126,11453.0,DTLA,LAX
127,11503.0,ANH,LAX
128,11533.0,LGB,LAX
129,11559.0,PSD,LAX
130,11610.0,HWD,LAX
131,11623.0,DTLA,LAX
132,11630.0,HWD,LAX
133,11659.0,DTLA,LAX
134,11664.0,PSD,LAX
135,11710.0,LGB,LAX
136,11716.0,LGB,LAX
137,11826.0,HWD,LAX
138,11889.0,LGB,LAX
139,11909.0,LGB,LAX
140,11915.0,DTLA,LAX
141,11936.0,HWD,LAX
142,11946.0,HWD,LAX
143,12056.0,DTLA,LAX
144,12084.0,DTLA,LAX
145,12139.0,DTLA,LAX
146,12219.0,ANH,LAX
147,12280.0,WDHL,LAX
148,12326.0,DTLA,LAX
149,12469.0,WDHL,LAX
150,12499.0,ANH,LAX
151,12513.0,DTLA,LAX
152,12529.0,ANH,LAX
153,12543.0,HWD,LAX
154,12559.0,ANH,LAX
155,12572.0,HWD,LAX
156,12576.0,DTLA,LAX
157,12593.0,BVH,LAX
158,12641.0,DTLA,LAX
159,12667.0,LGB,LAX
160,12670.0,HWD,LAX
161,12679.0,LGB,LAX
162,12685.0,PSD,LAX
163,12771.0,WDHL,LAX
164,12787.0,BVH,LAX
165,12801.0,ANH,LAX
166,12802.0,BVH,LAX
167,12814.0,HWD,LAX
168,12823.0,DTLA,LAX
169,12830.0,WDHL,LAX
170,12848.0,ANH,LAX
171,12882.0,LGB,LAX
172,12885.0,DTLA,LAX
173,12895.0,ANH,LAX
174,12914.0,HWD,LAX
175,12963.0,LGB,LAX
176,12973.0,UVS,LAX
177,12992.0,LGB,LAX
178,13002.0,ANH,LAX
179,13040.0,DTLA,LAX
180,13054.0,ANH,LAX
181,13058.0,HWD,LAX
182,13079.0,WDHL,LAX
183,13089.0,HWD,LAX
184,13113.0,DTLA,LAX
185,13114.0,LGB,LAX
186,13144.0,LGB,LAX
187,13174.0,BVH,LAX
188,13184.0,HWD,LAX
189,13190.0,WDHL,LAX
190,13192.0,DTLA,LAX
191,13215.0,DTLA,LAX
192,13232.0,ANH,LAX
193,13261.0,UVS,LAX
194,13295.0,ANH,LAX
195,13342.0,DTLA,LAX
196,13349.0,WDHL,LAX
197,13354.0,DTLA,LAX
198,13410.0,ANH,LAX
199,13425.0,BVH,LAX
200,13451.0,LGB,LAX
201,13514.0,HWD,LAX
202,13551.0,HWD,LAX
203,13580.0,WDHL,LAX
204,13605.0,PSD,LAX
205,13606.0,DTLA,LAX
206,13612.0,DTLA,LAX
207,13647.0,HWD,LAX
208,13650.0,ANH,LAX
209,13669.0,ANH,LAX
210,13671.0,LGB,LAX
211,13675.0,DTLA,LAX
212,13682.0,BVH,LAX
213,13695.0,ANH,LAX
214,13701.0,DTLA,LAX
215,13711.0,BVH,LAX
216,13722.0,WDHL,LAX
217,13726.0,PSD,LAX
218,13738.0,ANH,LAX
219,13758.0,HWD,LAX
220,13761.0,ANH,LAX
221,13763.0,DTLA,LAX
222,13767.0,WDHL,LAX
223,13768.0,ANH,LAX
224,13789.0,HWD,LAX
225,13795.0,ANH,LAX
226,13797.0,BVH,LAX
227,13831.0,LGB,LAX
228,13867.0,DTLA,LAX
229,13869.0,DTLA,LAX
230,13884.0,LGB,LAX
231,13896.0,DTLA,LAX
232,13900.0,DTLA,LAX
233,13938.0,HWD,LAX
234,13943.0,DTLA,LAX
235,13944.0,HWD,LAX
236,13956.0,WDHL,LAX
237,13986.0,PSD,LAX
238,13989.0,HWD,LAX
239,13999.0,UVS,LAX
240,14024.0,ANH,LAX
241,14024.0,ANH,LAX
242,14033.0,DTLA,LAX
243,14055.0,HWD,LAX
244,14081.0,HWD,LAX
245,14092.0,LGB,LAX
246,14098.0,LGB,LAX
247,14165.0,DTLA,LAX
248,14168.0,PSD,LAX
249,14209.0,HWD,LAX
250,14246.0,ANH,LAX
251,14267.0,HWD,LAX
252,14272.0,LGB,LAX
253,14275.0,DTLA,LAX
254,14277.0,ANH,LAX
255,14295.0,ANH,LAX
256,14313.0,DTLA,LAX
257,14320.0,WDHL,LAX
258,14327.0,ANH,LAX
259,14342.0,HWD,LAX
260,14342.0,HWD,LAX
261,14380.0,LGB,LAX
262,14381.0,ANH,LAX
263,14390.0,ANH,LAX
264,14394.0,LGB,LAX
265,14398.0,BVH,LAX
266,14402.0,WDHL,LAX
267,14421.0,HWD,LAX
268,14422.0,WDHL,LAX
269,14451.0,DTLA,LAX
270,14454.0,HWD,LAX
271,14474.0,DTLA,LAX
272,14486.0,HWD,LAX
273,14488.0,LGB,LAX
274,14500.0,LGB,LAX
275,14503.0,ANH,LAX
276,14544.0,BVH,LAX
277,14558.0,LGB,LAX
278,14564.0,PSD,LAX
279,14584.0,BVH,LAX
280,14592.0,HWD,LAX
281,14598.0,BVH,LAX
282,14608.0,ANH,LAX
283,14641.0,LGB,LAX
284,14666.0,ANH,LAX
285,14692.0,DTLA,LAX
286,14696.0,ANH,LAX
287,14699.0,ANH,LAX
288,14716.0,UVS,LAX
289,14733.0,BVH,LAX
290,14745.0,UVS,LAX
291,14768.0,DTLA,LAX
292,14810.0,BVH,LAX
293,14845.0,HWD,LAX
294,14849.0,LGB,LAX
295,14850.0,ANH,LAX
296,14858.0,ANH,LAX
297,14893.0,HWD,LAX
298,14901.0,PSD,LAX
299,14905.0,ANH,LAX
300,14911.0,UVS,LAX
301,14918.0,LGB,LAX
302,14940.0,PSD,LAX
303,14944.0,DTLA,LAX
304,14967.0,WDHL,LAX
305,14970.0,BVH,LAX
306,14977.0,HWD,LAX
307,14990.0,BVH,LAX
308,15011.0,ANH,LAX
309,15012.0,WDHL,LAX
310,15018.0,LGB,LAX
311,15048.0,LGB,LAX
312,15090.0,HWD,LAX
313,15092.0,PSD,LAX
314,15098.0,WDHL,LAX
315,15100.0,ANH,LAX
316,15101.0,HWD,LAX
317,15103.0,PSD,LAX
318,15108.0,UVS,LAX
319,15116.0,BVH,LAX
320,15124.0,BVH,LAX
321,15135.0,DTLA,LAX
322,15141.0,HWD,LAX
323,15142.0,ANH,LAX
324,15166.0,LGB,LAX
325,15178.0,LGB,LAX
326,15196.0,HWD,LAX
327,15200.0,BVH,LAX
328,15215.0,WDHL,LAX
329,15217.0,DTLA,LAX
330,15234.0,HWD,LAX
331,15235.0,PSD,LAX
332,15249.0,ANH,LAX
333,15253.0,HWD,LAX
334,15255.0,ANH,LAX
335,15277.0,ANH,LAX
336,15294.0,DTLA,LAX
337,15316.0,ANH,LAX
338,15316.0,ANH,LAX
339,15323.0,ANH,LAX
340,15325.0,LGB,LAX
341,15373.0,UVS,LAX
342,15380.0,ANH,LAX
343,15385.0,ANH,LAX
344,15390.0,UVS,LAX
345,15399.0,DTLA,LAX
346,15436.0,BVH,LAX
347,15442.0,ANH,LAX
348,15443.0,PSD,LAX
349,15473.0,DTLA,LAX
350,15474.0,PSD,LAX
351,15500.0,HWD,LAX
352,15502.0,HWD,LAX
353,15521.0,PSD,LAX
354,15533.0,HWD,LAX
355,15543.0,WDHL,LAX
356,15550.0,BVH,LAX
357,15551.0,ANH,LAX
358,15555.0,LGB,LAX
359,15561.0,ANH,LAX
360,15567.0,BVH,LAX
361,15568.0,DTLA,LAX
362,15584.0,BVH,LAX
363,15633.0,WDHL,LAX
364,15642.0,HWD,LAX
365,15645.0,ANH,LAX
366,15650.0,DTLA,LAX
367,15671.0,HWD,LAX
368,15672.0,ANH,LAX
369,15674.0,PSD,LAX
370,15678.0,ANH,LAX
371,15686.0,PSD,LAX
372,15692.0,DTLA,LAX
373,15704.0,HWD,LAX
374,15738.0,HWD,LAX
375,15743.0,ANH,LAX
376,15748.0,WDHL,LAX
377,15756.0,ANH,LAX
378,15768.0,LGB,LAX
379,15789.0,ANH,LAX
380,15808.0,LGB,LAX
381,15825.0,BVH,LAX
382,15826.0,PSD,LAX
383,15849.0,WDHL,LAX
384,15853.0,ANH,LAX
385,15855.0,ANH,LAX
386,15861.0,PSD,LAX
387,15864.0,BVH,LAX
388,15881.0,HWD,LAX
389,15884.0,LGB,LAX
390,15887.0,BVH,LAX
391,15902.0,ANH,LAX
392,15914.0,LGB,LAX
393,15927.0,LGB,LAX
394,15929.0,BVH,LAX
395,15938.0,HWD,LAX
396,15942.0,BVH,LAX
397,15945.0,ANH,LAX
398,15947.0,PSD,LAX
399,15951.0,DTLA,LAX
400,15954.0,ANH,LAX
401,15957.0,LGB,LAX
402,15960.0,BVH,LAX
403,15962.0,LGB,LAX
404,15973.0,DTLA,LAX
405,15995.0,DTLA,LAX
406,15999.0,DTLA,LAX
407,16009.0,BVH,LAX
408,16012.0,HWD,LAX
409,16020.0,UVS,LAX
410,16048.0,LGB,LAX
411,16059.0,LGB,LAX
412,16085.0,DTLA,LAX
413,16094.0,ANH,LAX
414,16100.0,ANH,LAX
415,16149.0,ANH,LAX
416,16150.0,HWD,LAX
417,16161.0,DTLA,LAX
418,16166.0,HWD,LAX
419,16166.0,HWD,LAX
420,16170.0,BVH,LAX
421,16177.0,HWD,LAX
422,16198.0,LGB,LAX
423,16198.0,HWD,LAX
424,16211.0,DTLA,LAX
425,16219.0,HWD,LAX
426,16229.0,BVH,LAX
427,16261.0,PSD,LAX
428,16264.0,ANH,LAX
429,16267.0,LGB,LAX
430,16268.0,BVH,LAX
431,16275.0,DTLA,LAX
432,16276.0,BVH,LAX
433,16316.0,PSD,LAX
434,16316.0,BVH,LAX
435,16322.0,LGB,LAX
436,16327.0,ANH,LAX
437,16344.0,HWD,LAX
438,16367.0,LGB,LAX
439,16376.0,BVH,LAX
440,16379.0,WDHL,LAX
441,16399.0,UVS,LAX
442,16408.0,ANH,LAX
443,16409.0,BVH,LAX
444,16413.0,PSD,LAX
445,16418.0,PSD,LAX
446,16423.0,BVH,LAX
447,16424.0,PSD,LAX
448,16448.0,LGB,LAX
449,16481.0,UVS,LAX
450,16495.0,LGB,LAX
451,16524.0,DTLA,LAX
452,16527.0,UVS,LAX
453,16541.0,WDHL,LAX
454,16544.0,HWD,LAX
455,16555.0,BVH,LAX
456,16560.0,HWD,LAX
457,16567.0,WDHL,LAX
458,16570.0,DTLA,LAX
459,16575.0,BVH,LAX
460,16583.0,DTLA,LAX
461,16597.0,ANH,LAX
462,16620.0,PSD,LAX
463,16650.0,DTLA,LAX
464,16658.0,HWD,LAX
465,16659.0,DTLA,LAX
466,16663.0,DTLA,LAX
467,16671.0,DTLA,LAX
468,16700.0,LGB,LAX
469,16706.0,HWD,LAX
470,16736.0,DTLA,LAX
471,16756.0,ANH,LAX
472,16758.0,PSD,LAX
473,16760.0,DTLA,LAX
474,16774.0,ANH,LAX
475,16783.0,BVH,LAX
476,16802.0,ANH,LAX
477,16825.0,ANH,LAX
478,16840.0,ANH,LAX
479,16855.0,DTLA,LAX
480,16869.0,ANH,LAX
481,16878.0,ANH,LAX
482,16879.0,ANH,LAX
483,16882.0,HWD,LAX
484,16901.0,UVS,LAX
485,16914.0,BVH,LAX
486,16924.0,BVH,LAX
487,16928.0,PSD,LAX
488,16931.0,ANH,LAX
489,16969.0,DTLA,LAX
490,16984.0,HWD,LAX
491,17000.0,ANH,LAX
492,17011.0,BVH,LAX
493,17034.0,HWD,LAX
494,17038.0,DTLA,LAX
495,17041.0,HWD,LAX
496,17052.0,PSD,LAX
497,17059.0,DTLA,LAX
498,17060.0,LGB,LAX
499,17064.0,ANH,LAX
500,17079.0,UVS,LAX
501,17091.0,UVS,LAX
502,17110.0,DTLA,LAX
503,17113.0,PSD,LAX
504,17128.0,UVS,LAX
505,17132.0,BVH,LAX
506,17132.0,HWD,LAX
507,17149.0,UVS,LAX
508,17151.0,PSD,LAX
509,17202.0,LGB,LAX
510,17206.0,PSD,LAX
511,17212.0,LGB,LAX
512,17216.0,ANH,LAX
513,17220.0,WDHL,LAX
514,17258.0,ANH,LAX
515,17287.0,ANH,LAX
516,17297.0,DTLA,LAX
517,17307.0,PSD,LAX
518,17318.0,PSD,LAX
519,17337.0,HWD,LAX
520,17338.0,LGB,LAX
521,17354.0,DTLA,LAX
522,17361.0,BVH,LAX
523,17403.0,DTLA,LAX
524,17403.0,LGB,LAX
525,17404.0,DTLA,LAX
526,17467.0,HWD,LAX
527,17469.0,HWD,LAX
528,17477.0,DTLA,LAX
529,17483.0,ANH,LAX
530,17492.0,DTLA,LAX
531,17493.0,ANH,LAX
532,17506.0,PSD,LAX
533,17512.0,LGB,LAX
534,17512.0,ANH,LAX
535,17525.0,HWD,LAX
536,17528.0,PSD,LAX
537,17535.0,DTLA,LAX
538,17543.0,PSD,LAX
539,17544.0,BVH,LAX
540,17548.0,UVS,LAX
541,17551.0,DTLA,LAX
542,17552.0,DTLA,LAX
543,17553.0,LGB,LAX
544,17562.0,HWD,LAX
545,17567.0,ANH,LAX
546,17595.0,BVH,LAX
547,17597.0,ANH,LAX
548,17603.0,DTLA,LAX
549,17616.0,ANH,LAX
550,17621.0,HWD,LAX
551,17632.0,UVS,LAX
552,17635.0,BVH,LAX
553,17636.0,DTLA,LAX
554,17663.0,BVH,LAX
555,17682.0,LGB,LAX
556,17684.0,LGB,LAX
557,17688.0,HWD,LAX
558,17722.0,BVH,LAX
559,17732.0,ANH,LAX
560,17743.0,HWD,LAX
561,17746.0,BVH,LAX
562,17760.0,DTLA,LAX
563,17795.0,HWD,LAX
564,17802.0,LGB,LAX
565,17807.0,PSD,LAX
566,17809.0,DTLA,LAX
567,17809.0,ANH,LAX
568,17816.0,ANH,LAX
569,17817.0,DTLA,LAX
570,17825.0,WDHL,LAX
571,17829.0,PSD,LAX
572,17832.0,DTLA,LAX
573,17835.0,DTLA,LAX
574,17836.0,HWD,LAX
575,17837.0,BVH,LAX
576,17846.0,ANH,LAX
577,17859.0,DTLA,LAX
578,17892.0,HWD,LAX
579,17904.0,ANH,LAX
580,17905.0,DTLA,LAX
581,17937.0,ANH,LAX
582,17947.0,PSD,LAX
583,17954.0,BVH,LAX
584,17963.0,WDHL,LAX
585,17976.0,ANH,LAX
586,17983.0,WDHL,LAX
587,18000.0,ANH,LAX
588,18019.0,PSD,LAX
589,18023.0,DTLA,LAX
590,18028.0,DTLA,LAX
591,18033.0,WDHL,LAX
592,18038.0,LGB,LAX
593,18061.0,WDHL,LAX
594,18098.0,WDHL,LAX
595,18111.0,DTLA,LAX
596,18116.0,BVH,LAX
597,18127.0,WDHL,LAX
598,18128.0,LGB,LAX
599,18131.0,ANH,LAX
600,18134.0,HWD,LAX
601,18147.0,DTLA,LAX
602,18153.0,DTLA,LAX
603,18174.0,BVH,LAX
604,18177.0,PSD,LAX
605,18181.0,DTLA,LAX
606,18183.0,ANH,LAX
607,18192.0,BVH,LAX
608,18208.0,DTLA,LAX
609,18219.0,BVH,LAX
610,18226.0,WDHL,LAX
611,18244.0,WDHL,LAX
612,18251.0,BVH,LAX
613,18260.0,DTLA,LAX
614,18260.0,PSD,LAX
615,18263.0,BVH,LAX
616,18274.0,WDHL,LAX
617,18285.0,ANH,LAX
618,18309.0,PSD,LAX
619,18347.0,BVH,LAX
620,18350.0,ANH,LAX
621,18351.0,DTLA,LAX
622,18354.0,LGB,LAX
623,18363.0,DTLA,LAX
624,18364.0,BVH,LAX
625,18375.0,PSD,LAX
626,18378.0,ANH,LAX
627,18403.0,HWD,LAX
628,18404.0,PSD,LAX
629,18432.0,DTLA,LAX
630,18439.0,DTLA,LAX
631,18463.0,DTLA,LAX
632,18477.0,LGB,LAX
633,18482.0,WDHL,LAX
634,18510.0,DTLA,LAX
635,18513.0,ANH,LAX
636,18521.0,DTLA,LAX
637,18523.0,PSD,LAX
638,18525.0,LGB,LAX
639,18541.0,DTLA,LAX
640,18541.0,ANH,LAX
641,18543.0,DTLA,LAX
642,18547.0,ANH,LAX
643,18549.0,BVH,LAX
644,18561.0,DTLA,LAX
645,18571.0,LGB,LAX
646,18586.0,WDHL,LAX
647,18591.0,BVH,LAX
648,18605.0,ANH,LAX
649,18614.0,ANH,LAX
650,18617.0,ANH,LAX
651,18617.0,HWD,LAX
652,18618.0,ANH,LAX
653,18626.0,UVS,LAX
654,18636.0,BVH,LAX
655,18646.0,WDHL,LAX
656,18649.0,ANH,LAX
657,18660.0,BVH,LAX
658,18686.0,PSD,LAX
659,18693.0,DTLA,LAX
660,18714.0,LGB,LAX
661,18714.0,LGB,LAX
662,18723.0,ANH,LAX
663,18742.0,ANH,LAX
664,18754.0,UVS,LAX
665,18760.0,HWD,LAX
666,18764.0,WDHL,LAX
667,18764.0,LGB,LAX
668,18775.0,HWD,LAX
669,18780.0,DTLA,LAX
670,18804.0,WDHL,LAX
671,18811.0,DTLA,LAX
672,18825.0,BVH,LAX
673,18845.0,HWD,LAX
674,18867.0,BVH,LAX
675,18871.0,ANH,LAX
676,18880.0,LGB,LAX
677,18881.0,LGB,LAX
678,18902.0,ANH,LAX
679,18908.0,DTLA,LAX
680,18911.0,LGB,LAX
681,18913.0,WDHL,LAX
682,18927.0,BVH,LAX
683,18932.0,BVH,LAX
684,18936.0,DTLA,LAX
685,18939.0,DTLA,LAX
686,18943.0,PSD,LAX
687,18945.0,HWD,LAX
688,18955.0,BVH,LAX
689,18958.0,PSD,LAX
690,18964.0,DTLA,LAX
691,18967.0,ANH,LAX
692,18968.0,PSD,LAX
693,18976.0,DTLA,LAX
694,18976.0,ANH,LAX
695,18980.0,BVH,LAX
696,19005.0,ANH,LAX
697,19012.0,ANH,LAX
698,19018.0,LGB,LAX
699,19022.0,LGB,LAX
700,19029.0,ANH,LAX
701,19042.0,PSD,LAX
702,19043.0,HWD,LAX
703,19045.0,BVH,LAX
704,19047.0,WDHL,LAX
705,19050.0,LGB,LAX
706,19061.0,LGB,LAX
707,19065.0,WDHL,LAX
708,19066.0,PSD,LAX
709,19068.0,DTLA,LAX
710,19112.0,PSD,LAX
711,19172.0,DTLA,LAX
712,19185.0,HWD,LAX
713,19186.0,DTLA,LAX
714,19186.0,DTLA,LAX
715,19194.0,ANH,LAX
716,19207.0,WDHL,LAX
717,19220.0,DTLA,LAX
718,19224.0,HWD,LAX
719,19231.0,DTLA,LAX
720,19249.0,LGB,LAX
721,19249.0,LGB,LAX
722,19257.0,WDHL,LAX
723,19260.0,LGB,LAX
724,19260.0,PSD,LAX
725,19273.0,UVS,LAX
726,19279.0,BVH,LAX
727,19285.0,DTLA,LAX
728,19290.0,BVH,LAX
729,19292.0,ANH,LAX
730,19329.0,ANH,LAX
731,19350.0,DTLA,LAX
732,19351.0,DTLA,LAX
733,19380.0,DTLA,LAX
734,19384.0,DTLA,LAX
735,19405.0,ANH,LAX
736,19409.0,BVH,LAX
737,19409.0,PSD,LAX
738,19425.0,UVS,LAX
739,19446.0,ANH,LAX
740,19457.0,ANH,LAX
741,19465.0,ANH,LAX
742,19471.0,LGB,LAX
743,19479.0,DTLA,LAX
744,19483.0,DTLA,LAX
745,19504.0,DTLA,LAX
746,19523.0,BVH,LAX
747,19530.0,LGB,LAX
748,19534.0,HWD,LAX
749,19544.0,DTLA,LAX
750,19562.0,DTLA,LAX
751,19565.0,HWD,LAX
752,19583.0,BVH,LAX
753,19593.0,ANH,LAX
754,19602.0,LGB,LAX
755,19616.0,DTLA,LAX
756,19628.0,LGB,LAX
757,19644.0,HWD,LAX
758,19664.0,ANH,LAX
759,19673.0,BVH,LAX
760,19678.0,LGB,LAX
761,19691.0,DTLA,LAX
762,19698.0,WDHL,LAX
763,19724.0,HWD,LAX
764,19744.0,PSD,LAX
765,19769.0,ANH,LAX
766,19769.0,DTLA,LAX
767,19779.0,DTLA,LAX
768,19784.0,DTLA,LAX
769,19793.0,PSD,LAX
770,19801.0,UVS,LAX
771,19816.0,HWD,LAX
772,19834.0,HWD,LAX
773,19840.0,DTLA,LAX
774,19844.0,WDHL,LAX
775,19874.0,HWD,LAX
776,19884.0,DTLA,LAX
777,19887.0,HWD,LAX
778,19893.0,LGB,LAX
779,19910.0,DTLA,LAX
780,19925.0,ANH,LAX
781,19940.0,DTLA,LAX
782,19944.0,ANH,LAX
783,19952.0,HWD,LAX
784,19959.0,LGB,LAX
785,19969.0,LGB,LAX
786,19974.0,HWD,LAX
787,19976.0,DTLA,LAX
788,19977.0,ANH,LAX
789,19993.0,PSD,LAX
790,20000.0,ANH,LAX
791,20001.0,ANH,LAX
792,20015.0,HWD,LAX
793,20024.0,LGB,LAX
794,20035.0,BVH,LAX
795,20041.0,HWD,LAX
796,20046.0,PSD,LAX
797,20049.0,ANH,LAX
798,20052.0,PSD,LAX
799,20055.0,DTLA,LAX
800,20072.0,PSD,LAX
801,20082.0,ANH,LAX
802,20085.0,BVH,LAX
803,20093.0,BVH,LAX
804,20115.0,HWD,LAX
805,20135.0,ANH,LAX
806,20156.0,ANH,LAX
807,20160.0,ANH,LAX
808,20168.0,ANH,LAX
809,20189.0,HWD,LAX
810,20202.0,BVH,LAX
811,20205.0,WDHL,LAX
812,20211.0,DTLA,LAX
813,20214.0,WDHL,LAX
814,20217.0,PSD,LAX
815,20223.0,HWD,LAX
816,20232.0,LGB,LAX
817,20241.0,DTLA,LAX
818,20263.0,PSD,LAX
819,20275.0,ANH,LAX
820,20303.0,LGB,LAX
821,20348.0,LGB,LAX
822,20353.0,DTLA,LAX
823,20370.0,LGB,LAX
824,20388.0,PSD,LAX
825,20396.0,HWD,LAX
826,20399.0,LGB,LAX
827,20399.0,PSD,LAX
828,20408.0,DTLA,LAX
829,20431.0,BVH,LAX
830,20436.0,UVS,LAX
831,20441.0,ANH,LAX
832,20445.0,ANH,LAX
833,20449.0,DTLA,LAX
834,20489.0,DTLA,LAX
835,20502.0,HWD,LAX
836,20527.0,UVS,LAX
837,20544.0,BVH,LAX
838,20547.0,ANH,LAX
839,20548.0,LGB,LAX
840,20571.0,HWD,LAX
841,20584.0,DTLA,LAX
842,20585.0,DTLA,LAX
843,20600.0,UVS,LAX
844,20618.0,ANH,LAX
845,20619.0,BVH,LAX
846,20621.0,HWD,LAX
847,20623.0,ANH,LAX
848,20634.0,ANH,LAX
849,20637.0,ANH,LAX
850,20640.0,DTLA,LAX
851,20647.0,PSD,LAX
852,20654.0,PSD,LAX
853,20655.0,BVH,LAX
854,20671.0,PSD,LAX
855,20678.0,ANH,LAX
856,20681.0,HWD,LAX
857,20681.0,LGB,LAX
858,20686.0,ANH,LAX
859,20691.0,PSD,LAX
860,20696.0,HWD,LAX
861,20697.0,DTLA,LAX
862,20715.0,PSD,LAX
863,20728.0,DTLA,LAX
864,20737.0,LGB,LAX
865,20741.0,ANH,LAX
866,20741.0,LGB,LAX
867,20769.0,BVH,LAX
868,20778.0,HWD,LAX
869,20810.0,HWD,LAX
870,20816.0,HWD,LAX
871,20833.0,LGB,LAX
872,20847.0,ANH,LAX
873,20874.0,DTLA,LAX
874,20898.0,DTLA,LAX
875,20904.0,PSD,LAX
876,20904.0,ANH,LAX
877,20911.0,WDHL,LAX
878,20918.0,DTLA,LAX
879,20919.0,DTLA,LAX
880,20932.0,DTLA,LAX
881,20934.0,DTLA,LAX
882,20937.0,HWD,LAX
883,20939.0,UVS,LAX
884,20940.0,PSD,LAX
885,20941.0,WDHL,LAX
886,20955.0,PSD,LAX
887,20955.0,HWD,LAX
888,20974.0,HWD,LAX
889,20976.0,HWD,LAX
890,20996.0,LGB,LAX
891,21017.0,HWD,LAX
892,21044.0,LGB,LAX
893,21055.0,LGB,LAX
894,21062.0,LGB,LAX
895,21066.0,ANH,LAX
896,21072.0,HWD,LAX
897,21085.0,UVS,LAX
898,21093.0,ANH,LAX
899,21100.0,ANH,LAX
900,21102.0,DTLA,LAX
901,21105.0,HWD,LAX
902,21114.0,DTLA,LAX
903,21120.0,DTLA,LAX
904,21122.0,DTLA,LAX
905,21123.0,DTLA,LAX
906,21129.0,DTLA,LAX
907,21136.0,HWD,LAX
908,21145.0,DTLA,LAX
909,21145.0,UVS,LAX
910,21149.0,UVS,LAX
911,21162.0,HWD,LAX
912,21162.0,ANH,LAX
913,21164.0,DTLA,LAX
914,21166.0,LGB,LAX
915,21169.0,LGB,LAX
916,21178.0,HWD,LAX
917,21179.0,DTLA,LAX
918,21179.0,BVH,LAX
919,21185.0,HWD,LAX
920,21192.0,ANH,LAX
921,21205.0,ANH,LAX
922,21208.0,ANH,LAX
923,21227.0,HWD,LAX
924,21234.0,LGB,LAX
925,21244.0,ANH,LAX
926,21252.0,DTLA,LAX
927,21254.0,PSD,LAX
928,21255.0,WDHL,LAX
929,21255.0,HWD,LAX
930,21261.0,BVH,LAX
931,21273.0,ANH,LAX
932,21275.0,ANH,LAX
933,21276.0,HWD,LAX
934,21291.0,ANH,LAX
935,21293.0,DTLA,LAX
936,21310.0,WDHL,LAX
937,21329.0,HWD,LAX
938,21331.0,HWD,LAX
939,21333.0,ANH,LAX
940,21339.0,LGB,LAX
941,21345.0,BVH,LAX
942,21354.0,ANH,LAX
943,21355.0,ANH,LAX
944,21359.0,ANH,LAX
945,21378.0,ANH,LAX
946,21382.0,BVH,LAX
947,21386.0,HWD,LAX
948,21387.0,PSD,LAX
949,21393.0,ANH,LAX
950,21399.0,HWD,LAX
951,21411.0,DTLA,LAX
952,21423.0,HWD,LAX
953,21427.0,HWD,LAX
954,21432.0,ANH,LAX
955,21445.0,HWD,LAX
956,21450.0,ANH,LAX
957,21453.0,PSD,LAX
958,21458.0,LGB,LAX
959,21479.0,UVS,LAX
960,21485.0,HWD,LAX
961,21488.0,PSD,LAX
962,21497.0,PSD,LAX
963,21501.0,WDHL,LAX
964,21510.0,ANH,LAX
965,21516.0,ANH,LAX
966,21527.0,HWD,LAX
967,21529.0,WDHL,LAX
968,21532.0,PSD,LAX
969,21535.0,HWD,LAX
970,21555.0,LGB,LAX
971,21572.0,WDHL,LAX
972,21577.0,PSD,LAX
973,21583.0,HWD,LAX
974,21590.0,PSD,LAX
975,21603.0,HWD,LAX
976,21608.0,ANH,LAX
977,21620.0,DTLA,LAX
978,21627.0,DTLA,LAX
979,21660.0,ANH,LAX
980,21666.0,HWD,LAX
981,21667.0,DTLA,LAX
982,21678.0,HWD,LAX
983,21680.0,LGB,LAX
984,21680.0,ANH,LAX
985,21683.0,HWD,LAX
986,21687.0,PSD,LAX
987,21692.0,HWD,LAX
988,21694.0,ANH,LAX
989,21701.0,LGB,LAX
990,21704.0,DTLA,LAX
991,21705.0,ANH,LAX
992,21712.0,DTLA,LAX
993,21715.0,LGB,LAX
994,21726.0,BVH,LAX
995,21726.0,DTLA,LAX
996,21728.0,DTLA,LAX
997,21738.0,HWD,LAX
998,21745.0,DTLA,LAX
999,21750.0,WDHL,LAX
1000,21764.0,HWD,LAX
1001,21770.0,BVH,LAX
1002,21775.0,DTLA,LAX
1003,21779.0,PSD,LAX
1004,21784.0,DTLA,LAX
1005,21785.0,HWD,LAX
1006,21788.0,LGB,LAX
1007,21794.0,UVS,LAX
1008,21799.0,LGB,LAX
1009,21801.0,ANH,LAX
1010,21806.0,DTLA,LAX
1011,21818.0,LGB,LAX
1012,21818.0,UVS,LAX
1013,21821.0,HWD,LAX
1014,21824.0,PSD,LAX
1015,21828.0,ANH,LAX
1016,21832.0,HWD,LAX
1017,21838.0,DTLA,LAX
1018,21843.0,UVS,LAX
1019,21849.0,WDHL,LAX
1020,21858.0,LGB,LAX
1021,21860.0,BVH,LAX
1022,21862.0,LGB,LAX
1023,21871.0,PSD,LAX
1024,21877.0,ANH,LAX
1025,21878.0,HWD,LAX
1026,21881.0,UVS,LAX
1027,21889.0,BVH,LAX
1028,21889.0,PSD,LAX
1029,21902.0,DTLA,LAX
1030,21906.0,HWD,LAX
1031,21907.0,PSD,LAX
1032,21908.0,HWD,LAX
1033,21908.0,DTLA,LAX
1034,21915.0,HWD,LAX
1035,21923.0,PSD,LAX
1036,21931.0,ANH,LAX
1037,21934.0,DTLA,LAX
1038,21951.0,ANH,LAX
1039,21969.0,DTLA,LAX
1040,21987.0,ANH,LAX
1041,21993.0,LGB,LAX
1042,21993.0,DTLA,LAX
1043,22011.0,DTLA,LAX
1044,22025.0,LGB,LAX
1045,22025.0,DTLA,LAX
1046,22041.0,ANH,LAX
1047,22050.0,ANH,LAX
1048,22054.0,ANH,LAX
1049,22056.0,DTLA,LAX
1050,22056.0,HWD,LAX
1051,22066.0,LGB,LAX
1052,22071.0,ANH,LAX
1053,22079.0,DTLA,LAX
1054,22084.0,LGB,LAX
1055,22088.0,DTLA,LAX
1056,22111.0,HWD,LAX
1057,22115.0,ANH,LAX
1058,22119.0,WDHL,LAX
1059,22136.0,PSD,LAX
1060,22138.0,ANH,LAX
1061,22146.0,LGB,LAX
1062,22147.0,BVH,LAX
1063,22152.0,PSD,LAX
1064,22174.0,BVH,LAX
1065,22181.0,DTLA,LAX
1066,22206.0,HWD,LAX
1067,22213.0,PSD,LAX
1068,22216.0,ANH,LAX
1069,22223.0,DTLA,LAX
1070,22225.0,ANH,LAX
1071,22226.0,HWD,LAX
1072,22241.0,ANH,LAX
1073,22260.0,DTLA,LAX
1074,22272.0,DTLA,LAX
1075,22290.0,ANH,LAX
1076,22293.0,HWD,LAX
1077,22304.0,ANH,LAX
1078,22336.0,ANH,LAX
1079,22345.0,LGB,LAX
1080,22351.0,ANH,LAX
1081,22353.0,UVS,LAX
1082,22353.0,PSD,LAX
1083,22359.0,PSD,LAX
1084,22362.0,ANH,LAX
1085,22367.0,ANH,LAX
1086,22370.0,PSD,LAX
1087,22376.0,DTLA,LAX
1088,22379.0,PSD,LAX
1089,22384.0,WDHL,LAX
1090,22390.0,HWD,LAX
1091,22413.0,HWD,LAX
1092,22419.0,HWD,LAX
1093,22424.0,BVH,LAX
1094,22436.0,DTLA,LAX
1095,22455.0,ANH,LAX
1096,22461.0,DTLA,LAX
1097,22466.0,DTLA,LAX
1098,22473.0,HWD,LAX
1099,22475.0,DTLA,LAX
1100,22478.0,LGB,LAX
1101,22486.0,ANH,LAX
1102,22496.0,LGB,LAX
1103,22497.0,PSD,LAX
1104,22507.0,WDHL,LAX
1105,22512.0,DTLA,LAX
1106,22514.0,PSD,LAX
1107,22519.0,LGB,LAX
1108,22521.0,DTLA,LAX
1109,22524.0,ANH,LAX
1110,22528.0,HWD,LAX
1111,22534.0,ANH,LAX
1112,22537.0,PSD,LAX
1113,22540.0,DTLA,LAX
1114,22542.0,HWD,LAX
1115,22545.0,HWD,LAX
1116,22545.0,UVS,LAX
1117,22552.0,DTLA,LAX
1118,22555.0,HWD,LAX
1119,22564.0,DTLA,LAX
1120,22567.0,HWD,LAX
1121,22568.0,UVS,LAX
1122,22578.0,DTLA,LAX
1123,22580.0,BVH,LAX
1124,22587.0,LGB,LAX
1125,22589.0,HWD,LAX
1126,22592.0,LGB,LAX
1127,22597.0,HWD,LAX
1128,22599.0,HWD,LAX
1129,22608.0,LGB,LAX
1130,22609.0,DTLA,LAX
1131,22616.0,ANH,LAX
1132,22620.0,HWD,LAX
1133,22622.0,DTLA,LAX
1134,22624.0,DTLA,LAX
1135,22640.0,DTLA,LAX
1136,22642.0,ANH,LAX
1137,22647.0,BVH,LAX
1138,22648.0,LGB,LAX
1139,22651.0,ANH,LAX
1140,22653.0,ANH,LAX
1141,22657.0,WDHL,LAX
1142,22660.0,ANH,LAX
1143,22667.0,UVS,LAX
1144,22669.0,DTLA,LAX
1145,22681.0,DTLA,LAX
1146,22686.0,DTLA,LAX
1147,22688.0,LGB,LAX
1148,22697.0,LGB,LAX
1149,22698.0,PSD,LAX
1150,22703.0,UVS,LAX
1151,22703.0,LGB,LAX
1152,22713.0,ANH,LAX
1153,22714.0,LGB,LAX
1154,22725.0,DTLA,LAX
1155,22728.0,UVS,LAX
1156,22753.0,LGB,LAX
1157,22759.0,HWD,LAX
1158,22768.0,DTLA,LAX
1159,22774.0,LGB,LAX
1160,22778.0,HWD,LAX
1161,22781.0,HWD,LAX
1162,22785.0,DTLA,LAX
1163,22787.0,HWD,LAX
1164,22790.0,ANH,LAX
1165,22797.0,PSD,LAX
1166,22805.0,PSD,LAX
1167,22810.0,PSD,LAX
1168,22817.0,DTLA,LAX
1169,22825.0,DTLA,LAX
1170,22843.0,DTLA,LAX
1171,22844.0,ANH,LAX
1172,22851.0,DTLA,LAX
1173,22854.0,ANH,LAX
1174,22856.0,DTLA,LAX
1175,22858.0,HWD,LAX
1176,22858.0,HWD,LAX
1177,22863.0,ANH,LAX
1178,22865.0,HWD,LAX
1179,22865.0,DTLA,LAX
1180,22874.0,UVS,LAX
1181,22885.0,PSD,LAX
1182,22886.0,PSD,LAX
1183,22910.0,WDHL,LAX
1184,22943.0,HWD,LAX
1185,22960.0,HWD,LAX
1186,22963.0,DTLA,LAX
1187,22963.0,ANH,LAX
1188,22969.0,HWD,LAX
1189,22973.0,LGB,LAX
1190,22975.0,PSD,LAX
1191,22985.0,ANH,LAX
1192,22988.0,LGB,LAX
1193,22993.0,LGB,LAX
1194,22996.0,HWD,LAX
1195,23002.0,ANH,LAX
1196,23003.0,HWD,LAX
1197,23016.0,DTLA,LAX
1198,23019.0,DTLA,LAX
1199,23020.0,ANH,LAX
1200,23030.0,ANH,LAX
1201,23030.0,DTLA,LAX
1202,23040.0,ANH,LAX
1203,23040.0,HWD,LAX
1204,23041.0,PSD,LAX
1205,23061.0,PSD,LAX
1206,23067.0,LGB,LAX
1207,23074.0,PSD,LAX
1208,23076.0,ANH,LAX
1209,23086.0,LGB,LAX
1210,23094.0,DTLA,LAX
1211,23095.0,WDHL,LAX
1212,23096.0,DTLA,LAX
1213,23104.0,HWD,LAX
1214,23112.0,DTLA,LAX
1215,23117.0,UVS,LAX
1216,23137.0,ANH,LAX
1217,23143.0,ANH,LAX
1218,23145.0,UVS,LAX
1219,23150.0,UVS,LAX
1220,23154.0,UVS,LAX
1221,23156.0,PSD,LAX
1222,23165.0,HWD,LAX
1223,23172.0,DTLA,LAX
1224,23192.0,HWD,LAX
1225,23194.0,BVH,LAX
1226,23197.0,PSD,LAX
1227,23205.0,LGB,LAX
1228,23208.0,WDHL,LAX
1229,23212.0,ANH,LAX
1230,23213.0,DTLA,LAX
1231,23214.0,BVH,LAX
1232,23219.0,DTLA,LAX
1233,23222.0,LGB,LAX
1234,23225.0,LGB,LAX
1235,23232.0,UVS,LAX
1236,23238.0,ANH,LAX
1237,23251.0,HWD,LAX
1238,23260.0,HWD,LAX
1239,23287.0,WDHL,LAX
1240,23291.0,BVH,LAX
1241,23295.0,HWD,LAX
1242,23299.0,ANH,LAX
1243,23300.0,HWD,LAX
1244,23304.0,LGB,LAX
1245,23315.0,ANH,LAX
1246,23316.0,ANH,LAX
1247,23316.0,DTLA,LAX
1248,23330.0,DTLA,LAX
1249,23330.0,PSD,LAX
1250,23334.0,ANH,LAX
1251,23336.0,HWD,LAX
1252,23351.0,HWD,LAX
1253,23351.0,DTLA,LAX
1254,23357.0,ANH,LAX
1255,23362.0,DTLA,LAX
1256,23367.0,HWD,LAX
1257,23371.0,DTLA,LAX
1258,23377.0,PSD,LAX
1259,23381.0,ANH,LAX
1260,23405.0,HWD,LAX
1261,23410.0,PSD,LAX
1262,23415.0,DTLA,LAX
1263,23422.0,PSD,LAX
1264,23423.0,DTLA,LAX
1265,23429.0,BVH,LAX
1266,23429.0,HWD,LAX
1267,23433.0,DTLA,LAX
1268,23433.0,LGB,LAX
1269,23445.0,PSD,LAX
1270,23445.0,ANH,LAX
1271,23446.0,LGB,LAX
1272,23448.0,DTLA,LAX
1273,23467.0,DTLA,LAX
1274,23469.0,LGB,LAX
1275,23470.0,ANH,LAX
1276,23475.0,DTLA,LAX
1277,23495.0,ANH,LAX
1278,23503.0,UVS,LAX
1279,23514.0,HWD,LAX
1280,23521.0,DTLA,LAX
1281,23528.0,DTLA,LAX
1282,23529.0,LGB,LAX
1283,23535.0,HWD,LAX
1284,23540.0,BVH,LAX
1285,23557.0,DTLA,LAX
1286,23563.0,ANH,LAX
1287,23576.0,HWD,LAX
1288,23582.0,PSD,LAX
1289,23590.0,DTLA,LAX
1290,23593.0,HWD,LAX
1291,23597.0,ANH,LAX
1292,23598.0,LGB,LAX
1293,23599.0,DTLA,LAX
1294,23609.0,ANH,LAX
1295,23610.0,BVH,LAX
1296,23610.0,LGB,LAX
1297,23610.0,UVS,LAX
1298,23616.0,ANH,LAX
1299,23624.0,ANH,LAX
1300,23629.0,DTLA,LAX
1301,23634.0,ANH,LAX
1302,23647.0,UVS,LAX
1303,23656.0,LGB,LAX
1304,23660.0,HWD,LAX
1305,23664.0,ANH,LAX
1306,23669.0,PSD,LAX
1307,23683.0,DTLA,LAX
1308,23729.0,DTLA,LAX
1309,23734.0,DTLA,LAX
1310,23743.0,ANH,LAX
1311,23756.0,LGB,LAX
1312,23760.0,DTLA,LAX
1313,23780.0,HWD,LAX
1314,23783.0,DTLA,LAX
1315,23796.0,WDHL,LAX
1316,23798.0,DTLA,LAX
1317,23816.0,WDHL,LAX
1318,23818.0,PSD,LAX
1319,23830.0,DTLA,LAX
1320,23837.0,DTLA,LAX
1321,23838.0,LGB,LAX
1322,23841.0,PSD,LAX
1323,23846.0,DTLA,LAX
1324,23850.0,UVS,LAX
1325,23851.0,PSD,LAX
1326,23852.0,HWD,LAX
1327,23852.0,UVS,LAX
1328,23856.0,DTLA,LAX
1329,23857.0,DTLA,LAX
1330,23859.0,ANH,LAX
1331,23861.0,BVH,LAX
1332,23868.0,LGB,LAX
1333,23871.0,PSD,LAX
1334,23890.0,DTLA,LAX
1335,23898.0,DTLA,LAX
1336,23901.0,WDHL,LAX
1337,23903.0,LGB,LAX
1338,23912.0,DTLA,LAX
1339,23915.0,DTLA,LAX
1340,23916.0,PSD,LAX
1341,23919.0,ANH,LAX
1342,23919.0,UVS,LAX
1343,23938.0,DTLA,LAX
1344,23942.0,DTLA,LAX
1345,23942.0,DTLA,LAX
1346,23944.0,HWD,LAX
1347,23950.0,LGB,LAX
1348,23953.0,UVS,LAX
1349,23957.0,HWD,LAX
1350,23964.0,HWD,LAX
1351,23969.0,UVS,LAX
1352,23972.0,ANH,LAX
1353,23975.0,BVH,LAX
1354,23976.0,ANH,LAX
1355,23983.0,ANH,LAX
1356,23992.0,DTLA,LAX
1357,23995.0,ANH,LAX
1358,24000.0,DTLA,LAX
1359,24004.0,ANH,LAX
1360,24004.0,ANH,LAX
1361,24008.0,UVS,LAX
1362,24020.0,HWD,LAX
1363,24021.0,ANH,LAX
1364,24029.0,HWD,LAX
1365,24031.0,DTLA,LAX
1366,24038.0,HWD,LAX
1367,24045.0,DTLA,LAX
1368,24050.0,LGB,LAX
1369,24050.0,PSD,LAX
1370,24052.0,ANH,LAX
1371,24056.0,ANH,LAX
1372,24059.0,LGB,LAX
1373,24067.0,ANH,LAX
1374,24069.0,HWD,LAX
1375,24072.0,ANH,LAX
1376,24084.0,UVS,LAX
1377,24087.0,DTLA,LAX
1378,24114.0,UVS,LAX
1379,24121.0,HWD,LAX
1380,24140.0,PSD,LAX
1381,24146.0,DTLA,LAX
1382,24162.0,HWD,LAX
1383,24172.0,LGB,LAX
1384,24175.0,ANH,LAX
1385,24182.0,LGB,LAX
1386,24191.0,UVS,LAX
1387,24198.0,HWD,LAX
1388,24212.0,LGB,LAX
1389,24226.0,HWD,LAX
1390,24237.0,PSD,LAX
1391,24254.0,WDHL,LAX
1392,24255.0,DTLA,LAX
1393,24260.0,DTLA,LAX
1394,24264.0,WDHL,LAX
1395,24268.0,DTLA,LAX
1396,24270.0,BVH,LAX
1397,24271.0,DTLA,LAX
1398,24274.0,DTLA,LAX
1399,24281.0,PSD,LAX
1400,24289.0,PSD,LAX
1401,24294.0,HWD,LAX
1402,24295.0,UVS,LAX
1403,24296.0,ANH,LAX
1404,24298.0,LGB,LAX
1405,24304.0,ANH,LAX
1406,24304.0,WDHL,LAX
1407,24313.0,HWD,LAX
1408,24318.0,DTLA,LAX
1409,24331.0,ANH,LAX
1410,24336.0,BVH,LAX
1411,24338.0,DTLA,LAX
1412,24350.0,BVH,LAX
1413,24353.0,UVS,LAX
1414,24354.0,BVH,LAX
1415,24357.0,BVH,LAX
1416,24359.0,HWD,LAX
1417,24377.0,DTLA,LAX
1418,24383.0,LGB,LAX
1419,24384.0,HWD,LAX
1420,24388.0,LGB,LAX
1421,24392.0,ANH,LAX
1422,24394.0,PSD,LAX
1423,24441.0,UVS,LAX
1424,24450.0,DTLA,LAX
1425,24451.0,UVS,LAX
1426,24459.0,DTLA,LAX
1427,24469.0,ANH,LAX
1428,24470.0,ANH,LAX
1429,24472.0,WDHL,LAX
1430,24486.0,BVH,LAX
1431,24508.0,DTLA,LAX
1432,24529.0,PSD,LAX
1433,24542.0,BVH,LAX
1434,24543.0,LGB,LAX
1435,24545.0,WDHL,LAX
1436,24557.0,DTLA,LAX
1437,24569.0,DTLA,LAX
1438,24578.0,LGB,LAX
1439,24579.0,HWD,LAX
1440,24587.0,HWD,LAX
1441,24617.0,DTLA,LAX
1442,24622.0,BVH,LAX
1443,24626.0,ANH,LAX
1444,24647.0,LGB,LAX
1445,24651.0,PSD,LAX
1446,24654.0,ANH,LAX
1447,24657.0,ANH,LAX
1448,24660.0,HWD,LAX
1449,24661.0,LGB,LAX
1450,24665.0,HWD,LAX
1451,24679.0,PSD,LAX
1452,24692.0,BVH,LAX
1453,24696.0,DTLA,LAX
1454,24696.0,ANH,LAX
1455,24697.0,ANH,LAX
1456,24701.0,DTLA,LAX
1457,24703.0,UVS,LAX
1458,24714.0,LGB,LAX
1459,24724.0,UVS,LAX
1460,24725.0,ANH,LAX
1461,24733.0,LGB,LAX
1462,24735.0,ANH,LAX
1463,24740.0,LGB,LAX
1464,24749.0,HWD,LAX
1465,24754.0,ANH,LAX
1466,24759.0,BVH,LAX
1467,24761.0,DTLA,LAX
1468,24766.0,DTLA,LAX
1469,24781.0,WDHL,LAX
1470,24789.0,DTLA,LAX
1471,24796.0,ANH,LAX
1472,24797.0,PSD,LAX
1473,24801.0,DTLA,LAX
1474,24810.0,ANH,LAX
1475,24817.0,HWD,LAX
1476,24822.0,DTLA,LAX
1477,24825.0,LGB,LAX
1478,24826.0,DTLA,LAX
1479,24831.0,BVH,LAX
1480,24834.0,DTLA,LAX
1481,24834.0,ANH,LAX
1482,24839.0,WDHL,LAX
1483,24853.0,DTLA,LAX
1484,24917.0,BVH,LAX
1485,24921.0,WDHL,LAX
1486,24941.0,LGB,LAX
1487,24942.0,LGB,LAX
1488,24951.0,DTLA,LAX
1489,24958.0,LGB,LAX
1490,24962.0,HWD,LAX
1491,24964.0,ANH,LAX
1492,24964.0,HWD,LAX
1493,24964.0,ANH,LAX
1494,24965.0,PSD,LAX
1495,24967.0,DTLA,LAX
1496,24980.0,BVH,LAX
1497,24994.0,HWD,LAX
1498,24997.0,PSD,LAX
1499,25017.0,BVH,LAX
1500,25019.0,ANH,LAX
1501,25020.0,DTLA,LAX
1502,25050.0,DTLA,LAX
1503,25052.0,LGB,LAX
1504,25054.0,LGB,LAX
1505,25076.0,HWD,LAX
1506,25084.0,ANH,LAX
1507,25085.0,PSD,LAX
1508,25090.0,DTLA,LAX
1509,25101.0,ANH,LAX
1510,25103.0,ANH,LAX
1511,25104.0,DTLA,LAX
1512,25108.0,HWD,LAX
1513,25116.0,WDHL,LAX
1514,25144.0,LGB,LAX
1515,25150.0,ANH,LAX
1516,25175.0,HWD,LAX
1517,25177.0,HWD,LAX
1518,25181.0,PSD,LAX
1519,25182.0,ANH,LAX
1520,25190.0,HWD,LAX
1521,25193.0,ANH,LAX
1522,25195.0,DTLA,LAX
1523,25201.0,HWD,LAX
1524,25201.0,DTLA,LAX
1525,25203.0,DTLA,LAX
1526,25206.0,WDHL,LAX
1527,25209.0,ANH,LAX
1528,25213.0,LGB,LAX
1529,25222.0,HWD,LAX
1530,25225.0,HWD,LAX
1531,25235.0,DTLA,LAX
1532,25236.0,LGB,LAX
1533,25238.0,HWD,LAX
1534,25252.0,HWD,LAX
1535,25271.0,BVH,LAX
1536,25272.0,DTLA,LAX
1537,25281.0,DTLA,LAX
1538,25296.0,BVH,LAX
1539,25311.0,DTLA,LAX
1540,25324.0,DTLA,LAX
1541,25328.0,ANH,LAX
1542,25339.0,DTLA,LAX
1543,25341.0,PSD,LAX
1544,25345.0,HWD,LAX
1545,25350.0,DTLA,LAX
1546,25351.0,DTLA,LAX
1547,25351.0,LGB,LAX
1548,25355.0,DTLA,LAX
1549,25360.0,ANH,LAX
1550,25361.0,BVH,LAX
1551,25368.0,UVS,LAX
1552,25370.0,WDHL,LAX
1553,25370.0,DTLA,LAX
1554,25373.0,LGB,LAX
1555,25383.0,HWD,LAX
1556,25385.0,DTLA,LAX
1557,25402.0,LGB,LAX
1558,25409.0,LGB,LAX
1559,25421.0,DTLA,LAX
1560,25421.0,HWD,LAX
1561,25423.0,DTLA,LAX
1562,25427.0,LGB,LAX
1563,25432.0,BVH,LAX
1564,25435.0,LGB,LAX
1565,25438.0,PSD,LAX
1566,25438.0,LGB,LAX
1567,25453.0,DTLA,LAX
1568,25459.0,PSD,LAX
1569,25461.0,WDHL,LAX
1570,25463.0,HWD,LAX
1571,25466.0,LGB,LAX
1572,25466.0,HWD,LAX
1573,25471.0,DTLA,LAX
1574,25477.0,ANH,LAX
1575,25478.0,DTLA,LAX
1576,25481.0,HWD,LAX
1577,25491.0,WDHL,LAX
1578,25499.0,DTLA,LAX
1579,25503.0,HWD,LAX
1580,25504.0,DTLA,LAX
1581,25518.0,HWD,LAX
1582,25523.0,HWD,LAX
1583,25527.0,DTLA,LAX
1584,25539.0,DTLA,LAX
1585,25540.0,LGB,LAX
1586,25567.0,DTLA,LAX
1587,25574.0,HWD,LAX
1588,25582.0,LGB,LAX
1589,25595.0,HWD,LAX
1590,25596.0,UVS,LAX
1591,25605.0,LGB,LAX
1592,25613.0,ANH,LAX
1593,25617.0,LGB,LAX
1594,25618.0,DTLA,LAX
1595,25636.0,LGB,LAX
1596,25636.0,DTLA,LAX
1597,25637.0,PSD,LAX
1598,25639.0,WDHL,LAX
1599,25651.0,DTLA,LAX
1600,25655.0,DTLA,LAX
1601,25657.0,WDHL,LAX
1602,25662.0,HWD,LAX
1603,25667.0,DTLA,LAX
1604,25670.0,PSD,LAX
1605,25690.0,DTLA,LAX
1606,25694.0,BVH,LAX
1607,25703.0,DTLA,LAX
1608,25704.0,ANH,LAX
1609,25705.0,DTLA,LAX
1610,25717.0,DTLA,LAX
1611,25727.0,BVH,LAX
1612,25747.0,WDHL,LAX
1613,25752.0,DTLA,LAX
1614,25759.0,BVH,LAX
1615,25759.0,UVS,LAX
1616,25773.0,ANH,LAX
1617,25786.0,WDHL,LAX
1618,25791.0,DTLA,LAX
1619,25793.0,HWD,LAX
1620,25795.0,BVH,LAX
1621,25796.0,LGB,LAX
1622,25798.0,LGB,LAX
1623,25802.0,DTLA,LAX
1624,25814.0,DTLA,LAX
1625,25828.0,DTLA,LAX
1626,25831.0,LGB,LAX
1627,25836.0,HWD,LAX
1628,25838.0,HWD,LAX
1629,25840.0,LGB,LAX
1630,25854.0,BVH,LAX
1631,25860.0,HWD,LAX
1632,25882.0,LGB,LAX
1633,25885.0,HWD,LAX
1634,25897.0,HWD,LAX
1635,25900.0,DTLA,LAX
1636,25902.0,WDHL,LAX
1637,25903.0,HWD,LAX
1638,25911.0,DTLA,LAX
1639,25930.0,DTLA,LAX
1640,25931.0,DTLA,LAX
1641,25936.0,LGB,LAX
1642,25943.0,ANH,LAX
1643,25953.0,PSD,LAX
1644,25963.0,WDHL,LAX
1645,25967.0,ANH,LAX
1646,25974.0,WDHL,LAX
1647,25979.0,ANH,LAX
1648,25981.0,ANH,LAX
1649,25986.0,UVS,LAX
1650,26006.0,ANH,LAX
1651,26006.0,DTLA,LAX
1652,26009.0,DTLA,LAX
1653,26025.0,HWD,LAX
1654,26032.0,ANH,LAX
1655,26033.0,HWD,LAX
1656,26035.0,DTLA,LAX
1657,26041.0,WDHL,LAX
1658,26052.0,DTLA,LAX
1659,26058.0,DTLA,LAX
1660,26086.0,ANH,LAX
1661,26093.0,BVH,LAX
1662,26122.0,HWD,LAX
1663,26132.0,ANH,LAX
1664,26136.0,DTLA,LAX
1665,26137.0,WDHL,LAX
1666,26142.0,DTLA,LAX
1667,26143.0,BVH,LAX
1668,26164.0,UVS,LAX
1669,26166.0,UVS,LAX
1670,26181.0,HWD,LAX
1671,26183.0,HWD,LAX
1672,26186.0,DTLA,LAX
1673,26188.0,LGB,LAX
1674,26194.0,HWD,LAX
1675,26214.0,DTLA,LAX
1676,26216.0,ANH,LAX
1677,26222.0,DTLA,LAX
1678,26223.0,PSD,LAX
1679,26235.0,ANH,LAX
1680,26237.0,DTLA,LAX
1681,26238.0,DTLA,LAX
1682,26275.0,LGB,LAX
1683,26281.0,ANH,LAX
1684,26283.0,ANH,LAX
1685,26289.0,ANH,LAX
1686,26291.0,DTLA,LAX
1687,26299.0,PSD,LAX
1688,26303.0,HWD,LAX
1689,26305.0,HWD,LAX
1690,26309.0,HWD,LAX
1691,26317.0,BVH,LAX
1692,26326.0,ANH,LAX
1693,26330.0,DTLA,LAX
1694,26332.0,PSD,LAX
1695,26344.0,PSD,LAX
1696,26366.0,ANH,LAX
1697,26369.0,ANH,LAX
1698,26369.0,HWD,LAX
1699,26377.0,WDHL,LAX
1700,26379.0,LGB,LAX
1701,26391.0,DTLA,LAX
1702,26394.0,DTLA,LAX
1703,26395.0,WDHL,LAX
1704,26408.0,PSD,LAX
1705,26419.0,ANH,LAX
1706,26434.0,LGB,LAX
1707,26437.0,HWD,LAX
1708,26439.0,ANH,LAX
1709,26442.0,LGB,LAX
1710,26453.0,HWD,LAX
1711,26461.0,ANH,LAX
1712,26463.0,ANH,LAX
1713,26469.0,LGB,LAX
1714,26473.0,HWD,LAX
1715,26487.0,LGB,LAX
1716,26487.0,HWD,LAX
1717,26493.0,ANH,LAX
1718,26497.0,BVH,LAX
1719,26500.0,UVS,LAX
1720,26515.0,ANH,LAX
1721,26518.0,BVH,LAX
1722,26523.0,PSD,LAX
1723,26530.0,DTLA,LAX
1724,26587.0,LGB,LAX
1725,26596.0,DTLA,LAX
1726,26618.0,BVH,LAX
1727,26638.0,DTLA,LAX
1728,26638.0,LGB,LAX
1729,26644.0,WDHL,LAX
1730,26677.0,ANH,LAX
1731,26681.0,ANH,LAX
1732,26700.0,DTLA,LAX
1733,26704.0,LGB,LAX
1734,26709.0,PSD,LAX
1735,26715.0,BVH,LAX
1736,26735.0,ANH,LAX
1737,26746.0,LGB,LAX
1738,26746.0,UVS,LAX
1739,26750.0,DTLA,LAX
1740,26778.0,LGB,LAX
1741,26795.0,ANH,LAX
1742,26803.0,DTLA,LAX
1743,26803.0,DTLA,LAX
1744,26814.0,LGB,LAX
1745,26822.0,DTLA,LAX
1746,26827.0,ANH,LAX
1747,26833.0,ANH,LAX
1748,26842.0,UVS,LAX
1749,26847.0,UVS,LAX
1750,26851.0,DTLA,LAX
1751,26872.0,UVS,LAX
1752,26883.0,LGB,LAX
1753,26894.0,DTLA,LAX
1754,26894.0,ANH,LAX
1755,26900.0,HWD,LAX
1756,26907.0,DTLA,LAX
1757,26918.0,ANH,LAX
1758,26929.0,DTLA,LAX
1759,26933.0,HWD,LAX
1760,26938.0,UVS,LAX
1761,26939.0,DTLA,LAX
1762,26939.0,ANH,LAX
1763,26940.0,DTLA,LAX
1764,26943.0,BVH,LAX
1765,26950.0,HWD,LAX
1766,26952.0,PSD,LAX
1767,26956.0,DTLA,LAX
1768,26958.0,HWD,LAX
1769,26974.0,HWD,LAX
1770,26997.0,LGB,LAX
1771,26998.0,LGB,LAX
1772,27009.0,UVS,LAX
1773,27010.0,UVS,LAX
1774,27023.0,BVH,LAX
1775,27025.0,DTLA,LAX
1776,27028.0,WDHL,LAX
1777,27031.0,ANH,LAX
1778,27035.0,HWD,LAX
1779,27045.0,BVH,LAX
1780,27046.0,BVH,LAX
1781,27052.0,DTLA,LAX
1782,27058.0,HWD,LAX
1783,27079.0,DTLA,LAX
1784,27080.0,DTLA,LAX
1785,27087.0,PSD,LAX
1786,27091.0,UVS,LAX
1787,27092.0,DTLA,LAX
1788,27097.0,LGB,LAX
1789,27101.0,DTLA,LAX
1790,27113.0,DTLA,LAX
1791,27120.0,DTLA,LAX
1792,27132.0,HWD,LAX
1793,27140.0,PSD,LAX
1794,27144.0,BVH,LAX
1795,27148.0,HWD,LAX
1796,27150.0,ANH,LAX
1797,27150.0,DTLA,LAX
1798,27156.0,DTLA,LAX
1799,27158.0,WDHL,LAX
1800,27160.0,HWD,LAX
1801,27166.0,DTLA,LAX
1802,27167.0,DTLA,LAX
1803,27171.0,LGB,LAX
1804,27176.0,BVH,LAX
1805,27179.0,UVS,LAX
1806,27182.0,DTLA,LAX
1807,27188.0,ANH,LAX
1808,27198.0,ANH,LAX
1809,27222.0,DTLA,LAX
1810,27235.0,LGB,LAX
1811,27237.0,ANH,LAX
1812,27249.0,HWD,LAX
1813,27249.0,DTLA,LAX
1814,27250.0,DTLA,LAX
1815,27250.0,HWD,LAX
1816,27259.0,ANH,LAX
1817,27275.0,DTLA,LAX
1818,27278.0,UVS,LAX
1819,27295.0,ANH,LAX
1820,27300.0,PSD,LAX
1821,27301.0,BVH,LAX
1822,27304.0,HWD,LAX
1823,27308.0,DTLA,LAX
1824,27319.0,PSD,LAX
1825,27321.0,WDHL,LAX
1826,27321.0,DTLA,LAX
1827,27328.0,HWD,LAX
1828,27332.0,ANH,LAX
1829,27344.0,DTLA,LAX
1830,27352.0,UVS,LAX
1831,27353.0,ANH,LAX
1832,27357.0,HWD,LAX
1833,27384.0,DTLA,LAX
1834,27389.0,PSD,LAX
1835,27419.0,DTLA,LAX
1836,27420.0,ANH,LAX
1837,27420.0,UVS,LAX
1838,27421.0,ANH,LAX
1839,27435.0,DTLA,LAX
1840,27441.0,LGB,LAX
1841,27447.0,BVH,LAX
1842,27450.0,WDHL,LAX
1843,27452.0,DTLA,LAX
1844,27452.0,DTLA,LAX
1845,27455.0,DTLA,LAX
1846,27456.0,ANH,LAX
1847,27457.0,ANH,LAX
1848,27464.0,ANH,LAX
1849,27464.0,HWD,LAX
1850,27490.0,ANH,LAX
1851,27521.0,ANH,LAX
1852,27521.0,LGB,LAX
1853,27527.0,UVS,LAX
1854,27531.0,HWD,LAX
1855,27533.0,DTLA,LAX
1856,27535.0,BVH,LAX
1857,27537.0,DTLA,LAX
1858,27539.0,PSD,LAX
1859,27543.0,BVH,LAX
1860,27548.0,WDHL,LAX
1861,27556.0,LGB,LAX
1862,27562.0,HWD,LAX
1863,27580.0,HWD,LAX
1864,27583.0,BVH,LAX
1865,27586.0,LGB,LAX
1866,27589.0,LGB,LAX
1867,27596.0,BVH,LAX
1868,27611.0,LGB,LAX
1869,27618.0,DTLA,LAX
1870,27629.0,DTLA,LAX
1871,27648.0,DTLA,LAX
1872,27652.0,DTLA,LAX
1873,27655.0,DTLA,LAX
1874,27657.0,PSD,LAX
1875,27657.0,LGB,LAX
1876,27662.0,BVH,LAX
1877,27669.0,UVS,LAX
1878,27681.0,WDHL,LAX
1879,27690.0,ANH,LAX
1880,27707.0,DTLA,LAX
1881,27713.0,UVS,LAX
1882,27716.0,BVH,LAX
1883,27753.0,HWD,LAX
1884,27765.0,DTLA,LAX
1885,27780.0,DTLA,LAX
1886,27791.0,BVH,LAX
1887,27801.0,DTLA,LAX
1888,27801.0,HWD,LAX
1889,27806.0,ANH,LAX
1890,27820.0,LGB,LAX
1891,27822.0,HWD,LAX
1892,27834.0,LGB,LAX
1893,27845.0,PSD,LAX
1894,27851.0,DTLA,LAX
1895,27858.0,HWD,LAX
1896,27863.0,BVH,LAX
1897,27865.0,LGB,LAX
1898,27889.0,DTLA,LAX
1899,27904.0,ANH,LAX
1900,27911.0,DTLA,LAX
1901,27915.0,PSD,LAX
1902,27920.0,HWD,LAX
1903,27920.0,LGB,LAX
1904,27923.0,HWD,LAX
1905,27933.0,PSD,LAX
1906,27949.0,LGB,LAX
1907,27949.0,UVS,LAX
1908,27956.0,ANH,LAX
1909,27958.0,DTLA,LAX
1910,27963.0,HWD,LAX
1911,27967.0,DTLA,LAX
1912,27970.0,ANH,LAX
1913,27977.0,DTLA,LAX
1914,27987.0,HWD,LAX
1915,27992.0,DTLA,LAX
1916,27997.0,ANH,LAX
1917,27998.0,PSD,LAX
1918,28000.0,ANH,LAX
1919,28002.0,DTLA,LAX
1920,28002.0,BVH,LAX
1921,28003.0,ANH,LAX
1922,28015.0,ANH,LAX
1923,28021.0,HWD,LAX
1924,28039.0,UVS,LAX
1925,28040.0,PSD,LAX
1926,28041.0,HWD,LAX
1927,28043.0,DTLA,LAX
1928,28075.0,HWD,LAX
1929,28083.0,DTLA,LAX
1930,28090.0,DTLA,LAX
1931,28092.0,HWD,LAX
1932,28098.0,ANH,LAX
1933,28101.0,ANH,LAX
1934,28103.0,PSD,LAX
1935,28105.0,ANH,LAX
1936,28107.0,PSD,LAX
1937,28110.0,DTLA,LAX
1938,28112.0,UVS,LAX
1939,28114.0,HWD,LAX
1940,28123.0,WDHL,LAX
1941,28133.0,PSD,LAX
1942,28146.0,HWD,LAX
1943,28146.0,HWD,LAX
1944,28148.0,DTLA,LAX
1945,28162.0,ANH,LAX
1946,28173.0,ANH,LAX
1947,28176.0,DTLA,LAX
1948,28182.0,PSD,LAX
1949,28189.0,WDHL,LAX
1950,28194.0,HWD,LAX
1951,28196.0,WDHL,LAX
1952,28199.0,BVH,LAX
1953,28214.0,WDHL,LAX
1954,28215.0,PSD,LAX
1955,28215.0,HWD,LAX
1956,28221.0,DTLA,LAX
1957,28227.0,LGB,LAX
1958,28229.0,UVS,LAX
1959,28235.0,UVS,LAX
1960,28243.0,ANH,LAX
1961,28253.0,ANH,LAX
1962,28267.0,UVS,LAX
1963,28271.0,ANH,LAX
1964,28290.0,ANH,LAX
1965,28303.0,ANH,LAX
1966,28336.0,ANH,LAX
1967,28339.0,ANH,LAX
1968,28348.0,DTLA,LAX
1969,28366.0,DTLA,LAX
1970,28388.0,WDHL,LAX
1971,28390.0,DTLA,LAX
1972,28395.0,ANH,LAX
1973,28405.0,ANH,LAX
1974,28417.0,PSD,LAX
1975,28426.0,DTLA,LAX
1976,28428.0,DTLA,LAX
1977,28435.0,ANH,LAX
1978,28436.0,HWD,LAX
1979,28456.0,DTLA,LAX
1980,28481.0,DTLA,LAX
1981,28489.0,BVH,LAX
1982,28496.0,ANH,LAX
1983,28498.0,ANH,LAX
1984,28499.0,LGB,LAX
1985,28513.0,ANH,LAX
1986,28514.0,WDHL,LAX
1987,28518.0,HWD,LAX
1988,28531.0,DTLA,LAX
1989,28539.0,DTLA,LAX
1990,28547.0,LGB,LAX
1991,28569.0,DTLA,LAX
1992,28580.0,DTLA,LAX
1993,28581.0,DTLA,LAX
1994,28582.0,HWD,LAX
1995,28585.0,PSD,LAX
1996,28588.0,DTLA,LAX
1997,28609.0,HWD,LAX
1998,28623.0,LGB,LAX
1999,28627.0,ANH,LAX
2000,28630.0,UVS,LAX
2001,28630.0,BVH,LAX
2002,28640.0,ANH,LAX
2003,28642.0,BVH,LAX
2004,28653.0,ANH,LAX
2005,28654.0,ANH,LAX
2006,28668.0,DTLA,LAX
2007,28670.0,DTLA,LAX
2008,28674.0,LGB,LAX
2009,28675.0,HWD,LAX
2010,28678.0,DTLA,LAX
2011,28699.0,ANH,LAX
2012,28703.0,LGB,LAX
2013,28724.0,DTLA,LAX
2014,28731.0,HWD,LAX
2015,28734.0,DTLA,LAX
2016,28735.0,ANH,LAX
2017,28756.0,UVS,LAX
2018,28763.0,PSD,LAX
2019,28772.0,HWD,LAX
2020,28786.0,DTLA,LAX
2021,28791.0,HWD,LAX
2022,28794.0,BVH,LAX
2023,28802.0,ANH,LAX
2024,28812.0,LGB,LAX
2025,28812.0,PSD,LAX
2026,28816.0,DTLA,LAX
2027,28860.0,DTLA,LAX
2028,28861.0,HWD,LAX
2029,28864.0,ANH,LAX
2030,28871.0,DTLA,LAX
2031,28881.0,DTLA,LAX
2032,28881.0,HWD,LAX
2033,28891.0,ANH,LAX
2034,28898.0,ANH,LAX
2035,28903.0,PSD,LAX
2036,28906.0,WDHL,LAX
2037,28917.0,HWD,LAX
2038,28926.0,LGB,LAX
2039,28928.0,PSD,LAX
2040,28931.0,DTLA,LAX
2041,28941.0,PSD,LAX
2042,28943.0,HWD,LAX
2043,28950.0,ANH,LAX
2044,28954.0,LGB,LAX
2045,28962.0,ANH,LAX
2046,28973.0,UVS,LAX
2047,28983.0,LGB,LAX
2048,28987.0,DTLA,LAX
2049,28995.0,ANH,LAX
2050,29004.0,DTLA,LAX
2051,29011.0,DTLA,LAX
2052,29011.0,HWD,LAX
2053,29014.0,PSD,LAX
2054,29020.0,ANH,LAX
2055,29028.0,DTLA,LAX
2056,29053.0,DTLA,LAX
2057,29053.0,LGB,LAX
2058,29055.0,DTLA,LAX
2059,29057.0,DTLA,LAX
2060,29062.0,LGB,LAX
2061,29073.0,ANH,LAX
2062,29075.0,ANH,LAX
2063,29083.0,LGB,LAX
2064,29090.0,BVH,LAX
2065,29093.0,PSD,LAX
2066,29118.0,UVS,LAX
2067,29119.0,ANH,LAX
2068,29132.0,BVH,LAX
2069,29135.0,WDHL,LAX
2070,29137.0,HWD,LAX
2071,29138.0,HWD,LAX
2072,29145.0,ANH,LAX
2073,29150.0,HWD,LAX
2074,29169.0,WDHL,LAX
2075,29172.0,HWD,LAX
2076,29174.0,HWD,LAX
2077,29179.0,BVH,LAX
2078,29205.0,ANH,LAX
2079,29218.0,DTLA,LAX
2080,29218.0,UVS,LAX
2081,29225.0,HWD,LAX
2082,29232.0,WDHL,LAX
2083,29232.0,ANH,LAX
2084,29233.0,DTLA,LAX
2085,29235.0,DTLA,LAX
2086,29235.0,BVH,LAX
2087,29238.0,ANH,LAX
2088,29245.0,ANH,LAX
2089,29254.0,ANH,LAX
2090,29254.0,ANH,LAX
2091,29259.0,ANH,LAX
2092,29263.0,HWD,LAX
2093,29267.0,UVS,LAX
2094,29269.0,ANH,LAX
2095,29270.0,HWD,LAX
2096,29271.0,LGB,LAX
2097,29288.0,HWD,LAX
2098,29309.0,HWD,LAX
2099,29311.0,HWD,LAX
2100,29323.0,DTLA,LAX
2101,29331.0,UVS,LAX
2102,29331.0,BVH,LAX
2103,29333.0,WDHL,LAX
2104,29337.0,ANH,LAX
2105,29338.0,DTLA,LAX
2106,29339.0,DTLA,LAX
2107,29344.0,ANH,LAX
2108,29354.0,PSD,LAX
2109,29357.0,WDHL,LAX
2110,29374.0,PSD,LAX
2111,29388.0,LGB,LAX
2112,29392.0,ANH,LAX
2113,29400.0,ANH,LAX
2114,29418.0,HWD,LAX
2115,29421.0,ANH,LAX
2116,29427.0,LGB,LAX
2117,29449.0,HWD,LAX
2118,29450.0,LGB,LAX
2119,29457.0,PSD,LAX
2120,29464.0,PSD,LAX
2121,29481.0,DTLA,LAX
2122,29485.0,PSD,LAX
2123,29489.0,HWD,LAX
2124,29517.0,DTLA,LAX
2125,29531.0,ANH,LAX
2126,29548.0,DTLA,LAX
2127,29562.0,HWD,LAX
2128,29580.0,LGB,LAX
2129,29580.0,LGB,LAX
2130,29584.0,BVH,LAX
2131,29625.0,HWD,LAX
2132,29629.0,DTLA,LAX
2133,29633.0,ANH,LAX
2134,29653.0,BVH,LAX
2135,29654.0,UVS,LAX
2136,29655.0,BVH,LAX
2137,29659.0,ANH,LAX
2138,29679.0,DTLA,LAX
2139,29684.0,UVS,LAX
2140,29716.0,PSD,LAX
2141,29725.0,UVS,LAX
2142,29732.0,BVH,LAX
2143,29748.0,HWD,LAX
2144,29787.0,HWD,LAX
2145,29821.0,DTLA,LAX
2146,29824.0,HWD,LAX
2147,29830.0,DTLA,LAX
2148,29836.0,ANH,LAX
2149,29836.0,BVH,LAX
2150,29839.0,LGB,LAX
2151,29846.0,PSD,LAX
2152,29849.0,ANH,LAX
2153,29849.0,BVH,LAX
2154,29849.0,LGB,LAX
2155,29854.0,HWD,LAX
2156,29863.0,LGB,LAX
2157,29871.0,UVS,LAX
2158,29875.0,LGB,LAX
2159,29877.0,DTLA,LAX
2160,29888.0,PSD,LAX
2161,29897.0,UVS,LAX
2162,29898.0,ANH,LAX
2163,29898.0,ANH,LAX
2164,29899.0,BVH,LAX
2165,29917.0,LGB,LAX
2166,29922.0,DTLA,LAX
2167,29936.0,PSD,LAX
2168,29942.0,LGB,LAX
2169,29944.0,LGB,LAX
2170,29948.0,PSD,LAX
2171,29962.0,ANH,LAX
2172,29964.0,DTLA,LAX
2173,29996.0,PSD,LAX
2174,29997.0,DTLA,LAX
2175,29998.0,BVH,LAX
2176,30010.0,DTLA,LAX
2177,30011.0,ANH,LAX
2178,30015.0,DTLA,LAX
2179,30024.0,PSD,LAX
2180,30028.0,DTLA,LAX
2181,30046.0,ANH,LAX
2182,30047.0,LGB,LAX
2183,30061.0,DTLA,LAX
2184,30082.0,PSD,LAX
2185,30086.0,HWD,LAX
2186,30087.0,PSD,LAX
2187,30103.0,ANH,LAX
2188,30110.0,BVH,LAX
2189,30113.0,DTLA,LAX
2190,30118.0,DTLA,LAX
2191,30131.0,WDHL,LAX
2192,30132.0,ANH,LAX
2193,30134.0,PSD,LAX
2194,30142.0,ANH,LAX
2195,30156.0,LGB,LAX
2196,30164.0,PSD,LAX
2197,30166.0,HWD,LAX
2198,30168.0,BVH,LAX
2199,30174.0,ANH,LAX
2200,30190.0,HWD,LAX
2201,30192.0,UVS,LAX
2202,30208.0,BVH,LAX
2203,30222.0,PSD,LAX
2204,30233.0,DTLA,LAX
2205,30240.0,BVH,LAX
2206,30244.0,PSD,LAX
2207,30252.0,ANH,LAX
2208,30257.0,DTLA,LAX
2209,30257.0,LGB,LAX
2210,30270.0,ANH,LAX
2211,30271.0,HWD,LAX
2212,30294.0,ANH,LAX
2213,30300.0,LGB,LAX
2214,30305.0,HWD,LAX
2215,30309.0,WDHL,LAX
2216,30315.0,HWD,LAX
2217,30317.0,HWD,LAX
2218,30320.0,ANH,LAX
2219,30327.0,LGB,LAX
2220,30335.0,LGB,LAX
2221,30348.0,PSD,LAX
2222,30354.0,ANH,LAX
2223,30366.0,WDHL,LAX
2224,30377.0,HWD,LAX
2225,30387.0,ANH,LAX
2226,30389.0,BVH,LAX
2227,30393.0,PSD,LAX
2228,30397.0,BVH,LAX
2229,30417.0,UVS,LAX
2230,30419.0,UVS,LAX
2231,30421.0,LGB,LAX
2232,30427.0,LGB,LAX
2233,30445.0,HWD,LAX
2234,30447.0,UVS,LAX
2235,30451.0,DTLA,LAX
2236,30452.0,HWD,LAX
2237,30460.0,LGB,LAX
2238,30473.0,DTLA,LAX
2239,30476.0,UVS,LAX
2240,30476.0,DTLA,LAX
2241,30485.0,BVH,LAX
2242,30486.0,HWD,LAX
2243,30529.0,LGB,LAX
2244,30530.0,LGB,LAX
2245,30533.0,WDHL,LAX
2246,30535.0,WDHL,LAX
2247,30562.0,ANH,LAX
2248,30576.0,ANH,LAX
2249,30602.0,HWD,LAX
2250,30611.0,DTLA,LAX
2251,30615.0,BVH,LAX
2252,30630.0,DTLA,LAX
2253,30630.0,DTLA,LAX
2254,30647.0,HWD,LAX
2255,30651.0,HWD,LAX
2256,30667.0,ANH,LAX
2257,30669.0,DTLA,LAX
2258,30679.0,ANH,LAX
2259,30702.0,ANH,LAX
2260,30725.0,PSD,LAX
2261,30729.0,DTLA,LAX
2262,30730.0,LGB,LAX
2263,30734.0,ANH,LAX
2264,30739.0,LGB,LAX
2265,30761.0,LGB,LAX
2266,30765.0,LGB,LAX
2267,30775.0,DTLA,LAX
2268,30775.0,HWD,LAX
2269,30785.0,DTLA,LAX
2270,30786.0,DTLA,LAX
2271,30791.0,BVH,LAX
2272,30804.0,ANH,LAX
2273,30815.0,ANH,LAX
2274,30820.0,DTLA,LAX
2275,30822.0,HWD,LAX
2276,30825.0,ANH,LAX
2277,30832.0,UVS,LAX
2278,30841.0,DTLA,LAX
2279,30843.0,DTLA,LAX
2280,30853.0,UVS,LAX
2281,30857.0,DTLA,LAX
2282,30861.0,LGB,LAX
2283,30863.0,ANH,LAX
2284,30879.0,PSD,LAX
2285,30883.0,BVH,LAX
2286,30887.0,LGB,LAX
2287,30905.0,ANH,LAX
2288,30906.0,HWD,LAX
2289,30913.0,DTLA,LAX
2290,30914.0,HWD,LAX
2291,30924.0,ANH,LAX
2292,30930.0,DTLA,LAX
2293,30934.0,PSD,LAX
2294,30938.0,PSD,LAX
2295,30951.0,LGB,LAX
2296,30965.0,HWD,LAX
2297,30966.0,HWD,LAX
2298,30967.0,LGB,LAX
2299,30974.0,WDHL,LAX
2300,30982.0,ANH,LAX
2301,30993.0,BVH,LAX
2302,30994.0,LGB,LAX
2303,30997.0,WDHL,LAX
2304,31007.0,PSD,LAX
2305,31018.0,ANH,LAX
2306,31027.0,DTLA,LAX
2307,31055.0,BVH,LAX
2308,31071.0,LGB,LAX
2309,31086.0,ANH,LAX
2310,31087.0,ANH,LAX
2311,31105.0,BVH,LAX
2312,31106.0,PSD,LAX
2313,31135.0,DTLA,LAX
2314,31136.0,LGB,LAX
2315,31144.0,LGB,LAX
2316,31150.0,WDHL,LAX
2317,31153.0,UVS,LAX
2318,31157.0,HWD,LAX
2319,31163.0,DTLA,LAX
2320,31169.0,BVH,LAX
2321,31176.0,BVH,LAX
2322,31207.0,UVS,LAX
2323,31215.0,DTLA,LAX
2324,31217.0,HWD,LAX
2325,31217.0,DTLA,LAX
2326,31236.0,UVS,LAX
2327,31243.0,BVH,LAX
2328,31243.0,UVS,LAX
2329,31247.0,HWD,LAX
2330,31249.0,HWD,LAX
2331,31249.0,HWD,LAX
2332,31259.0,HWD,LAX
2333,31269.0,WDHL,LAX
2334,31281.0,WDHL,LAX
2335,31293.0,ANH,LAX
2336,31296.0,DTLA,LAX
2337,31299.0,WDHL,LAX
2338,31300.0,ANH,LAX
2339,31330.0,PSD,LAX
2340,31337.0,DTLA,LAX
2341,31342.0,HWD,LAX
2342,31346.0,DTLA,LAX
2343,31347.0,DTLA,LAX
2344,31366.0,WDHL,LAX
2345,31375.0,LGB,LAX
2346,31379.0,BVH,LAX
2347,31385.0,DTLA,LAX
2348,31399.0,HWD,LAX
2349,31413.0,ANH,LAX
2350,31414.0,UVS,LAX
2351,31420.0,DTLA,LAX
2352,31429.0,DTLA,LAX
2353,31430.0,UVS,LAX
2354,31446.0,PSD,LAX
2355,31448.0,HWD,LAX
2356,31456.0,LGB,LAX
2357,31459.0,DTLA,LAX
2358,31466.0,PSD,LAX
2359,31472.0,HWD,LAX
2360,31474.0,ANH,LAX
2361,31484.0,WDHL,LAX
2362,31493.0,UVS,LAX
2363,31500.0,LGB,LAX
2364,31502.0,DTLA,LAX
2365,31512.0,HWD,LAX
2366,31517.0,ANH,LAX
2367,31517.0,ANH,LAX
2368,31518.0,BVH,LAX
2369,31525.0,WDHL,LAX
2370,31533.0,DTLA,LAX
2371,31536.0,HWD,LAX
2372,31542.0,PSD,LAX
2373,31553.0,ANH,LAX
2374,31560.0,ANH,LAX
2375,31562.0,HWD,LAX
2376,31567.0,BVH,LAX
2377,31573.0,LGB,LAX
2378,31578.0,BVH,LAX
2379,31580.0,UVS,LAX
2380,31584.0,ANH,LAX
2381,31590.0,ANH,LAX
2382,31596.0,PSD,LAX
2383,31606.0,HWD,LAX
2384,31618.0,ANH,LAX
2385,31622.0,HWD,LAX
2386,31627.0,UVS,LAX
2387,31630.0,DTLA,LAX
2388,31644.0,HWD,LAX
2389,31648.0,PSD,LAX
2390,31655.0,ANH,LAX
2391,31659.0,UVS,LAX
2392,31673.0,HWD,LAX
2393,31674.0,ANH,LAX
2394,31681.0,DTLA,LAX
2395,31687.0,ANH,LAX
2396,31689.0,PSD,LAX
2397,31711.0,DTLA,LAX
2398,31715.0,HWD,LAX
2399,31739.0,HWD,LAX
2400,31744.0,ANH,LAX
2401,31745.0,ANH,LAX
2402,31754.0,HWD,LAX
2403,31762.0,LGB,LAX
2404,31765.0,BVH,LAX
2405,31766.0,WDHL,LAX
2406,31779.0,ANH,LAX
2407,31803.0,DTLA,LAX
2408,31804.0,UVS,LAX
2409,31804.0,BVH,LAX
2410,31805.0,HWD,LAX
2411,31814.0,BVH,LAX
2412,31816.0,DTLA,LAX
2413,31816.0,UVS,LAX
2414,31829.0,HWD,LAX
2415,31831.0,DTLA,LAX
2416,31841.0,DTLA,LAX
2417,31857.0,ANH,LAX
2418,31863.0,BVH,LAX
2419,31863.0,PSD,LAX
2420,31867.0,DTLA,LAX
2421,31868.0,DTLA,LAX
2422,31869.0,BVH,LAX
2423,31871.0,BVH,LAX
2424,31893.0,HWD,LAX
2425,31903.0,ANH,LAX
2426,31906.0,UVS,LAX
2427,31916.0,BVH,LAX
2428,31918.0,DTLA,LAX
2429,31926.0,HWD,LAX
2430,31927.0,DTLA,LAX
2431,31932.0,LGB,LAX
2432,31937.0,DTLA,LAX
2433,31941.0,WDHL,LAX
2434,31941.0,HWD,LAX
2435,31946.0,BVH,LAX
2436,31956.0,LGB,LAX
2437,31964.0,ANH,LAX
2438,31969.0,DTLA,LAX
2439,31975.0,ANH,LAX
2440,31982.0,ANH,LAX
2441,31989.0,HWD,LAX
2442,31999.0,HWD,LAX
2443,32017.0,ANH,LAX
2444,32018.0,HWD,LAX
2445,32018.0,UVS,LAX
2446,32020.0,LGB,LAX
2447,32021.0,ANH,LAX
2448,32026.0,WDHL,LAX
2449,32033.0,ANH,LAX
2450,32035.0,LGB,LAX
2451,32036.0,UVS,LAX
2452,32049.0,LGB,LAX
2453,32056.0,DTLA,LAX
2454,32061.0,ANH,LAX
2455,32064.0,LGB,LAX
2456,32069.0,ANH,LAX
2457,32081.0,ANH,LAX
2458,32092.0,PSD,LAX
2459,32106.0,LGB,LAX
2460,32109.0,ANH,LAX
2461,32127.0,BVH,LAX
2462,32135.0,WDHL,LAX
2463,32143.0,WDHL,LAX
2464,32143.0,ANH,LAX
2465,32151.0,DTLA,LAX
2466,32158.0,DTLA,LAX
2467,32162.0,WDHL,LAX
2468,32164.0,DTLA,LAX
2469,32167.0,PSD,LAX
2470,32173.0,ANH,LAX
2471,32177.0,DTLA,LAX
2472,32179.0,LGB,LAX
2473,32179.0,ANH,LAX
2474,32184.0,HWD,LAX
2475,32187.0,DTLA,LAX
2476,32190.0,PSD,LAX
2477,32194.0,HWD,LAX
2478,32199.0,DTLA,LAX
2479,32220.0,HWD,LAX
2480,32221.0,DTLA,LAX
2481,32242.0,DTLA,LAX
2482,32242.0,LGB,LAX
2483,32244.0,PSD,LAX
2484,32244.0,ANH,LAX
2485,32258.0,LGB,LAX
2486,32261.0,DTLA,LAX
2487,32288.0,PSD,LAX
2488,32306.0,BVH,LAX
2489,32311.0,HWD,LAX
2490,32312.0,HWD,LAX
2491,32315.0,DTLA,LAX
2492,32323.0,ANH,LAX
2493,32327.0,DTLA,LAX
2494,32328.0,HWD,LAX
2495,32339.0,HWD,LAX
2496,32346.0,DTLA,LAX
2497,32349.0,WDHL,LAX
2498,32352.0,ANH,LAX
2499,32362.0,ANH,LAX
2500,32366.0,PSD,LAX
2501,32370.0,LGB,LAX
2502,32377.0,DTLA,LAX
2503,32380.0,PSD,LAX
2504,32380.0,ANH,LAX
2505,32382.0,ANH,LAX
2506,32389.0,ANH,LAX
2507,32396.0,DTLA,LAX
2508,32405.0,DTLA,LAX
2509,32407.0,ANH,LAX
2510,32447.0,PSD,LAX
2511,32463.0,ANH,LAX
2512,32467.0,DTLA,LAX
2513,32472.0,ANH,LAX
2514,32496.0,HWD,LAX
2515,32505.0,ANH,LAX
2516,32512.0,DTLA,LAX
2517,32513.0,HWD,LAX
2518,32518.0,PSD,LAX
2519,32520.0,ANH,LAX
2520,32521.0,UVS,LAX
2521,32532.0,LGB,LAX
2522,32538.0,ANH,LAX
2523,32548.0,BVH,LAX
2524,32558.0,DTLA,LAX
2525,32561.0,PSD,LAX
2526,32573.0,LGB,LAX
2527,32575.0,PSD,LAX
2528,32576.0,WDHL,LAX
2529,32591.0,ANH,LAX
2530,32597.0,ANH,LAX
2531,32599.0,ANH,LAX
2532,32600.0,DTLA,LAX
2533,32603.0,ANH,LAX
2534,32603.0,BVH,LAX
2535,32610.0,ANH,LAX
2536,32618.0,DTLA,LAX
2537,32619.0,PSD,LAX
2538,32621.0,LGB,LAX
2539,32623.0,DTLA,LAX
2540,32625.0,HWD,LAX
2541,32638.0,BVH,LAX
2542,32639.0,DTLA,LAX
2543,32640.0,LGB,LAX
2544,32641.0,WDHL,LAX
2545,32650.0,PSD,LAX
2546,32655.0,ANH,LAX
2547,32656.0,DTLA,LAX
2548,32658.0,ANH,LAX
2549,32662.0,HWD,LAX
2550,32662.0,PSD,LAX
2551,32673.0,LGB,LAX
2552,32677.0,DTLA,LAX
2553,32678.0,HWD,LAX
2554,32689.0,DTLA,LAX
2555,32692.0,BVH,LAX
2556,32695.0,ANH,LAX
2557,32697.0,UVS,LAX
2558,32698.0,HWD,LAX
2559,32708.0,LGB,LAX
2560,32718.0,LGB,LAX
2561,32724.0,LGB,LAX
2562,32741.0,LGB,LAX
2563,32751.0,ANH,LAX
2564,32756.0,HWD,LAX
2565,32776.0,ANH,LAX
2566,32786.0,DTLA,LAX
2567,32793.0,ANH,LAX
2568,32794.0,ANH,LAX
2569,32796.0,HWD,LAX
2570,32799.0,PSD,LAX
2571,32819.0,WDHL,LAX
2572,32821.0,HWD,LAX
2573,32828.0,ANH,LAX
2574,32830.0,WDHL,LAX
2575,32843.0,BVH,LAX
2576,32847.0,LGB,LAX
2577,32849.0,ANH,LAX
2578,32854.0,ANH,LAX
2579,32860.0,DTLA,LAX
2580,32882.0,DTLA,LAX
2581,32885.0,HWD,LAX
2582,32889.0,PSD,LAX
2583,32900.0,LGB,LAX
2584,32916.0,ANH,LAX
2585,32922.0,ANH,LAX
2586,32927.0,PSD,LAX
2587,32931.0,PSD,LAX
2588,32942.0,ANH,LAX
2589,32949.0,LGB,LAX
2590,32949.0,BVH,LAX
2591,32952.0,ANH,LAX
2592,32955.0,BVH,LAX
2593,32955.0,DTLA,LAX
2594,32967.0,ANH,LAX
2595,32997.0,PSD,LAX
2596,32997.0,DTLA,LAX
2597,33001.0,UVS,LAX
2598,33003.0,DTLA,LAX
2599,33019.0,ANH,LAX
2600,33024.0,PSD,LAX
2601,33042.0,DTLA,LAX
2602,33060.0,PSD,LAX
2603,33061.0,ANH,LAX
2604,33073.0,DTLA,LAX
2605,33073.0,WDHL,LAX
2606,33080.0,ANH,LAX
2607,33093.0,DTLA,LAX
2608,33096.0,DTLA,LAX
2609,33106.0,DTLA,LAX
2610,33113.0,DTLA,LAX
2611,33115.0,HWD,LAX
2612,33122.0,PSD,LAX
2613,33123.0,HWD,LAX
2614,33126.0,BVH,LAX
2615,33129.0,PSD,LAX
2616,33141.0,PSD,LAX
2617,33156.0,ANH,LAX
2618,33159.0,ANH,LAX
2619,33197.0,ANH,LAX
2620,33200.0,ANH,LAX
2621,33200.0,DTLA,LAX
2622,33200.0,HWD,LAX
2623,33201.0,DTLA,LAX
2624,33208.0,LGB,LAX
2625,33215.0,LGB,LAX
2626,33230.0,PSD,LAX
2627,33238.0,LGB,LAX
2628,33239.0,PSD,LAX
2629,33242.0,LGB,LAX
2630,33248.0,WDHL,LAX
2631,33262.0,HWD,LAX
2632,33273.0,HWD,LAX
2633,33279.0,DTLA,LAX
2634,33282.0,DTLA,LAX
2635,33284.0,BVH,LAX
2636,33293.0,HWD,LAX
2637,33300.0,BVH,LAX
2638,33304.0,DTLA,LAX
2639,33307.0,ANH,LAX
2640,33308.0,LGB,LAX
2641,33308.0,HWD,LAX
2642,33315.0,ANH,LAX
2643,33317.0,PSD,LAX
2644,33317.0,HWD,LAX
2645,33320.0,DTLA,LAX
2646,33320.0,BVH,LAX
2647,33337.0,ANH,LAX
2648,33339.0,HWD,LAX
2649,33343.0,DTLA,LAX
2650,33348.0,HWD,LAX
2651,33350.0,BVH,LAX
2652,33353.0,DTLA,LAX
2653,33354.0,HWD,LAX
2654,33367.0,LGB,LAX
2655,33379.0,ANH,LAX
2656,33380.0,UVS,LAX
2657,33384.0,LGB,LAX
2658,33388.0,ANH,LAX
2659,33411.0,ANH,LAX
2660,33414.0,HWD,LAX
2661,33431.0,HWD,LAX
2662,33433.0,PSD,LAX
2663,33456.0,ANH,LAX
2664,33459.0,HWD,LAX
2665,33465.0,ANH,LAX
2666,33468.0,DTLA,LAX
2667,33478.0,UVS,LAX
2668,33504.0,DTLA,LAX
2669,33506.0,HWD,LAX
2670,33506.0,ANH,LAX
2671,33545.0,ANH,LAX
2672,33549.0,PSD,LAX
2673,33558.0,ANH,LAX
2674,33567.0,ANH,LAX
2675,33572.0,BVH,LAX
2676,33588.0,ANH,LAX
2677,33592.0,BVH,LAX
2678,33611.0,LGB,LAX
2679,33616.0,ANH,LAX
2680,33644.0,HWD,LAX
2681,33646.0,LGB,LAX
2682,33658.0,LGB,LAX
2683,33662.0,ANH,LAX
2684,33677.0,HWD,LAX
2685,33681.0,LGB,LAX
2686,33690.0,UVS,LAX
2687,33692.0,LGB,LAX
2688,33701.0,DTLA,LAX
2689,33713.0,LGB,LAX
2690,33719.0,DTLA,LAX
2691,33723.0,PSD,LAX
2692,33728.0,ANH,LAX
2693,33736.0,LGB,LAX
2694,33747.0,ANH,LAX
2695,33767.0,BVH,LAX
2696,33771.0,LGB,LAX
2697,33776.0,DTLA,LAX
2698,33783.0,UVS,LAX
2699,33786.0,LGB,LAX
2700,33787.0,HWD,LAX
2701,33788.0,PSD,LAX
2702,33803.0,DTLA,LAX
2703,33810.0,ANH,LAX
2704,33816.0,DTLA,LAX
2705,33817.0,WDHL,LAX
2706,33820.0,LGB,LAX
2707,33823.0,LGB,LAX
2708,33835.0,UVS,LAX
2709,33835.0,LGB,LAX
2710,33855.0,ANH,LAX
2711,33858.0,DTLA,LAX
2712,33865.0,DTLA,LAX
2713,33870.0,LGB,LAX
2714,33870.0,DTLA,LAX
2715,33882.0,ANH,LAX
2716,33884.0,PSD,LAX
2717,33885.0,BVH,LAX
2718,33887.0,UVS,LAX
2719,33888.0,ANH,LAX
2720,33894.0,WDHL,LAX
2721,33897.0,BVH,LAX
2722,33900.0,DTLA,LAX
2723,33902.0,ANH,LAX
2724,33907.0,DTLA,LAX
2725,33914.0,WDHL,LAX
2726,33916.0,HWD,LAX
2727,33920.0,DTLA,LAX
2728,33925.0,WDHL,LAX
2729,33933.0,ANH,LAX
2730,33942.0,ANH,LAX
2731,33945.0,ANH,LAX
2732,33946.0,HWD,LAX
2733,33962.0,ANH,LAX
2734,33966.0,BVH,LAX
2735,33990.0,UVS,LAX
2736,33990.0,HWD,LAX
2737,33993.0,ANH,LAX
2738,33996.0,BVH,LAX
2739,34000.0,LGB,LAX
2740,34001.0,DTLA,LAX
2741,34009.0,DTLA,LAX
2742,34013.0,HWD,LAX
2743,34018.0,DTLA,LAX
2744,34020.0,ANH,LAX
2745,34028.0,PSD,LAX
2746,34037.0,DTLA,LAX
2747,34055.0,HWD,LAX
2748,34063.0,LGB,LAX
2749,34064.0,ANH,LAX
2750,34069.0,DTLA,LAX
2751,34079.0,LGB,LAX
2752,34084.0,DTLA,LAX
2753,34091.0,ANH,LAX
2754,34100.0,ANH,LAX
2755,34100.0,ANH,LAX
2756,34113.0,UVS,LAX
2757,34123.0,DTLA,LAX
2758,34123.0,HWD,LAX
2759,34125.0,HWD,LAX
2760,34135.0,ANH,LAX
2761,34141.0,DTLA,LAX
2762,34147.0,LGB,LAX
2763,34151.0,DTLA,LAX
2764,34166.0,HWD,LAX
2765,34166.0,DTLA,LAX
2766,34167.0,DTLA,LAX
2767,34167.0,BVH,LAX
2768,34168.0,DTLA,LAX
2769,34169.0,LGB,LAX
2770,34171.0,WDHL,LAX
2771,34174.0,ANH,LAX
2772,34174.0,ANH,LAX
2773,34204.0,ANH,LAX
2774,34208.0,WDHL,LAX
2775,34208.0,HWD,LAX
2776,34210.0,HWD,LAX
2777,34234.0,UVS,LAX
2778,34237.0,BVH,LAX
2779,34239.0,ANH,LAX
2780,34257.0,HWD,LAX
2781,34260.0,ANH,LAX
2782,34261.0,DTLA,LAX
2783,34263.0,HWD,LAX
2784,34271.0,WDHL,LAX
2785,34274.0,HWD,LAX
2786,34279.0,DTLA,LAX
2787,34291.0,BVH,LAX
2788,34294.0,BVH,LAX
2789,34295.0,ANH,LAX
2790,34300.0,ANH,LAX
2791,34301.0,PSD,LAX
2792,34302.0,WDHL,LAX
2793,34307.0,HWD,LAX
2794,34307.0,UVS,LAX
2795,34309.0,DTLA,LAX
2796,34312.0,HWD,LAX
2797,34317.0,HWD,LAX
2798,34325.0,DTLA,LAX
2799,34341.0,ANH,LAX
2800,34343.0,HWD,LAX
2801,34349.0,ANH,LAX
2802,34354.0,DTLA,LAX
2803,34356.0,ANH,LAX
2804,34359.0,ANH,LAX
2805,34360.0,LGB,LAX
2806,34361.0,UVS,LAX
2807,34365.0,ANH,LAX
2808,34366.0,WDHL,LAX
2809,34367.0,DTLA,LAX
2810,34368.0,DTLA,LAX
2811,34379.0,HWD,LAX
2812,34395.0,ANH,LAX
2813,34405.0,PSD,LAX
2814,34418.0,BVH,LAX
2815,34420.0,BVH,LAX
2816,34448.0,BVH,LAX
2817,34460.0,WDHL,LAX
2818,34471.0,DTLA,LAX
2819,34473.0,WDHL,LAX
2820,34489.0,DTLA,LAX
2821,34491.0,LGB,LAX
2822,34492.0,WDHL,LAX
2823,34504.0,DTLA,LAX
2824,34505.0,DTLA,LAX
2825,34517.0,LGB,LAX
2826,34544.0,LGB,LAX
2827,34557.0,HWD,LAX
2828,34559.0,LGB,LAX
2829,34562.0,WDHL,LAX
2830,34571.0,HWD,LAX
2831,34573.0,LGB,LAX
2832,34585.0,LGB,LAX
2833,34595.0,LGB,LAX
2834,34601.0,ANH,LAX
2835,34617.0,DTLA,LAX
2836,34627.0,DTLA,LAX
2837,34627.0,HWD,LAX
2838,34629.0,ANH,LAX
2839,34636.0,DTLA,LAX
2840,34642.0,DTLA,LAX
2841,34645.0,DTLA,LAX
2842,34653.0,UVS,LAX
2843,34655.0,BVH,LAX
2844,34659.0,PSD,LAX
2845,34661.0,ANH,LAX
2846,34664.0,ANH,LAX
2847,34665.0,ANH,LAX
2848,34670.0,ANH,LAX
2849,34675.0,DTLA,LAX
2850,34682.0,HWD,LAX
2851,34688.0,LGB,LAX
2852,34689.0,HWD,LAX
2853,34693.0,DTLA,LAX
2854,34694.0,PSD,LAX
2855,34698.0,PSD,LAX
2856,34700.0,UVS,LAX
2857,34701.0,WDHL,LAX
2858,34708.0,HWD,LAX
2859,34716.0,DTLA,LAX
2860,34718.0,BVH,LAX
2861,34719.0,DTLA,LAX
2862,34720.0,PSD,LAX
2863,34722.0,DTLA,LAX
2864,34727.0,HWD,LAX
2865,34730.0,UVS,LAX
2866,34735.0,WDHL,LAX
2867,34737.0,LGB,LAX
2868,34738.0,DTLA,LAX
2869,34752.0,HWD,LAX
2870,34766.0,PSD,LAX
2871,34767.0,DTLA,LAX
2872,34770.0,WDHL,LAX
2873,34774.0,BVH,LAX
2874,34775.0,UVS,LAX
2875,34778.0,ANH,LAX
2876,34784.0,HWD,LAX
2877,34786.0,DTLA,LAX
2878,34789.0,DTLA,LAX
2879,34812.0,HWD,LAX
2880,34813.0,DTLA,LAX
2881,34817.0,ANH,LAX
2882,34818.0,ANH,LAX
2883,34820.0,DTLA,LAX
2884,34821.0,LGB,LAX
2885,34825.0,LGB,LAX
2886,34826.0,HWD,LAX
2887,34831.0,BVH,LAX
2888,34832.0,ANH,LAX
2889,34833.0,LGB,LAX
2890,34833.0,UVS,LAX
2891,34840.0,UVS,LAX
2892,34849.0,PSD,LAX
2893,34860.0,WDHL,LAX
2894,34860.0,DTLA,LAX
2895,34865.0,DTLA,LAX
2896,34866.0,DTLA,LAX
2897,34868.0,LGB,LAX
2898,34873.0,UVS,LAX
2899,34874.0,ANH,LAX
2900,34874.0,PSD,LAX
2901,34884.0,PSD,LAX
2902,34894.0,HWD,LAX
2903,34896.0,HWD,LAX
2904,34928.0,ANH,LAX
2905,34929.0,ANH,LAX
2906,34930.0,DTLA,LAX
2907,34931.0,DTLA,LAX
2908,34932.0,LGB,LAX
2909,34935.0,BVH,LAX
2910,34937.0,ANH,LAX
2911,34941.0,DTLA,LAX
2912,34946.0,HWD,LAX
2913,34951.0,UVS,LAX
2914,34969.0,DTLA,LAX
2915,34971.0,ANH,LAX
2916,34972.0,LGB,LAX
2917,34973.0,LGB,LAX
2918,34981.0,DTLA,LAX
2919,34987.0,LGB,LAX
2920,34994.0,DTLA,LAX
2921,34994.0,LGB,LAX
2922,34996.0,WDHL,LAX
2923,35001.0,LGB,LAX
2924,35003.0,DTLA,LAX
2925,35014.0,HWD,LAX
2926,35034.0,PSD,LAX
2927,35045.0,LGB,LAX
2928,35046.0,LGB,LAX
2929,35052.0,DTLA,LAX
2930,35060.0,DTLA,LAX
2931,35071.0,HWD,LAX
2932,35073.0,BVH,LAX
2933,35077.0,ANH,LAX
2934,35092.0,HWD,LAX
2935,35100.0,HWD,LAX
2936,35114.0,DTLA,LAX
2937,35131.0,HWD,LAX
2938,35146.0,HWD,LAX
2939,35149.0,UVS,LAX
2940,35157.0,WDHL,LAX
2941,35189.0,ANH,LAX
2942,35200.0,PSD,LAX
2943,35201.0,UVS,LAX
2944,35205.0,PSD,LAX
2945,35215.0,HWD,LAX
2946,35222.0,HWD,LAX
2947,35230.0,DTLA,LAX
2948,35233.0,ANH,LAX
2949,35243.0,DTLA,LAX
2950,35261.0,UVS,LAX
2951,35275.0,DTLA,LAX
2952,35276.0,ANH,LAX
2953,35277.0,BVH,LAX
2954,35277.0,ANH,LAX
2955,35280.0,DTLA,LAX
2956,35281.0,LGB,LAX
2957,35287.0,HWD,LAX
2958,35292.0,HWD,LAX
2959,35295.0,DTLA,LAX
2960,35304.0,DTLA,LAX
2961,35306.0,HWD,LAX
2962,35316.0,DTLA,LAX
2963,35321.0,DTLA,LAX
2964,35327.0,ANH,LAX
2965,35339.0,BVH,LAX
2966,35346.0,UVS,LAX
2967,35351.0,PSD,LAX
2968,35353.0,DTLA,LAX
2969,35354.0,ANH,LAX
2970,35365.0,ANH,LAX
2971,35366.0,WDHL,LAX
2972,35369.0,LGB,LAX
2973,35382.0,WDHL,LAX
2974,35384.0,HWD,LAX
2975,35385.0,BVH,LAX
2976,35386.0,LGB,LAX
2977,35386.0,DTLA,LAX
2978,35389.0,PSD,LAX
2979,35390.0,ANH,LAX
2980,35397.0,HWD,LAX
2981,35409.0,DTLA,LAX
2982,35411.0,HWD,LAX
2983,35427.0,HWD,LAX
2984,35428.0,PSD,LAX
2985,35458.0,WDHL,LAX
2986,35462.0,LGB,LAX
2987,35462.0,ANH,LAX
2988,35476.0,HWD,LAX
2989,35496.0,UVS,LAX
2990,35499.0,WDHL,LAX
2991,35500.0,DTLA,LAX
2992,35502.0,HWD,LAX
2993,35503.0,HWD,LAX
2994,35517.0,ANH,LAX
2995,35523.0,HWD,LAX
2996,35526.0,BVH,LAX
2997,35544.0,ANH,LAX
2998,35546.0,LGB,LAX
2999,35548.0,HWD,LAX
3000,35548.0,DTLA,LAX
3001,35572.0,DTLA,LAX
3002,35576.0,ANH,LAX
3003,35581.0,PSD,LAX
3004,35585.0,ANH,LAX
3005,35588.0,LGB,LAX
3006,35594.0,ANH,LAX
3007,35599.0,ANH,LAX
3008,35601.0,WDHL,LAX
3009,35612.0,ANH,LAX
3010,35619.0,LGB,LAX
3011,35623.0,BVH,LAX
3012,35625.0,HWD,LAX
3013,35630.0,WDHL,LAX
3014,35631.0,ANH,LAX
3015,35656.0,PSD,LAX
3016,35679.0,PSD,LAX
3017,35679.0,HWD,LAX
3018,35681.0,WDHL,LAX
3019,35682.0,HWD,LAX
3020,35690.0,DTLA,LAX
3021,35694.0,ANH,LAX
3022,35696.0,DTLA,LAX
3023,35699.0,DTLA,LAX
3024,35709.0,LGB,LAX
3025,35741.0,PSD,LAX
3026,35742.0,HWD,LAX
3027,35744.0,LGB,LAX
3028,35748.0,UVS,LAX
3029,35753.0,DTLA,LAX
3030,35755.0,UVS,LAX
3031,35766.0,DTLA,LAX
3032,35766.0,WDHL,LAX
3033,35773.0,DTLA,LAX
3034,35778.0,WDHL,LAX
3035,35793.0,UVS,LAX
3036,35802.0,PSD,LAX
3037,35807.0,ANH,LAX
3038,35816.0,DTLA,LAX
3039,35823.0,ANH,LAX
3040,35831.0,PSD,LAX
3041,35832.0,LGB,LAX
3042,35840.0,ANH,LAX
3043,35842.0,LGB,LAX
3044,35844.0,LGB,LAX
3045,35849.0,DTLA,LAX
3046,35849.0,WDHL,LAX
3047,35856.0,PSD,LAX
3048,35856.0,HWD,LAX
3049,35857.0,BVH,LAX
3050,35860.0,HWD,LAX
3051,35861.0,ANH,LAX
3052,35876.0,PSD,LAX
3053,35885.0,PSD,LAX
3054,35889.0,BVH,LAX
3055,35891.0,UVS,LAX
3056,35894.0,ANH,LAX
3057,35900.0,HWD,LAX
3058,35906.0,HWD,LAX
3059,35908.0,BVH,LAX
3060,35925.0,BVH,LAX
3061,35939.0,LGB,LAX
3062,35942.0,HWD,LAX
3063,35942.0,DTLA,LAX
3064,35943.0,HWD,LAX
3065,35943.0,ANH,LAX
3066,35949.0,UVS,LAX
3067,35963.0,UVS,LAX
3068,35970.0,WDHL,LAX
3069,35982.0,HWD,LAX
3070,35985.0,PSD,LAX
3071,35994.0,WDHL,LAX
3072,35996.0,DTLA,LAX
3073,35997.0,DTLA,LAX
3074,36001.0,HWD,LAX
3075,36001.0,LGB,LAX
3076,36011.0,PSD,LAX
3077,36011.0,ANH,LAX
3078,36019.0,ANH,LAX
3079,36022.0,UVS,LAX
3080,36023.0,LGB,LAX
3081,36023.0,LGB,LAX
3082,36025.0,WDHL,LAX
3083,36030.0,HWD,LAX
3084,36036.0,DTLA,LAX
3085,36056.0,LGB,LAX
3086,36056.0,HWD,LAX
3087,36062.0,ANH,LAX
3088,36089.0,HWD,LAX
3089,36093.0,ANH,LAX
3090,36095.0,BVH,LAX
3091,36101.0,HWD,LAX
3092,36114.0,ANH,LAX
3093,36122.0,PSD,LAX
3094,36124.0,DTLA,LAX
3095,36132.0,LGB,LAX
3096,36145.0,LGB,LAX
3097,36153.0,DTLA,LAX
3098,36160.0,DTLA,LAX
3099,36160.0,LGB,LAX
3100,36166.0,DTLA,LAX
3101,36172.0,PSD,LAX
3102,36182.0,HWD,LAX
3103,36184.0,LGB,LAX
3104,36184.0,PSD,LAX
3105,36185.0,WDHL,LAX
3106,36187.0,HWD,LAX
3107,36194.0,ANH,LAX
3108,36197.0,LGB,LAX
3109,36198.0,UVS,LAX
3110,36206.0,DTLA,LAX
3111,36223.0,DTLA,LAX
3112,36223.0,HWD,LAX
3113,36223.0,HWD,LAX
3114,36224.0,BVH,LAX
3115,36233.0,BVH,LAX
3116,36235.0,BVH,LAX
3117,36238.0,PSD,LAX
3118,36256.0,PSD,LAX
3119,36258.0,DTLA,LAX
3120,36276.0,HWD,LAX
3121,36280.0,HWD,LAX
3122,36280.0,DTLA,LAX
3123,36290.0,PSD,LAX
3124,36309.0,HWD,LAX
3125,36309.0,HWD,LAX
3126,36310.0,LGB,LAX
3127,36313.0,PSD,LAX
3128,36319.0,DTLA,LAX
3129,36340.0,LGB,LAX
3130,36355.0,ANH,LAX
3131,36359.0,HWD,LAX
3132,36383.0,DTLA,LAX
3133,36389.0,LGB,LAX
3134,36399.0,HWD,LAX
3135,36401.0,PSD,LAX
3136,36407.0,ANH,LAX
3137,36409.0,WDHL,LAX
3138,36410.0,PSD,LAX
3139,36410.0,DTLA,LAX
3140,36410.0,ANH,LAX
3141,36416.0,DTLA,LAX
3142,36418.0,ANH,LAX
3143,36429.0,PSD,LAX
3144,36437.0,HWD,LAX
3145,36455.0,BVH,LAX
3146,36461.0,DTLA,LAX
3147,36462.0,BVH,LAX
3148,36472.0,ANH,LAX
3149,36473.0,DTLA,LAX
3150,36484.0,HWD,LAX
3151,36485.0,LGB,LAX
3152,36487.0,HWD,LAX
3153,36493.0,HWD,LAX
3154,36496.0,UVS,LAX
3155,36498.0,DTLA,LAX
3156,36501.0,DTLA,LAX
3157,36508.0,PSD,LAX
3158,36516.0,DTLA,LAX
3159,36517.0,DTLA,LAX
3160,36522.0,UVS,LAX
3161,36529.0,LGB,LAX
3162,36533.0,LGB,LAX
3163,36536.0,LGB,LAX
3164,36538.0,ANH,LAX
3165,36546.0,LGB,LAX
3166,36546.0,ANH,LAX
3167,36551.0,HWD,LAX
3168,36551.0,ANH,LAX
3169,36553.0,LGB,LAX
3170,36555.0,BVH,LAX
3171,36555.0,PSD,LAX
3172,36557.0,ANH,LAX
3173,36557.0,HWD,LAX
3174,36558.0,WDHL,LAX
3175,36561.0,PSD,LAX
3176,36562.0,ANH,LAX
3177,36571.0,LGB,LAX
3178,36585.0,PSD,LAX
3179,36586.0,ANH,LAX
3180,36593.0,BVH,LAX
3181,36607.0,BVH,LAX
3182,36627.0,LGB,LAX
3183,36638.0,DTLA,LAX
3184,36645.0,HWD,LAX
3185,36645.0,DTLA,LAX
3186,36646.0,DTLA,LAX
3187,36654.0,LGB,LAX
3188,36654.0,DTLA,LAX
3189,36658.0,DTLA,LAX
3190,36658.0,ANH,LAX
3191,36706.0,HWD,LAX
3192,36722.0,ANH,LAX
3193,36729.0,WDHL,LAX
3194,36731.0,DTLA,LAX
3195,36733.0,ANH,LAX
3196,36740.0,BVH,LAX
3197,36743.0,ANH,LAX
3198,36750.0,PSD,LAX
3199,36750.0,UVS,LAX
3200,36753.0,WDHL,LAX
3201,36760.0,LGB,LAX
3202,36775.0,ANH,LAX
3203,36782.0,DTLA,LAX
3204,36824.0,ANH,LAX
3205,36825.0,HWD,LAX
3206,36836.0,UVS,LAX
3207,36839.0,DTLA,LAX
3208,36845.0,BVH,LAX
3209,36849.0,WDHL,LAX
3210,36850.0,BVH,LAX
3211,36853.0,DTLA,LAX
3212,36867.0,HWD,LAX
3213,36874.0,WDHL,LAX
3214,36876.0,LGB,LAX
3215,36878.0,HWD,LAX
3216,36879.0,ANH,LAX
3217,36880.0,ANH,LAX
3218,36889.0,ANH,LAX
3219,36892.0,ANH,LAX
3220,36893.0,ANH,LAX
3221,36902.0,DTLA,LAX
3222,36904.0,ANH,LAX
3223,36915.0,BVH,LAX
3224,36917.0,LGB,LAX
3225,36920.0,WDHL,LAX
3226,36939.0,DTLA,LAX
3227,36941.0,LGB,LAX
3228,36942.0,ANH,LAX
3229,36944.0,DTLA,LAX
3230,36956.0,LGB,LAX
3231,36957.0,LGB,LAX
3232,36968.0,HWD,LAX
3233,36971.0,DTLA,LAX
3234,36972.0,ANH,LAX
3235,36976.0,LGB,LAX
3236,36977.0,ANH,LAX
3237,36980.0,BVH,LAX
3238,36982.0,ANH,LAX
3239,36993.0,LGB,LAX
3240,36995.0,DTLA,LAX
3241,37001.0,LGB,LAX
3242,37004.0,DTLA,LAX
3243,37018.0,PSD,LAX
3244,37019.0,DTLA,LAX
3245,37024.0,ANH,LAX
3246,37024.0,UVS,LAX
3247,37029.0,HWD,LAX
3248,37032.0,ANH,LAX
3249,37055.0,HWD,LAX
3250,37058.0,HWD,LAX
3251,37058.0,ANH,LAX
3252,37060.0,HWD,LAX
3253,37060.0,HWD,LAX
3254,37069.0,LGB,LAX
3255,37081.0,DTLA,LAX
3256,37081.0,LGB,LAX
3257,37082.0,HWD,LAX
3258,37103.0,DTLA,LAX
3259,37111.0,ANH,LAX
3260,37119.0,HWD,LAX
3261,37120.0,ANH,LAX
3262,37124.0,HWD,LAX
3263,37140.0,BVH,LAX
3264,37143.0,UVS,LAX
3265,37149.0,PSD,LAX
3266,37150.0,LGB,LAX
3267,37183.0,ANH,LAX
3268,37184.0,HWD,LAX
3269,37189.0,UVS,LAX
3270,37208.0,ANH,LAX
3271,37209.0,HWD,LAX
3272,37222.0,PSD,LAX
3273,37227.0,ANH,LAX
3274,37228.0,ANH,LAX
3275,37231.0,DTLA,LAX
3276,37234.0,LGB,LAX
3277,37242.0,ANH,LAX
3278,37248.0,HWD,LAX
3279,37254.0,ANH,LAX
3280,37262.0,DTLA,LAX
3281,37277.0,BVH,LAX
3282,37281.0,ANH,LAX
3283,37290.0,DTLA,LAX
3284,37291.0,WDHL,LAX
3285,37292.0,LGB,LAX
3286,37297.0,HWD,LAX
3287,37298.0,WDHL,LAX
3288,37300.0,ANH,LAX
3289,37309.0,LGB,LAX
3290,37340.0,HWD,LAX
3291,37342.0,ANH,LAX
3292,37358.0,DTLA,LAX
3293,37363.0,ANH,LAX
3294,37363.0,HWD,LAX
3295,37364.0,BVH,LAX
3296,37368.0,DTLA,LAX
3297,37373.0,HWD,LAX
3298,37375.0,BVH,LAX
3299,37377.0,LGB,LAX
3300,37378.0,DTLA,LAX
3301,37380.0,WDHL,LAX
3302,37384.0,ANH,LAX
3303,37393.0,PSD,LAX
3304,37404.0,ANH,LAX
3305,37405.0,LGB,LAX
3306,37419.0,HWD,LAX
3307,37422.0,ANH,LAX
3308,37423.0,DTLA,LAX
3309,37442.0,DTLA,LAX
3310,37446.0,BVH,LAX
3311,37453.0,ANH,LAX
3312,37454.0,UVS,LAX
3313,37484.0,DTLA,LAX
3314,37487.0,ANH,LAX
3315,37488.0,PSD,LAX
3316,37498.0,DTLA,LAX
3317,37501.0,HWD,LAX
3318,37505.0,HWD,LAX
3319,37517.0,HWD,LAX
3320,37517.0,DTLA,LAX
3321,37529.0,HWD,LAX
3322,37537.0,ANH,LAX
3323,37541.0,LGB,LAX
3324,37541.0,BVH,LAX
3325,37542.0,HWD,LAX
3326,37542.0,DTLA,LAX
3327,37554.0,HWD,LAX
3328,37561.0,BVH,LAX
3329,37571.0,UVS,LAX
3330,37575.0,LGB,LAX
3331,37577.0,UVS,LAX
3332,37584.0,BVH,LAX
3333,37585.0,HWD,LAX
3334,37590.0,PSD,LAX
3335,37592.0,HWD,LAX
3336,37601.0,BVH,LAX
3337,37602.0,HWD,LAX
3338,37605.0,HWD,LAX
3339,37613.0,LGB,LAX
3340,37634.0,WDHL,LAX
3341,37635.0,ANH,LAX
3342,37636.0,DTLA,LAX
3343,37637.0,DTLA,LAX
3344,37656.0,HWD,LAX
3345,37657.0,LGB,LAX
3346,37666.0,HWD,LAX
3347,37672.0,HWD,LAX
3348,37676.0,HWD,LAX
3349,37682.0,LGB,LAX
3350,37686.0,BVH,LAX
3351,37693.0,LGB,LAX
3352,37701.0,DTLA,LAX
3353,37703.0,DTLA,LAX
3354,37707.0,BVH,LAX
3355,37713.0,LGB,LAX
3356,37719.0,DTLA,LAX
3357,37725.0,DTLA,LAX
3358,37725.0,ANH,LAX
3359,37726.0,DTLA,LAX
3360,37730.0,DTLA,LAX
3361,37748.0,PSD,LAX
3362,37750.0,LGB,LAX
3363,37756.0,HWD,LAX
3364,37759.0,HWD,LAX
3365,37760.0,DTLA,LAX
3366,37760.0,DTLA,LAX
3367,37783.0,ANH,LAX
3368,37792.0,ANH,LAX
3369,37796.0,PSD,LAX
3370,37800.0,PSD,LAX
3371,37807.0,ANH,LAX
3372,37817.0,HWD,LAX
3373,37833.0,PSD,LAX
3374,37839.0,PSD,LAX
3375,37840.0,HWD,LAX
3376,37858.0,ANH,LAX
3377,37873.0,ANH,LAX
3378,37880.0,ANH,LAX
3379,37881.0,DTLA,LAX
3380,37901.0,ANH,LAX
3381,37915.0,LGB,LAX
3382,37919.0,BVH,LAX
3383,37927.0,DTLA,LAX
3384,37928.0,UVS,LAX
3385,37928.0,HWD,LAX
3386,37950.0,ANH,LAX
3387,37953.0,LGB,LAX
3388,37955.0,LGB,LAX
3389,37956.0,UVS,LAX
3390,37963.0,ANH,LAX
3391,37995.0,HWD,LAX
3392,37998.0,UVS,LAX
3393,38002.0,HWD,LAX
3394,38024.0,WDHL,LAX
3395,38032.0,WDHL,LAX
3396,38038.0,HWD,LAX
3397,38050.0,DTLA,LAX
3398,38051.0,ANH,LAX
3399,38056.0,PSD,LAX
3400,38060.0,ANH,LAX
3401,38075.0,ANH,LAX
3402,38078.0,WDHL,LAX
3403,38082.0,WDHL,LAX
3404,38097.0,DTLA,LAX
3405,38100.0,WDHL,LAX
3406,38108.0,BVH,LAX
3407,38117.0,ANH,LAX
3408,38120.0,ANH,LAX
3409,38123.0,ANH,LAX
3410,38124.0,PSD,LAX
3411,38133.0,DTLA,LAX
3412,38134.0,DTLA,LAX
3413,38134.0,DTLA,LAX
3414,38139.0,LGB,LAX
3415,38145.0,LGB,LAX
3416,38163.0,ANH,LAX
3417,38165.0,ANH,LAX
3418,38168.0,DTLA,LAX
3419,38178.0,LGB,LAX
3420,38192.0,PSD,LAX
3421,38192.0,LGB,LAX
3422,38212.0,LGB,LAX
3423,38215.0,PSD,LAX
3424,38231.0,ANH,LAX
3425,38234.0,BVH,LAX
3426,38243.0,LGB,LAX
3427,38252.0,DTLA,LAX
3428,38254.0,DTLA,LAX
3429,38277.0,DTLA,LAX
3430,38280.0,ANH,LAX
3431,38291.0,DTLA,LAX
3432,38292.0,LGB,LAX
3433,38295.0,HWD,LAX
3434,38301.0,DTLA,LAX
3435,38304.0,PSD,LAX
3436,38312.0,DTLA,LAX
3437,38322.0,ANH,LAX
3438,38334.0,HWD,LAX
3439,38342.0,BVH,LAX
3440,38347.0,ANH,LAX
3441,38349.0,PSD,LAX
3442,38367.0,PSD,LAX
3443,38371.0,ANH,LAX
3444,38386.0,LGB,LAX
3445,38391.0,DTLA,LAX
3446,38397.0,DTLA,LAX
3447,38398.0,DTLA,LAX
3448,38406.0,LGB,LAX
3449,38406.0,HWD,LAX
3450,38407.0,HWD,LAX
3451,38411.0,ANH,LAX
3452,38412.0,WDHL,LAX
3453,38413.0,HWD,LAX
3454,38419.0,DTLA,LAX
3455,38421.0,PSD,LAX
3456,38432.0,UVS,LAX
3457,38436.0,UVS,LAX
3458,38442.0,PSD,LAX
3459,38445.0,DTLA,LAX
3460,38469.0,HWD,LAX
3461,38470.0,PSD,LAX
3462,38475.0,LGB,LAX
3463,38476.0,ANH,LAX
3464,38485.0,UVS,LAX
3465,38489.0,DTLA,LAX
3466,38502.0,ANH,LAX
3467,38506.0,PSD,LAX
3468,38508.0,HWD,LAX
3469,38516.0,ANH,LAX
3470,38518.0,WDHL,LAX
3471,38518.0,HWD,LAX
3472,38538.0,ANH,LAX
3473,38539.0,ANH,LAX
3474,38566.0,LGB,LAX
3475,38567.0,BVH,LAX
3476,38570.0,LGB,LAX
3477,38573.0,HWD,LAX
3478,38574.0,WDHL,LAX
3479,38582.0,PSD,LAX
3480,38587.0,DTLA,LAX
3481,38589.0,ANH,LAX
3482,38591.0,ANH,LAX
3483,38601.0,HWD,LAX
3484,38617.0,HWD,LAX
3485,38622.0,BVH,LAX
3486,38623.0,PSD,LAX
3487,38628.0,ANH,LAX
3488,38639.0,PSD,LAX
3489,38644.0,WDHL,LAX
3490,38644.0,LGB,LAX
3491,38649.0,DTLA,LAX
3492,38650.0,DTLA,LAX
3493,38656.0,HWD,LAX
3494,38660.0,LGB,LAX
3495,38664.0,HWD,LAX
3496,38668.0,PSD,LAX
3497,38669.0,LGB,LAX
3498,38680.0,DTLA,LAX
3499,38695.0,ANH,LAX
3500,38696.0,ANH,LAX
3501,38699.0,UVS,LAX
3502,38701.0,PSD,LAX
3503,38703.0,LGB,LAX
3504,38712.0,BVH,LAX
3505,38721.0,DTLA,LAX
3506,38724.0,WDHL,LAX
3507,38729.0,ANH,LAX
3508,38732.0,LGB,LAX
3509,38736.0,HWD,LAX
3510,38762.0,PSD,LAX
3511,38764.0,UVS,LAX
3512,38788.0,LGB,LAX
3513,38798.0,UVS,LAX
3514,38801.0,DTLA,LAX
3515,38802.0,PSD,LAX
3516,38807.0,LGB,LAX
3517,38821.0,LGB,LAX
3518,38824.0,DTLA,LAX
3519,38825.0,DTLA,LAX
3520,38826.0,DTLA,LAX
3521,38827.0,DTLA,LAX
3522,38828.0,DTLA,LAX
3523,38842.0,DTLA,LAX
3524,38848.0,LGB,LAX
3525,38853.0,DTLA,LAX
3526,38861.0,WDHL,LAX
3527,38862.0,DTLA,LAX
3528,38862.0,UVS,LAX
3529,38877.0,BVH,LAX
3530,38879.0,DTLA,LAX
3531,38881.0,LGB,LAX
3532,38883.0,DTLA,LAX
3533,38890.0,DTLA,LAX
3534,38894.0,HWD,LAX
3535,38895.0,UVS,LAX
3536,38897.0,DTLA,LAX
3537,38906.0,DTLA,LAX
3538,38914.0,LGB,LAX
3539,38914.0,ANH,LAX
3540,38914.0,PSD,LAX
3541,38921.0,PSD,LAX
3542,38936.0,UVS,LAX
3543,38942.0,DTLA,LAX
3544,38950.0,BVH,LAX
3545,38955.0,ANH,LAX
3546,38958.0,DTLA,LAX
3547,38962.0,ANH,LAX
3548,38966.0,WDHL,LAX
3549,38975.0,DTLA,LAX
3550,38976.0,HWD,LAX
3551,38977.0,HWD,LAX
3552,38988.0,HWD,LAX
3553,38989.0,ANH,LAX
3554,38990.0,LGB,LAX
3555,38991.0,HWD,LAX
3556,39000.0,ANH,LAX
3557,39004.0,DTLA,LAX
3558,39013.0,ANH,LAX
3559,39020.0,ANH,LAX
3560,39043.0,DTLA,LAX
3561,39046.0,ANH,LAX
3562,39050.0,HWD,LAX
3563,39075.0,PSD,LAX
3564,39089.0,HWD,LAX
3565,39091.0,DTLA,LAX
3566,39104.0,ANH,LAX
3567,39105.0,LGB,LAX
3568,39106.0,ANH,LAX
3569,39114.0,HWD,LAX
3570,39120.0,DTLA,LAX
3571,39134.0,UVS,LAX
3572,39140.0,ANH,LAX
3573,39150.0,DTLA,LAX
3574,39164.0,DTLA,LAX
3575,39177.0,DTLA,LAX
3576,39178.0,ANH,LAX
3577,39182.0,DTLA,LAX
3578,39191.0,HWD,LAX
3579,39192.0,HWD,LAX
3580,39204.0,LGB,LAX
3581,39207.0,ANH,LAX
3582,39212.0,LGB,LAX
3583,39224.0,LGB,LAX
3584,39225.0,DTLA,LAX
3585,39227.0,HWD,LAX
3586,39231.0,ANH,LAX
3587,39233.0,ANH,LAX
3588,39233.0,DTLA,LAX
3589,39239.0,PSD,LAX
3590,39243.0,DTLA,LAX
3591,39245.0,LGB,LAX
3592,39271.0,ANH,LAX
3593,39284.0,ANH,LAX
3594,39302.0,ANH,LAX
3595,39313.0,ANH,LAX
3596,39317.0,WDHL,LAX
3597,39324.0,ANH,LAX
3598,39325.0,ANH,LAX
3599,39330.0,HWD,LAX
3600,39332.0,LGB,LAX
3601,39334.0,LGB,LAX
3602,39336.0,HWD,LAX
3603,39337.0,ANH,LAX
3604,39340.0,PSD,LAX
3605,39348.0,ANH,LAX
3606,39354.0,DTLA,LAX
3607,39355.0,ANH,LAX
3608,39358.0,HWD,LAX
3609,39383.0,HWD,LAX
3610,39385.0,PSD,LAX
3611,39401.0,DTLA,LAX
3612,39402.0,PSD,LAX
3613,39404.0,ANH,LAX
3614,39407.0,ANH,LAX
3615,39409.0,ANH,LAX
3616,39409.0,UVS,LAX
3617,39415.0,DTLA,LAX
3618,39429.0,PSD,LAX
3619,39430.0,DTLA,LAX
3620,39437.0,HWD,LAX
3621,39448.0,LGB,LAX
3622,39455.0,HWD,LAX
3623,39464.0,DTLA,LAX
3624,39465.0,HWD,LAX
3625,39469.0,DTLA,LAX
3626,39472.0,ANH,LAX
3627,39474.0,PSD,LAX
3628,39485.0,LGB,LAX
3629,39488.0,ANH,LAX
3630,39489.0,LGB,LAX
3631,39513.0,HWD,LAX
3632,39515.0,UVS,LAX
3633,39516.0,PSD,LAX
3634,39520.0,ANH,LAX
3635,39525.0,ANH,LAX
3636,39528.0,ANH,LAX
3637,39535.0,HWD,LAX
3638,39536.0,DTLA,LAX
3639,39557.0,DTLA,LAX
3640,39560.0,ANH,LAX
3641,39565.0,HWD,LAX
3642,39576.0,DTLA,LAX
3643,39578.0,WDHL,LAX
3644,39584.0,PSD,LAX
3645,39596.0,LGB,LAX
3646,39596.0,DTLA,LAX
3647,39631.0,DTLA,LAX
3648,39643.0,LGB,LAX
3649,39645.0,DTLA,LAX
3650,39652.0,LGB,LAX
3651,39658.0,DTLA,LAX
3652,39712.0,BVH,LAX
3653,39717.0,ANH,LAX
3654,39718.0,PSD,LAX
3655,39727.0,UVS,LAX
3656,39731.0,WDHL,LAX
3657,39734.0,HWD,LAX
3658,39740.0,BVH,LAX
3659,39758.0,BVH,LAX
3660,39764.0,HWD,LAX
3661,39779.0,PSD,LAX
3662,39781.0,HWD,LAX
3663,39786.0,HWD,LAX
3664,39790.0,PSD,LAX
3665,39792.0,LGB,LAX
3666,39799.0,LGB,LAX
3667,39801.0,LGB,LAX
3668,39810.0,HWD,LAX
3669,39811.0,ANH,LAX
3670,39811.0,DTLA,LAX
3671,39812.0,PSD,LAX
3672,39816.0,PSD,LAX
3673,39820.0,WDHL,LAX
3674,39825.0,ANH,LAX
3675,39827.0,LGB,LAX
3676,39828.0,HWD,LAX
3677,39838.0,LGB,LAX
3678,39841.0,WDHL,LAX
3679,39854.0,BVH,LAX
3680,39856.0,ANH,LAX
3681,39858.0,HWD,LAX
3682,39861.0,BVH,LAX
3683,39866.0,WDHL,LAX
3684,39866.0,BVH,LAX
3685,39891.0,ANH,LAX
3686,39894.0,HWD,LAX
3687,39895.0,DTLA,LAX
3688,39915.0,DTLA,LAX
3689,39916.0,LGB,LAX
3690,39917.0,BVH,LAX
3691,39928.0,DTLA,LAX
3692,39930.0,LGB,LAX
3693,39954.0,WDHL,LAX
3694,39959.0,PSD,LAX
3695,39965.0,PSD,LAX
3696,39970.0,DTLA,LAX
3697,39972.0,BVH,LAX
3698,39973.0,ANH,LAX
3699,39976.0,DTLA,LAX
3700,39984.0,PSD,LAX
3701,39985.0,DTLA,LAX
3702,40004.0,ANH,LAX
3703,40007.0,HWD,LAX
3704,40013.0,ANH,LAX
3705,40016.0,HWD,LAX
3706,40017.0,HWD,LAX
3707,40018.0,DTLA,LAX
3708,40018.0,HWD,LAX
3709,40024.0,LGB,LAX
3710,40024.0,DTLA,LAX
3711,40024.0,BVH,LAX
3712,40029.0,LGB,LAX
3713,40067.0,LGB,LAX
3714,40078.0,HWD,LAX
3715,40085.0,DTLA,LAX
3716,40095.0,HWD,LAX
3717,40102.0,DTLA,LAX
3718,40104.0,LGB,LAX
3719,40109.0,HWD,LAX
3720,40126.0,LGB,LAX
3721,40127.0,HWD,LAX
3722,40134.0,HWD,LAX
3723,40141.0,UVS,LAX
3724,40143.0,HWD,LAX
3725,40148.0,ANH,LAX
3726,40166.0,DTLA,LAX
3727,40167.0,ANH,LAX
3728,40180.0,DTLA,LAX
3729,40182.0,LGB,LAX
3730,40184.0,ANH,LAX
3731,40186.0,ANH,LAX
3732,40194.0,BVH,LAX
3733,40195.0,HWD,LAX
3734,40195.0,LGB,LAX
3735,40200.0,WDHL,LAX
3736,40202.0,PSD,LAX
3737,40206.0,ANH,LAX
3738,40207.0,ANH,LAX
3739,40208.0,HWD,LAX
3740,40209.0,UVS,LAX
3741,40214.0,PSD,LAX
3742,40221.0,ANH,LAX
3743,40224.0,ANH,LAX
3744,40226.0,ANH,LAX
3745,40233.0,LGB,LAX
3746,40244.0,DTLA,LAX
3747,40259.0,PSD,LAX
3748,40262.0,UVS,LAX
3749,40264.0,LGB,LAX
3750,40267.0,HWD,LAX
3751,40286.0,HWD,LAX
3752,40316.0,HWD,LAX
3753,40324.0,DTLA,LAX
3754,40324.0,UVS,LAX
3755,40327.0,ANH,LAX
3756,40334.0,DTLA,LAX
3757,40335.0,PSD,LAX
3758,40337.0,BVH,LAX
3759,40341.0,ANH,LAX
3760,40349.0,HWD,LAX
3761,40355.0,BVH,LAX
3762,40372.0,BVH,LAX
3763,40375.0,HWD,LAX
3764,40378.0,UVS,LAX
3765,40381.0,ANH,LAX
3766,40381.0,ANH,LAX
3767,40381.0,ANH,LAX
3768,40394.0,ANH,LAX
3769,40406.0,ANH,LAX
3770,40411.0,DTLA,LAX
3771,40423.0,UVS,LAX
3772,40437.0,HWD,LAX
3773,40458.0,BVH,LAX
3774,40459.0,HWD,LAX
3775,40460.0,BVH,LAX
3776,40461.0,LGB,LAX
3777,40461.0,WDHL,LAX
3778,40462.0,DTLA,LAX
3779,40464.0,DTLA,LAX
3780,40477.0,ANH,LAX
3781,40477.0,BVH,LAX
3782,40480.0,WDHL,LAX
3783,40482.0,DTLA,LAX
3784,40496.0,HWD,LAX
3785,40500.0,ANH,LAX
3786,40508.0,HWD,LAX
3787,40511.0,ANH,LAX
3788,40523.0,HWD,LAX
3789,40530.0,DTLA,LAX
3790,40542.0,ANH,LAX
3791,40545.0,DTLA,LAX
3792,40545.0,ANH,LAX
3793,40548.0,HWD,LAX
3794,40549.0,UVS,LAX
3795,40555.0,PSD,LAX
3796,40563.0,PSD,LAX
3797,40565.0,DTLA,LAX
3798,40567.0,LGB,LAX
3799,40577.0,PSD,LAX
3800,40582.0,DTLA,LAX
3801,40587.0,ANH,LAX
3802,40597.0,UVS,LAX
3803,40599.0,HWD,LAX
3804,40609.0,HWD,LAX
3805,40627.0,HWD,LAX
3806,40629.0,DTLA,LAX
3807,40635.0,DTLA,LAX
3808,40642.0,BVH,LAX
3809,40652.0,WDHL,LAX
3810,40661.0,HWD,LAX
3811,40670.0,ANH,LAX
3812,40671.0,PSD,LAX
3813,40682.0,LGB,LAX
3814,40683.0,BVH,LAX
3815,40699.0,DTLA,LAX
3816,40705.0,BVH,LAX
3817,40707.0,DTLA,LAX
3818,40724.0,PSD,LAX
3819,40730.0,HWD,LAX
3820,40734.0,DTLA,LAX
3821,40739.0,DTLA,LAX
3822,40744.0,PSD,LAX
3823,40748.0,DTLA,LAX
3824,40749.0,UVS,LAX
3825,40752.0,LGB,LAX
3826,40752.0,DTLA,LAX
3827,40755.0,ANH,LAX
3828,40761.0,BVH,LAX
3829,40762.0,WDHL,LAX
3830,40768.0,DTLA,LAX
3831,40774.0,DTLA,LAX
3832,40776.0,PSD,LAX
3833,40778.0,PSD,LAX
3834,40808.0,PSD,LAX
3835,40814.0,ANH,LAX
3836,40816.0,PSD,LAX
3837,40818.0,HWD,LAX
3838,40824.0,HWD,LAX
3839,40826.0,ANH,LAX
3840,40828.0,PSD,LAX
3841,40830.0,HWD,LAX
3842,40834.0,HWD,LAX
3843,40848.0,DTLA,LAX
3844,40849.0,ANH,LAX
3845,40852.0,ANH,LAX
3846,40857.0,ANH,LAX
3847,40859.0,DTLA,LAX
3848,40862.0,DTLA,LAX
3849,40869.0,DTLA,LAX
3850,40872.0,LGB,LAX
3851,40885.0,WDHL,LAX
3852,40889.0,WDHL,LAX
3853,40891.0,DTLA,LAX
3854,40893.0,DTLA,LAX
3855,40897.0,PSD,LAX
3856,40900.0,DTLA,LAX
3857,40902.0,HWD,LAX
3858,40918.0,ANH,LAX
3859,40923.0,DTLA,LAX
3860,40930.0,PSD,LAX
3861,40951.0,WDHL,LAX
3862,40951.0,DTLA,LAX
3863,40953.0,LGB,LAX
3864,40955.0,BVH,LAX
3865,40961.0,DTLA,LAX
3866,40970.0,DTLA,LAX
3867,40981.0,ANH,LAX
3868,40992.0,HWD,LAX
3869,40998.0,ANH,LAX
3870,40999.0,DTLA,LAX
3871,41008.0,ANH,LAX
3872,41011.0,ANH,LAX
3873,41011.0,DTLA,LAX
3874,41019.0,ANH,LAX
3875,41024.0,DTLA,LAX
3876,41029.0,DTLA,LAX
3877,41031.0,ANH,LAX
3878,41053.0,BVH,LAX
3879,41056.0,PSD,LAX
3880,41057.0,DTLA,LAX
3881,41062.0,UVS,LAX
3882,41065.0,LGB,LAX
3883,41073.0,LGB,LAX
3884,41075.0,DTLA,LAX
3885,41075.0,LGB,LAX
3886,41083.0,ANH,LAX
3887,41102.0,PSD,LAX
3888,41108.0,BVH,LAX
3889,41110.0,WDHL,LAX
3890,41121.0,ANH,LAX
3891,41123.0,HWD,LAX
3892,41130.0,LGB,LAX
3893,41132.0,ANH,LAX
3894,41135.0,ANH,LAX
3895,41155.0,ANH,LAX
3896,41173.0,ANH,LAX
3897,41185.0,WDHL,LAX
3898,41196.0,PSD,LAX
3899,41215.0,DTLA,LAX
3900,41217.0,HWD,LAX
3901,41232.0,UVS,LAX
3902,41251.0,ANH,LAX
3903,41253.0,DTLA,LAX
3904,41254.0,ANH,LAX
3905,41264.0,HWD,LAX
3906,41270.0,ANH,LAX
3907,41270.0,HWD,LAX
3908,41272.0,WDHL,LAX
3909,41280.0,BVH,LAX
3910,41285.0,ANH,LAX
3911,41286.0,UVS,LAX
3912,41289.0,HWD,LAX
3913,41290.0,DTLA,LAX
3914,41309.0,ANH,LAX
3915,41311.0,ANH,LAX
3916,41315.0,DTLA,LAX
3917,41331.0,WDHL,LAX
3918,41349.0,HWD,LAX
3919,41364.0,ANH,LAX
3920,41366.0,HWD,LAX
3921,41366.0,ANH,LAX
3922,41386.0,LGB,LAX
3923,41399.0,ANH,LAX
3924,41410.0,ANH,LAX
3925,41410.0,WDHL,LAX
3926,41410.0,DTLA,LAX
3927,41413.0,HWD,LAX
3928,41417.0,BVH,LAX
3929,41420.0,LGB,LAX
3930,41421.0,PSD,LAX
3931,41425.0,ANH,LAX
3932,41426.0,DTLA,LAX
3933,41434.0,DTLA,LAX
3934,41435.0,DTLA,LAX
3935,41436.0,DTLA,LAX
3936,41455.0,HWD,LAX
3937,41457.0,ANH,LAX
3938,41464.0,PSD,LAX
3939,41477.0,DTLA,LAX
3940,41479.0,ANH,LAX
3941,41479.0,BVH,LAX
3942,41485.0,DTLA,LAX
3943,41488.0,LGB,LAX
3944,41494.0,LGB,LAX
3945,41494.0,WDHL,LAX
3946,41495.0,LGB,LAX
3947,41497.0,DTLA,LAX
3948,41505.0,DTLA,LAX
3949,41507.0,PSD,LAX
3950,41511.0,DTLA,LAX
3951,41512.0,HWD,LAX
3952,41520.0,WDHL,LAX
3953,41525.0,ANH,LAX
3954,41527.0,ANH,LAX
3955,41532.0,WDHL,LAX
3956,41544.0,DTLA,LAX
3957,41553.0,DTLA,LAX
3958,41564.0,DTLA,LAX
3959,41565.0,PSD,LAX
3960,41579.0,DTLA,LAX
3961,41580.0,HWD,LAX
3962,41593.0,BVH,LAX
3963,41597.0,PSD,LAX
3964,41602.0,ANH,LAX
3965,41630.0,ANH,LAX
3966,41646.0,UVS,LAX
3967,41647.0,ANH,LAX
3968,41655.0,PSD,LAX
3969,41660.0,PSD,LAX
3970,41661.0,ANH,LAX
3971,41674.0,HWD,LAX
3972,41675.0,UVS,LAX
3973,41685.0,WDHL,LAX
3974,41686.0,ANH,LAX
3975,41688.0,DTLA,LAX
3976,41689.0,LGB,LAX
3977,41693.0,WDHL,LAX
3978,41700.0,DTLA,LAX
3979,41715.0,BVH,LAX
3980,41725.0,HWD,LAX
3981,41727.0,PSD,LAX
3982,41734.0,HWD,LAX
3983,41743.0,BVH,LAX
3984,41749.0,LGB,LAX
3985,41750.0,HWD,LAX
3986,41754.0,WDHL,LAX
3987,41756.0,DTLA,LAX
3988,41759.0,ANH,LAX
3989,41760.0,DTLA,LAX
3990,41768.0,UVS,LAX
3991,41779.0,ANH,LAX
3992,41786.0,LGB,LAX
3993,41796.0,DTLA,LAX
3994,41796.0,ANH,LAX
3995,41824.0,BVH,LAX
3996,41825.0,PSD,LAX
3997,41830.0,LGB,LAX
3998,41834.0,PSD,LAX
3999,41840.0,LGB,LAX
4000,41844.0,HWD,LAX
4001,41856.0,ANH,LAX
4002,41857.0,LGB,LAX
4003,41861.0,DTLA,LAX
4004,41865.0,DTLA,LAX
4005,41878.0,DTLA,LAX
4006,41890.0,UVS,LAX
4007,41922.0,HWD,LAX
4008,41927.0,HWD,LAX
4009,41939.0,ANH,LAX
4010,41951.0,LGB,LAX
4011,41961.0,ANH,LAX
4012,41970.0,DTLA,LAX
4013,41976.0,HWD,LAX
4014,41985.0,DTLA,LAX
4015,41986.0,DTLA,LAX
4016,41995.0,DTLA,LAX
4017,41996.0,DTLA,LAX
4018,41996.0,UVS,LAX
4019,42011.0,ANH,LAX
4020,42022.0,WDHL,LAX
4021,42032.0,ANH,LAX
4022,42042.0,ANH,LAX
4023,42045.0,ANH,LAX
4024,42053.0,DTLA,LAX
4025,42057.0,ANH,LAX
4026,42066.0,LGB,LAX
4027,42070.0,DTLA,LAX
4028,42081.0,BVH,LAX
4029,42086.0,ANH,LAX
4030,42096.0,ANH,LAX
4031,42100.0,PSD,LAX
4032,42103.0,ANH,LAX
4033,42146.0,PSD,LAX
4034,42181.0,LGB,LAX
4035,42188.0,LGB,LAX
4036,42192.0,ANH,LAX
4037,42196.0,DTLA,LAX
4038,42202.0,HWD,LAX
4039,42206.0,DTLA,LAX
4040,42221.0,DTLA,LAX
4041,42225.0,ANH,LAX
4042,42226.0,LGB,LAX
4043,42235.0,ANH,LAX
4044,42242.0,BVH,LAX
4045,42247.0,LGB,LAX
4046,42258.0,BVH,LAX
4047,42262.0,HWD,LAX
4048,42273.0,LGB,LAX
4049,42275.0,DTLA,LAX
4050,42288.0,BVH,LAX
4051,42296.0,DTLA,LAX
4052,42299.0,DTLA,LAX
4053,42306.0,ANH,LAX
4054,42311.0,ANH,LAX
4055,42318.0,ANH,LAX
4056,42326.0,DTLA,LAX
4057,42352.0,DTLA,LAX
4058,42354.0,WDHL,LAX
4059,42356.0,PSD,LAX
4060,42358.0,DTLA,LAX
4061,42360.0,WDHL,LAX
4062,42367.0,HWD,LAX
4063,42369.0,BVH,LAX
4064,42378.0,DTLA,LAX
4065,42386.0,UVS,LAX
4066,42405.0,DTLA,LAX
4067,42408.0,WDHL,LAX
4068,42413.0,ANH,LAX
4069,42413.0,ANH,LAX
4070,42414.0,DTLA,LAX
4071,42426.0,HWD,LAX
4072,42430.0,WDHL,LAX
4073,42436.0,DTLA,LAX
4074,42443.0,DTLA,LAX
4075,42454.0,UVS,LAX
4076,42454.0,HWD,LAX
4077,42459.0,LGB,LAX
4078,42472.0,DTLA,LAX
4079,42473.0,PSD,LAX
4080,42482.0,DTLA,LAX
4081,42482.0,ANH,LAX
4082,42484.0,BVH,LAX
4083,42496.0,ANH,LAX
4084,42500.0,PSD,LAX
4085,42501.0,DTLA,LAX
4086,42510.0,ANH,LAX
4087,42531.0,DTLA,LAX
4088,42547.0,ANH,LAX
4089,42582.0,ANH,LAX
4090,42593.0,ANH,LAX
4091,42616.0,HWD,LAX
4092,42621.0,ANH,LAX
4093,42643.0,HWD,LAX
4094,42652.0,ANH,LAX
4095,42656.0,PSD,LAX
4096,42656.0,DTLA,LAX
4097,42663.0,HWD,LAX
4098,42669.0,DTLA,LAX
4099,42669.0,ANH,LAX
4100,42672.0,DTLA,LAX
4101,42679.0,HWD,LAX
4102,42685.0,DTLA,LAX
4103,42694.0,HWD,LAX
4104,42703.0,ANH,LAX
4105,42710.0,DTLA,LAX
4106,42713.0,DTLA,LAX
4107,42729.0,DTLA,LAX
4108,42729.0,HWD,LAX
4109,42738.0,ANH,LAX
4110,42750.0,HWD,LAX
4111,42761.0,PSD,LAX
4112,42766.0,HWD,LAX
4113,42773.0,DTLA,LAX
4114,42790.0,DTLA,LAX
4115,42796.0,DTLA,LAX
4116,42807.0,PSD,LAX
4117,42808.0,PSD,LAX
4118,42823.0,DTLA,LAX
4119,42825.0,UVS,LAX
4120,42832.0,DTLA,LAX
4121,42852.0,DTLA,LAX
4122,42857.0,ANH,LAX
4123,42858.0,HWD,LAX
4124,42858.0,ANH,LAX
4125,42863.0,LGB,LAX
4126,42882.0,PSD,LAX
4127,42886.0,UVS,LAX
4128,42907.0,BVH,LAX
4129,42926.0,LGB,LAX
4130,42956.0,ANH,LAX
4131,42966.0,DTLA,LAX
4132,42979.0,DTLA,LAX
4133,42983.0,LGB,LAX
4134,42997.0,WDHL,LAX
4135,42998.0,BVH,LAX
4136,42999.0,ANH,LAX
4137,43031.0,DTLA,LAX
4138,43037.0,DTLA,LAX
4139,43044.0,ANH,LAX
4140,43055.0,PSD,LAX
4141,43074.0,HWD,LAX
4142,43107.0,DTLA,LAX
4143,43108.0,BVH,LAX
4144,43120.0,HWD,LAX
4145,43122.0,BVH,LAX
4146,43123.0,LGB,LAX
4147,43135.0,HWD,LAX
4148,43137.0,UVS,LAX
4149,43155.0,DTLA,LAX
4150,43160.0,PSD,LAX
4151,43162.0,DTLA,LAX
4152,43165.0,ANH,LAX
4153,43167.0,BVH,LAX
4154,43176.0,LGB,LAX
4155,43180.0,DTLA,LAX
4156,43185.0,ANH,LAX
4157,43187.0,DTLA,LAX
4158,43203.0,DTLA,LAX
4159,43214.0,LGB,LAX
4160,43215.0,DTLA,LAX
4161,43217.0,BVH,LAX
4162,43231.0,LGB,LAX
4163,43232.0,LGB,LAX
4164,43236.0,DTLA,LAX
4165,43248.0,DTLA,LAX
4166,43271.0,HWD,LAX
4167,43292.0,ANH,LAX
4168,43302.0,DTLA,LAX
4169,43308.0,ANH,LAX
4170,43320.0,ANH,LAX
4171,43327.0,HWD,LAX
4172,43342.0,HWD,LAX
4173,43345.0,LGB,LAX
4174,43358.0,ANH,LAX
4175,43374.0,BVH,LAX
4176,43381.0,DTLA,LAX
4177,43386.0,UVS,LAX
4178,43389.0,LGB,LAX
4179,43393.0,UVS,LAX
4180,43398.0,WDHL,LAX
4181,43410.0,DTLA,LAX
4182,43421.0,UVS,LAX
4183,43422.0,ANH,LAX
4184,43424.0,ANH,LAX
4185,43428.0,ANH,LAX
4186,43433.0,ANH,LAX
4187,43434.0,DTLA,LAX
4188,43437.0,PSD,LAX
4189,43454.0,LGB,LAX
4190,43464.0,LGB,LAX
4191,43473.0,WDHL,LAX
4192,43482.0,LGB,LAX
4193,43504.0,LGB,LAX
4194,43505.0,HWD,LAX
4195,43524.0,DTLA,LAX
4196,43534.0,ANH,LAX
4197,43536.0,PSD,LAX
4198,43546.0,HWD,LAX
4199,43553.0,DTLA,LAX
4200,43555.0,DTLA,LAX
4201,43558.0,LGB,LAX
4202,43559.0,LGB,LAX
4203,43560.0,DTLA,LAX
4204,43561.0,LGB,LAX
4205,43581.0,LGB,LAX
4206,43587.0,LGB,LAX
4207,43594.0,PSD,LAX
4208,43596.0,LGB,LAX
4209,43601.0,HWD,LAX
4210,43608.0,PSD,LAX
4211,43626.0,LGB,LAX
4212,43633.0,UVS,LAX
4213,43636.0,ANH,LAX
4214,43636.0,DTLA,LAX
4215,43642.0,ANH,LAX
4216,43645.0,ANH,LAX
4217,43651.0,WDHL,LAX
4218,43689.0,PSD,LAX
4219,43692.0,LGB,LAX
4220,43695.0,LGB,LAX
4221,43703.0,DTLA,LAX
4222,43733.0,BVH,LAX
4223,43743.0,LGB,LAX
4224,43744.0,ANH,LAX
4225,43755.0,DTLA,LAX
4226,43760.0,HWD,LAX
4227,43770.0,BVH,LAX
4228,43771.0,BVH,LAX
4229,43791.0,DTLA,LAX
4230,43791.0,LGB,LAX
4231,43796.0,PSD,LAX
4232,43808.0,HWD,LAX
4233,43813.0,ANH,LAX
4234,43851.0,LGB,LAX
4235,43862.0,PSD,LAX
4236,43875.0,HWD,LAX
4237,43877.0,DTLA,LAX
4238,43905.0,PSD,LAX
4239,43910.0,ANH,LAX
4240,43912.0,ANH,LAX
4241,43912.0,ANH,LAX
4242,43925.0,DTLA,LAX
4243,43942.0,BVH,LAX
4244,43971.0,BVH,LAX
4245,43974.0,DTLA,LAX
4246,43981.0,BVH,LAX
4247,44000.0,HWD,LAX
4248,44006.0,BVH,LAX
4249,44014.0,DTLA,LAX
4250,44014.0,LGB,LAX
4251,44024.0,ANH,LAX
4252,44027.0,DTLA,LAX
4253,44040.0,ANH,LAX
4254,44041.0,UVS,LAX
4255,44055.0,LGB,LAX
4256,44063.0,LGB,LAX
4257,44064.0,DTLA,LAX
4258,44067.0,LGB,LAX
4259,44069.0,ANH,LAX
4260,44096.0,BVH,LAX
4261,44097.0,PSD,LAX
4262,44116.0,BVH,LAX
4263,44117.0,DTLA,LAX
4264,44174.0,BVH,LAX
4265,44183.0,DTLA,LAX
4266,44191.0,ANH,LAX
4267,44200.0,ANH,LAX
4268,44209.0,DTLA,LAX
4269,44210.0,PSD,LAX
4270,44226.0,HWD,LAX
4271,44247.0,HWD,LAX
4272,44247.0,ANH,LAX
4273,44250.0,ANH,LAX
4274,44255.0,HWD,LAX
4275,44274.0,PSD,LAX
4276,44276.0,LGB,LAX
4277,44285.0,HWD,LAX
4278,44287.0,HWD,LAX
4279,44289.0,PSD,LAX
4280,44311.0,HWD,LAX
4281,44312.0,ANH,LAX
4282,44320.0,ANH,LAX
4283,44324.0,ANH,LAX
4284,44335.0,LGB,LAX
4285,44341.0,PSD,LAX
4286,44353.0,LGB,LAX
4287,44353.0,WDHL,LAX
4288,44369.0,HWD,LAX
4289,44372.0,DTLA,LAX
4290,44379.0,HWD,LAX
4291,44379.0,WDHL,LAX
4292,44383.0,HWD,LAX
4293,44391.0,ANH,LAX
4294,44397.0,ANH,LAX
4295,44406.0,WDHL,LAX
4296,44435.0,LGB,LAX
4297,44442.0,BVH,LAX
4298,44445.0,HWD,LAX
4299,44446.0,DTLA,LAX
4300,44455.0,BVH,LAX
4301,44457.0,HWD,LAX
4302,44490.0,BVH,LAX
4303,44492.0,HWD,LAX
4304,44501.0,DTLA,LAX
4305,44511.0,HWD,LAX
4306,44517.0,ANH,LAX
4307,44537.0,PSD,LAX
4308,44547.0,HWD,LAX
4309,44558.0,LGB,LAX
4310,44573.0,BVH,LAX
4311,44574.0,DTLA,LAX
4312,44575.0,DTLA,LAX
4313,44576.0,BVH,LAX
4314,44592.0,PSD,LAX
4315,44635.0,ANH,LAX
4316,44636.0,HWD,LAX
4317,44649.0,PSD,LAX
4318,44654.0,UVS,LAX
4319,44656.0,HWD,LAX
4320,44689.0,ANH,LAX
4321,44694.0,BVH,LAX
4322,44702.0,DTLA,LAX
4323,44706.0,WDHL,LAX
4324,44709.0,PSD,LAX
4325,44718.0,PSD,LAX
4326,44728.0,ANH,LAX
4327,44734.0,HWD,LAX
4328,44734.0,UVS,LAX
4329,44757.0,PSD,LAX
4330,44764.0,DTLA,LAX
4331,44769.0,LGB,LAX
4332,44772.0,DTLA,LAX
4333,44797.0,LGB,LAX
4334,44814.0,DTLA,LAX
4335,44826.0,LGB,LAX
4336,44830.0,WDHL,LAX
4337,44836.0,LGB,LAX
4338,44837.0,ANH,LAX
4339,44839.0,WDHL,LAX
4340,44840.0,DTLA,LAX
4341,44860.0,DTLA,LAX
4342,44883.0,HWD,LAX
4343,44902.0,BVH,LAX
4344,44911.0,HWD,LAX
4345,44923.0,ANH,LAX
4346,44937.0,PSD,LAX
4347,44945.0,PSD,LAX
4348,44948.0,LGB,LAX
4349,44962.0,BVH,LAX
4350,44988.0,ANH,LAX
4351,44998.0,ANH,LAX
4352,45009.0,DTLA,LAX
4353,45020.0,PSD,LAX
4354,45028.0,DTLA,LAX
4355,45033.0,DTLA,LAX
4356,45039.0,LGB,LAX
4357,45046.0,BVH,LAX
4358,45054.0,HWD,LAX
4359,45066.0,BVH,LAX
4360,45080.0,HWD,LAX
4361,45082.0,LGB,LAX
4362,45107.0,WDHL,LAX
4363,45115.0,ANH,LAX
4364,45118.0,LGB,LAX
4365,45127.0,DTLA,LAX
4366,45133.0,HWD,LAX
4367,45139.0,HWD,LAX
4368,45140.0,BVH,LAX
4369,45142.0,ANH,LAX
4370,45147.0,HWD,LAX
4371,45152.0,HWD,LAX
4372,45162.0,HWD,LAX
4373,45166.0,LGB,LAX
4374,45184.0,LGB,LAX
4375,45186.0,HWD,LAX
4376,45187.0,DTLA,LAX
4377,45201.0,ANH,LAX
4378,45224.0,PSD,LAX
4379,45229.0,ANH,LAX
4380,45229.0,LGB,LAX
4381,45233.0,WDHL,LAX
4382,45238.0,DTLA,LAX
4383,45241.0,HWD,LAX
4384,45244.0,LGB,LAX
4385,45251.0,HWD,LAX
4386,45251.0,HWD,LAX
4387,45269.0,ANH,LAX
4388,45270.0,WDHL,LAX
4389,45274.0,DTLA,LAX
4390,45287.0,ANH,LAX
4391,45290.0,ANH,LAX
4392,45306.0,ANH,LAX
4393,45362.0,ANH,LAX
4394,45371.0,UVS,LAX
4395,45380.0,ANH,LAX
4396,45386.0,WDHL,LAX
4397,45392.0,DTLA,LAX
4398,45395.0,DTLA,LAX
4399,45400.0,PSD,LAX
4400,45433.0,PSD,LAX
4401,45442.0,LGB,LAX
4402,45450.0,DTLA,LAX
4403,45462.0,HWD,LAX
4404,45464.0,PSD,LAX
4405,45484.0,HWD,LAX
4406,45490.0,ANH,LAX
4407,45512.0,DTLA,LAX
4408,45518.0,UVS,LAX
4409,45533.0,BVH,LAX
4410,45545.0,PSD,LAX
4411,45558.0,HWD,LAX
4412,45565.0,DTLA,LAX
4413,45566.0,DTLA,LAX
4414,45575.0,DTLA,LAX
4415,45587.0,DTLA,LAX
4416,45598.0,LGB,LAX
4417,45599.0,DTLA,LAX
4418,45610.0,ANH,LAX
4419,45622.0,LGB,LAX
4420,45631.0,DTLA,LAX
4421,45637.0,ANH,LAX
4422,45648.0,HWD,LAX
4423,45659.0,LGB,LAX
4424,45663.0,DTLA,LAX
4425,45676.0,HWD,LAX
4426,45679.0,HWD,LAX
4427,45683.0,DTLA,LAX
4428,45688.0,HWD,LAX
4429,45694.0,DTLA,LAX
4430,45710.0,UVS,LAX
4431,45719.0,HWD,LAX
4432,45728.0,ANH,LAX
4433,45741.0,UVS,LAX
4434,45745.0,ANH,LAX
4435,45746.0,DTLA,LAX
4436,45760.0,ANH,LAX
4437,45760.0,WDHL,LAX
4438,45770.0,PSD,LAX
4439,45776.0,WDHL,LAX
4440,45784.0,HWD,LAX
4441,45792.0,DTLA,LAX
4442,45798.0,DTLA,LAX
4443,45816.0,ANH,LAX
4444,45832.0,BVH,LAX
4445,45834.0,UVS,LAX
4446,45834.0,DTLA,LAX
4447,45836.0,ANH,LAX
4448,45836.0,DTLA,LAX
4449,45843.0,HWD,LAX
4450,45847.0,HWD,LAX
4451,45859.0,HWD,LAX
4452,45863.0,PSD,LAX
4453,45893.0,DTLA,LAX
4454,45895.0,UVS,LAX
4455,45896.0,DTLA,LAX
4456,45904.0,LGB,LAX
4457,45940.0,DTLA,LAX
4458,45983.0,BVH,LAX
4459,45993.0,ANH,LAX
4460,45994.0,PSD,LAX
4461,46000.0,UVS,LAX
4462,46012.0,ANH,LAX
4463,46016.0,PSD,LAX
4464,46022.0,DTLA,LAX
4465,46023.0,LGB,LAX
4466,46023.0,HWD,LAX
4467,46025.0,DTLA,LAX
4468,46040.0,DTLA,LAX
4469,46041.0,HWD,LAX
4470,46042.0,DTLA,LAX
4471,46047.0,WDHL,LAX
4472,46047.0,LGB,LAX
4473,46055.0,HWD,LAX
4474,46067.0,PSD,LAX
4475,46072.0,DTLA,LAX
4476,46078.0,ANH,LAX
4477,46079.0,DTLA,LAX
4478,46080.0,HWD,LAX
4479,46103.0,LGB,LAX
4480,46106.0,UVS,LAX
4481,46107.0,DTLA,LAX
4482,46109.0,WDHL,LAX
4483,46117.0,HWD,LAX
4484,46123.0,UVS,LAX
4485,46134.0,ANH,LAX
4486,46135.0,LGB,LAX
4487,46138.0,ANH,LAX
4488,46141.0,DTLA,LAX
4489,46141.0,ANH,LAX
4490,46144.0,ANH,LAX
4491,46144.0,ANH,LAX
4492,46149.0,DTLA,LAX
4493,46154.0,HWD,LAX
4494,46169.0,PSD,LAX
4495,46214.0,DTLA,LAX
4496,46216.0,ANH,LAX
4497,46224.0,DTLA,LAX
4498,46226.0,ANH,LAX
4499,46230.0,ANH,LAX
4500,46237.0,HWD,LAX
4501,46239.0,ANH,LAX
4502,46244.0,HWD,LAX
4503,46254.0,BVH,LAX
4504,46261.0,DTLA,LAX
4505,46270.0,WDHL,LAX
4506,46281.0,BVH,LAX
4507,46302.0,WDHL,LAX
4508,46302.0,DTLA,LAX
4509,46303.0,ANH,LAX
4510,46308.0,UVS,LAX
4511,46317.0,ANH,LAX
4512,46330.0,ANH,LAX
4513,46337.0,DTLA,LAX
4514,46341.0,WDHL,LAX
4515,46345.0,PSD,LAX
4516,46355.0,DTLA,LAX
4517,46365.0,WDHL,LAX
4518,46370.0,ANH,LAX
4519,46381.0,DTLA,LAX
4520,46391.0,DTLA,LAX
4521,46392.0,DTLA,LAX
4522,46397.0,DTLA,LAX
4523,46411.0,HWD,LAX
4524,46420.0,PSD,LAX
4525,46428.0,LGB,LAX
4526,46432.0,DTLA,LAX
4527,46443.0,DTLA,LAX
4528,46461.0,LGB,LAX
4529,46469.0,LGB,LAX
4530,46475.0,HWD,LAX
4531,46477.0,ANH,LAX
4532,46479.0,BVH,LAX
4533,46479.0,DTLA,LAX
4534,46483.0,ANH,LAX
4535,46503.0,PSD,LAX
4536,46509.0,PSD,LAX
4537,46512.0,WDHL,LAX
4538,46514.0,ANH,LAX
4539,46516.0,BVH,LAX
4540,46525.0,DTLA,LAX
4541,46528.0,DTLA,LAX
4542,46532.0,LGB,LAX
4543,46550.0,DTLA,LAX
4544,46553.0,LGB,LAX
4545,46558.0,ANH,LAX
4546,46563.0,DTLA,LAX
4547,46566.0,BVH,LAX
4548,46567.0,LGB,LAX
4549,46582.0,DTLA,LAX
4550,46585.0,LGB,LAX
4551,46587.0,LGB,LAX
4552,46606.0,LGB,LAX
4553,46606.0,LGB,LAX
4554,46614.0,BVH,LAX
4555,46617.0,DTLA,LAX
4556,46620.0,BVH,LAX
4557,46625.0,WDHL,LAX
4558,46627.0,DTLA,LAX
4559,46644.0,BVH,LAX
4560,46655.0,ANH,LAX
4561,46669.0,LGB,LAX
4562,46670.0,PSD,LAX
4563,46671.0,ANH,LAX
4564,46673.0,DTLA,LAX
4565,46676.0,LGB,LAX
4566,46693.0,LGB,LAX
4567,46694.0,BVH,LAX
4568,46695.0,HWD,LAX
4569,46698.0,HWD,LAX
4570,46713.0,LGB,LAX
4571,46753.0,PSD,LAX
4572,46755.0,UVS,LAX
4573,46757.0,HWD,LAX
4574,46760.0,BVH,LAX
4575,46766.0,ANH,LAX
4576,46769.0,DTLA,LAX
4577,46777.0,DTLA,LAX
4578,46779.0,ANH,LAX
4579,46780.0,LGB,LAX
4580,46783.0,PSD,LAX
4581,46789.0,LGB,LAX
4582,46801.0,DTLA,LAX
4583,46809.0,ANH,LAX
4584,46814.0,DTLA,LAX
4585,46824.0,PSD,LAX
4586,46834.0,LGB,LAX
4587,46837.0,DTLA,LAX
4588,46844.0,WDHL,LAX
4589,46871.0,PSD,LAX
4590,46886.0,PSD,LAX
4591,46887.0,PSD,LAX
4592,46899.0,ANH,LAX
4593,46903.0,UVS,LAX
4594,46933.0,DTLA,LAX
4595,46942.0,DTLA,LAX
4596,46948.0,DTLA,LAX
4597,46956.0,HWD,LAX
4598,46957.0,ANH,LAX
4599,46958.0,WDHL,LAX
4600,46970.0,DTLA,LAX
4601,46984.0,LGB,LAX
4602,46985.0,DTLA,LAX
4603,46986.0,ANH,LAX
4604,46991.0,PSD,LAX
4605,47006.0,ANH,LAX
4606,47017.0,ANH,LAX
4607,47038.0,HWD,LAX
4608,47039.0,WDHL,LAX
4609,47048.0,ANH,LAX
4610,47048.0,DTLA,LAX
4611,47051.0,LGB,LAX
4612,47055.0,ANH,LAX
4613,47056.0,HWD,LAX
4614,47060.0,ANH,LAX
4615,47060.0,DTLA,LAX
4616,47064.0,UVS,LAX
4617,47067.0,PSD,LAX
4618,47074.0,ANH,LAX
4619,47076.0,ANH,LAX
4620,47084.0,ANH,LAX
4621,47090.0,ANH,LAX
4622,47095.0,DTLA,LAX
4623,47098.0,ANH,LAX
4624,47100.0,DTLA,LAX
4625,47113.0,DTLA,LAX
4626,47116.0,ANH,LAX
4627,47116.0,DTLA,LAX
4628,47125.0,ANH,LAX
4629,47159.0,UVS,LAX
4630,47160.0,DTLA,LAX
4631,47166.0,HWD,LAX
4632,47168.0,UVS,LAX
4633,47191.0,LGB,LAX
4634,47195.0,HWD,LAX
4635,47197.0,WDHL,LAX
4636,47202.0,LGB,LAX
4637,47206.0,UVS,LAX
4638,47219.0,BVH,LAX
4639,47221.0,WDHL,LAX
4640,47223.0,LGB,LAX
4641,47239.0,HWD,LAX
4642,47241.0,ANH,LAX
4643,47242.0,BVH,LAX
4644,47242.0,HWD,LAX
4645,47252.0,PSD,LAX
4646,47262.0,ANH,LAX
4647,47272.0,DTLA,LAX
4648,47275.0,DTLA,LAX
4649,47279.0,LGB,LAX
4650,47288.0,ANH,LAX
4651,47289.0,LGB,LAX
4652,47295.0,LGB,LAX
4653,47301.0,HWD,LAX
4654,47313.0,HWD,LAX
4655,47314.0,LGB,LAX
4656,47314.0,ANH,LAX
4657,47315.0,PSD,LAX
4658,47323.0,DTLA,LAX
4659,47323.0,LGB,LAX
4660,47328.0,ANH,LAX
4661,47333.0,PSD,LAX
4662,47338.0,ANH,LAX
4663,47338.0,HWD,LAX
4664,47341.0,PSD,LAX
4665,47346.0,ANH,LAX
4666,47347.0,DTLA,LAX
4667,47349.0,PSD,LAX
4668,47349.0,BVH,LAX
4669,47361.0,ANH,LAX
4670,47363.0,ANH,LAX
4671,47369.0,DTLA,LAX
4672,47386.0,LGB,LAX
4673,47387.0,WDHL,LAX
4674,47389.0,PSD,LAX
4675,47396.0,DTLA,LAX
4676,47400.0,ANH,LAX
4677,47408.0,ANH,LAX
4678,47420.0,HWD,LAX
4679,47423.0,UVS,LAX
4680,47427.0,ANH,LAX
4681,47430.0,DTLA,LAX
4682,47433.0,ANH,LAX
4683,47439.0,HWD,LAX
4684,47440.0,HWD,LAX
4685,47442.0,BVH,LAX
4686,47448.0,HWD,LAX
4687,47459.0,HWD,LAX
4688,47461.0,HWD,LAX
4689,47474.0,DTLA,LAX
4690,47485.0,ANH,LAX
4691,47488.0,BVH,LAX
4692,47488.0,PSD,LAX
4693,47496.0,DTLA,LAX
4694,47511.0,UVS,LAX
4695,47513.0,ANH,LAX
4696,47529.0,ANH,LAX
4697,47531.0,HWD,LAX
4698,47554.0,DTLA,LAX
4699,47568.0,DTLA,LAX
4700,47576.0,ANH,LAX
4701,47593.0,HWD,LAX
4702,47603.0,DTLA,LAX
4703,47612.0,UVS,LAX
4704,47623.0,WDHL,LAX
4705,47627.0,ANH,LAX
4706,47634.0,PSD,LAX
4707,47635.0,ANH,LAX
4708,47639.0,PSD,LAX
4709,47639.0,WDHL,LAX
4710,47642.0,HWD,LAX
4711,47649.0,BVH,LAX
4712,47657.0,ANH,LAX
4713,47666.0,PSD,LAX
4714,47667.0,HWD,LAX
4715,47669.0,BVH,LAX
4716,47670.0,UVS,LAX
4717,47683.0,PSD,LAX
4718,47688.0,WDHL,LAX
4719,47694.0,HWD,LAX
4720,47697.0,HWD,LAX
4721,47701.0,HWD,LAX
4722,47703.0,ANH,LAX
4723,47716.0,UVS,LAX
4724,47722.0,DTLA,LAX
4725,47723.0,BVH,LAX
4726,47725.0,BVH,LAX
4727,47733.0,BVH,LAX
4728,47736.0,HWD,LAX
4729,47739.0,ANH,LAX
4730,47744.0,DTLA,LAX
4731,47749.0,ANH,LAX
4732,47759.0,ANH,LAX
4733,47763.0,ANH,LAX
4734,47770.0,HWD,LAX
4735,47777.0,DTLA,LAX
4736,47789.0,ANH,LAX
4737,47791.0,ANH,LAX
4738,47791.0,PSD,LAX
4739,47800.0,UVS,LAX
4740,47802.0,WDHL,LAX
4741,47815.0,ANH,LAX
4742,47817.0,UVS,LAX
4743,47826.0,DTLA,LAX
4744,47830.0,LGB,LAX
4745,47834.0,PSD,LAX
4746,47835.0,UVS,LAX
4747,47836.0,DTLA,LAX
4748,47842.0,PSD,LAX
4749,47862.0,BVH,LAX
4750,47872.0,BVH,LAX
4751,47881.0,HWD,LAX
4752,47887.0,ANH,LAX
4753,47891.0,DTLA,LAX
4754,47891.0,HWD,LAX
4755,47891.0,ANH,LAX
4756,47894.0,DTLA,LAX
4757,47895.0,BVH,LAX
4758,47910.0,UVS,LAX
4759,47912.0,BVH,LAX
4760,47913.0,PSD,LAX
4761,47914.0,HWD,LAX
4762,47920.0,LGB,LAX
4763,47924.0,DTLA,LAX
4764,47935.0,BVH,LAX
4765,47938.0,HWD,LAX
4766,47944.0,ANH,LAX
4767,47947.0,HWD,LAX
4768,47947.0,UVS,LAX
4769,47948.0,HWD,LAX
4770,47959.0,PSD,LAX
4771,47960.0,BVH,LAX
4772,47966.0,HWD,LAX
4773,47966.0,DTLA,LAX
4774,47970.0,HWD,LAX
4775,47970.0,WDHL,LAX
4776,47973.0,HWD,LAX
4777,47973.0,BVH,LAX
4778,47981.0,ANH,LAX
4779,47981.0,ANH,LAX
4780,48018.0,DTLA,LAX
4781,48019.0,DTLA,LAX
4782,48021.0,HWD,LAX
4783,48023.0,BVH,LAX
4784,48026.0,ANH,LAX
4785,48032.0,BVH,LAX
4786,48041.0,HWD,LAX
4787,48044.0,DTLA,LAX
4788,48058.0,BVH,LAX
4789,48059.0,WDHL,LAX
4790,48060.0,ANH,LAX
4791,48074.0,PSD,LAX
4792,48075.0,DTLA,LAX
4793,48091.0,ANH,LAX
4794,48101.0,ANH,LAX
4795,48104.0,HWD,LAX
4796,48119.0,PSD,LAX
4797,48146.0,DTLA,LAX
4798,48182.0,HWD,LAX
4799,48185.0,ANH,LAX
4800,48189.0,BVH,LAX
4801,48190.0,DTLA,LAX
4802,48191.0,PSD,LAX
4803,48194.0,DTLA,LAX
4804,48210.0,DTLA,LAX
4805,48212.0,HWD,LAX
4806,48214.0,DTLA,LAX
4807,48216.0,LGB,LAX
4808,48234.0,BVH,LAX
4809,48237.0,LGB,LAX
4810,48248.0,PSD,LAX
4811,48253.0,DTLA,LAX
4812,48269.0,PSD,LAX
4813,48272.0,DTLA,LAX
4814,48286.0,PSD,LAX
4815,48288.0,LGB,LAX
4816,48293.0,HWD,LAX
4817,48301.0,BVH,LAX
4818,48302.0,LGB,LAX
4819,48307.0,HWD,LAX
4820,48309.0,ANH,LAX
4821,48368.0,WDHL,LAX
4822,48379.0,ANH,LAX
4823,48381.0,ANH,LAX
4824,48385.0,HWD,LAX
4825,48399.0,DTLA,LAX
4826,48401.0,PSD,LAX
4827,48418.0,ANH,LAX
4828,48442.0,ANH,LAX
4829,48443.0,ANH,LAX
4830,48447.0,HWD,LAX
4831,48451.0,ANH,LAX
4832,48456.0,DTLA,LAX
4833,48460.0,ANH,LAX
4834,48466.0,DTLA,LAX
4835,48476.0,DTLA,LAX
4836,48483.0,LGB,LAX
4837,48495.0,HWD,LAX
4838,48498.0,DTLA,LAX
4839,48499.0,UVS,LAX
4840,48506.0,DTLA,LAX
4841,48507.0,UVS,LAX
4842,48517.0,LGB,LAX
4843,48525.0,LGB,LAX
4844,48527.0,BVH,LAX
4845,48531.0,ANH,LAX
4846,48540.0,ANH,LAX
4847,48546.0,PSD,LAX
4848,48551.0,HWD,LAX
4849,48561.0,LGB,LAX
4850,48564.0,HWD,LAX
4851,48579.0,ANH,LAX
4852,48591.0,ANH,LAX
4853,48593.0,BVH,LAX
4854,48600.0,DTLA,LAX
4855,48608.0,LGB,LAX
4856,48609.0,ANH,LAX
4857,48611.0,HWD,LAX
4858,48614.0,BVH,LAX
4859,48616.0,DTLA,LAX
4860,48631.0,HWD,LAX
4861,48633.0,LGB,LAX
4862,48638.0,HWD,LAX
4863,48645.0,PSD,LAX
4864,48649.0,ANH,LAX
4865,48658.0,ANH,LAX
4866,48669.0,BVH,LAX
4867,48683.0,LGB,LAX
4868,48701.0,DTLA,LAX
4869,48701.0,LGB,LAX
4870,48705.0,DTLA,LAX
4871,48718.0,PSD,LAX
4872,48722.0,HWD,LAX
4873,48728.0,PSD,LAX
4874,48732.0,UVS,LAX
4875,48733.0,LGB,LAX
4876,48740.0,LGB,LAX
4877,48742.0,DTLA,LAX
4878,48747.0,PSD,LAX
4879,48749.0,LGB,LAX
4880,48750.0,DTLA,LAX
4881,48760.0,DTLA,LAX
4882,48785.0,DTLA,LAX
4883,48789.0,ANH,LAX
4884,48791.0,PSD,LAX
4885,48803.0,HWD,LAX
4886,48809.0,HWD,LAX
4887,48812.0,LGB,LAX
4888,48818.0,BVH,LAX
4889,48822.0,DTLA,LAX
4890,48826.0,ANH,LAX
4891,48827.0,ANH,LAX
4892,48828.0,LGB,LAX
4893,48830.0,LGB,LAX
4894,48836.0,DTLA,LAX
4895,48839.0,DTLA,LAX
4896,48843.0,HWD,LAX
4897,48849.0,ANH,LAX
4898,48859.0,DTLA,LAX
4899,48867.0,DTLA,LAX
4900,48872.0,HWD,LAX
4901,48874.0,UVS,LAX
4902,48886.0,HWD,LAX
4903,48898.0,ANH,LAX
4904,48900.0,UVS,LAX
4905,48901.0,HWD,LAX
4906,48907.0,BVH,LAX
4907,48923.0,DTLA,LAX
4908,48925.0,PSD,LAX
4909,48931.0,DTLA,LAX
4910,48950.0,LGB,LAX
4911,48970.0,DTLA,LAX
4912,48972.0,HWD,LAX
4913,48975.0,HWD,LAX
4914,48989.0,DTLA,LAX
4915,48989.0,HWD,LAX
4916,48991.0,ANH,LAX
4917,48992.0,DTLA,LAX
4918,49019.0,HWD,LAX
4919,49033.0,HWD,LAX
4920,49034.0,BVH,LAX
4921,49034.0,ANH,LAX
4922,49035.0,LGB,LAX
4923,49044.0,ANH,LAX
4924,49050.0,DTLA,LAX
4925,49061.0,WDHL,LAX
4926,49063.0,ANH,LAX
4927,49085.0,DTLA,LAX
4928,49090.0,ANH,LAX
4929,49096.0,LGB,LAX
4930,49107.0,PSD,LAX
4931,49108.0,WDHL,LAX
4932,49114.0,UVS,LAX
4933,49116.0,BVH,LAX
4934,49119.0,PSD,LAX
4935,49124.0,LGB,LAX
4936,49126.0,HWD,LAX
4937,49129.0,DTLA,LAX
4938,49132.0,HWD,LAX
4939,49135.0,ANH,LAX
4940,49143.0,HWD,LAX
4941,49147.0,HWD,LAX
4942,49150.0,ANH,LAX
4943,49161.0,HWD,LAX
4944,49166.0,HWD,LAX
4945,49200.0,BVH,LAX
4946,49201.0,BVH,LAX
4947,49206.0,HWD,LAX
4948,49255.0,DTLA,LAX
4949,49259.0,HWD,LAX
4950,49276.0,PSD,LAX
4951,49278.0,DTLA,LAX
4952,49280.0,UVS,LAX
4953,49295.0,WDHL,LAX
4954,49298.0,DTLA,LAX
4955,49304.0,HWD,LAX
4956,49322.0,HWD,LAX
4957,49348.0,LGB,LAX
4958,49366.0,BVH,LAX
4959,49369.0,ANH,LAX
4960,49406.0,DTLA,LAX
4961,49420.0,ANH,LAX
4962,49425.0,DTLA,LAX
4963,49448.0,ANH,LAX
4964,49476.0,ANH,LAX
4965,49476.0,UVS,LAX
4966,49477.0,DTLA,LAX
4967,49483.0,PSD,LAX
4968,49497.0,UVS,LAX
4969,49503.0,HWD,LAX
4970,49511.0,DTLA,LAX
4971,49514.0,HWD,LAX
4972,49515.0,WDHL,LAX
4973,49527.0,PSD,LAX
4974,49530.0,HWD,LAX
4975,49530.0,HWD,LAX
4976,49533.0,DTLA,LAX
4977,49551.0,PSD,LAX
4978,49553.0,WDHL,LAX
4979,49558.0,DTLA,LAX
4980,49565.0,LGB,LAX
4981,49578.0,HWD,LAX
4982,49581.0,DTLA,LAX
4983,49583.0,HWD,LAX
4984,49586.0,ANH,LAX
4985,49628.0,HWD,LAX
4986,49632.0,HWD,LAX
4987,49641.0,HWD,LAX
4988,49645.0,ANH,LAX
4989,49647.0,BVH,LAX
4990,49660.0,DTLA,LAX
4991,49686.0,DTLA,LAX
4992,49687.0,BVH,LAX
4993,49704.0,DTLA,LAX
4994,49722.0,LGB,LAX
4995,49754.0,DTLA,LAX
4996,49760.0,ANH,LAX
4997,49768.0,ANH,LAX
4998,49772.0,DTLA,LAX
4999,49776.0,HWD,LAX
5000,49781.0,PSD,LAX
5001,49804.0,HWD,LAX
5002,49804.0,DTLA,LAX
5003,49805.0,LGB,LAX
5004,49806.0,LGB,LAX
5005,49808.0,PSD,LAX
5006,49811.0,UVS,LAX
5007,49827.0,LGB,LAX
5008,49834.0,WDHL,LAX
5009,49844.0,BVH,LAX
5010,49871.0,HWD,LAX
5011,49877.0,PSD,LAX
5012,49884.0,ANH,LAX
5013,49888.0,HWD,LAX
5014,49892.0,ANH,LAX
5015,49896.0,HWD,LAX
5016,49902.0,DTLA,LAX
5017,49904.0,HWD,LAX
5018,49915.0,HWD,LAX
5019,49922.0,DTLA,LAX
5020,49925.0,HWD,LAX
5021,49930.0,ANH,LAX
5022,49937.0,ANH,LAX
5023,49943.0,DTLA,LAX
5024,49959.0,LGB,LAX
5025,49960.0,DTLA,LAX
5026,49982.0,LGB,LAX
5027,49995.0,HWD,LAX
5028,49998.0,ANH,LAX
5029,50013.0,BVH,LAX
5030,50024.0,ANH,LAX
5031,50028.0,HWD,LAX
5032,50034.0,DTLA,LAX
5033,50045.0,DTLA,LAX
5034,50046.0,PSD,LAX
5035,50048.0,WDHL,LAX
5036,50048.0,PSD,LAX
5037,50074.0,HWD,LAX
5038,50075.0,HWD,LAX
5039,50079.0,ANH,LAX
5040,50080.0,DTLA,LAX
5041,50089.0,PSD,LAX
5042,50106.0,HWD,LAX
5043,50108.0,WDHL,LAX
5044,50110.0,UVS,LAX
5045,50127.0,DTLA,LAX
5046,50134.0,ANH,LAX
5047,50135.0,DTLA,LAX
5048,50137.0,DTLA,LAX
5049,50140.0,LGB,LAX
5050,50154.0,LGB,LAX
5051,50156.0,ANH,LAX
5052,50157.0,ANH,LAX
5053,50164.0,WDHL,LAX
5054,50184.0,PSD,LAX
5055,50185.0,ANH,LAX
5056,50194.0,DTLA,LAX
5057,50215.0,PSD,LAX
5058,50230.0,DTLA,LAX
5059,50233.0,LGB,LAX
5060,50238.0,HWD,LAX
5061,50241.0,PSD,LAX
5062,50251.0,HWD,LAX
5063,50263.0,HWD,LAX
5064,50270.0,HWD,LAX
5065,50281.0,LGB,LAX
5066,50292.0,UVS,LAX
5067,50293.0,HWD,LAX
5068,50301.0,BVH,LAX
5069,50301.0,ANH,LAX
5070,50309.0,DTLA,LAX
5071,50319.0,PSD,LAX
5072,50326.0,DTLA,LAX
5073,50330.0,HWD,LAX
5074,50351.0,LGB,LAX
5075,50360.0,HWD,LAX
5076,50361.0,UVS,LAX
5077,50367.0,DTLA,LAX
5078,50369.0,ANH,LAX
5079,50399.0,LGB,LAX
5080,50405.0,DTLA,LAX
5081,50432.0,LGB,LAX
5082,50433.0,LGB,LAX
5083,50443.0,ANH,LAX
5084,50453.0,ANH,LAX
5085,50455.0,PSD,LAX
5086,50465.0,HWD,LAX
5087,50482.0,DTLA,LAX
5088,50484.0,LGB,LAX
5089,50485.0,LGB,LAX
5090,50493.0,LGB,LAX
5091,50514.0,BVH,LAX
5092,50523.0,DTLA,LAX
5093,50531.0,DTLA,LAX
5094,50555.0,DTLA,LAX
5095,50560.0,BVH,LAX
5096,50566.0,LGB,LAX
5097,50573.0,UVS,LAX
5098,50580.0,ANH,LAX
5099,50586.0,LGB,LAX
5100,50588.0,DTLA,LAX
5101,50597.0,BVH,LAX
5102,50601.0,DTLA,LAX
5103,50616.0,HWD,LAX
5104,50618.0,LGB,LAX
5105,50622.0,PSD,LAX
5106,50636.0,UVS,LAX
5107,50653.0,ANH,LAX
5108,50653.0,PSD,LAX
5109,50661.0,ANH,LAX
5110,50667.0,ANH,LAX
5111,50677.0,LGB,LAX
5112,50683.0,ANH,LAX
5113,50705.0,DTLA,LAX
5114,50708.0,BVH,LAX
5115,50715.0,ANH,LAX
5116,50717.0,ANH,LAX
5117,50721.0,DTLA,LAX
5118,50739.0,ANH,LAX
5119,50740.0,PSD,LAX
5120,50747.0,DTLA,LAX
5121,50751.0,ANH,LAX
5122,50751.0,ANH,LAX
5123,50756.0,WDHL,LAX
5124,50758.0,PSD,LAX
5125,50763.0,DTLA,LAX
5126,50764.0,ANH,LAX
5127,50774.0,DTLA,LAX
5128,50786.0,PSD,LAX
5129,50788.0,DTLA,LAX
5130,50800.0,PSD,LAX
5131,50819.0,DTLA,LAX
5132,50820.0,WDHL,LAX
5133,50835.0,HWD,LAX
5134,50856.0,BVH,LAX
5135,50875.0,HWD,LAX
5136,50905.0,LGB,LAX
5137,50914.0,PSD,LAX
5138,50924.0,WDHL,LAX
5139,50940.0,LGB,LAX
5140,50953.0,DTLA,LAX
5141,50965.0,UVS,LAX
5142,50970.0,ANH,LAX
5143,50979.0,ANH,LAX
5144,50980.0,ANH,LAX
5145,50990.0,ANH,LAX
5146,50992.0,UVS,LAX
5147,50998.0,ANH,LAX
5148,51015.0,WDHL,LAX
5149,51063.0,PSD,LAX
5150,51064.0,ANH,LAX
5151,51066.0,LGB,LAX
5152,51074.0,ANH,LAX
5153,51087.0,WDHL,LAX
5154,51099.0,HWD,LAX
5155,51113.0,DTLA,LAX
5156,51125.0,ANH,LAX
5157,51128.0,ANH,LAX
5158,51135.0,LGB,LAX
5159,51135.0,ANH,LAX
5160,51152.0,LGB,LAX
5161,51165.0,ANH,LAX
5162,51168.0,PSD,LAX
5163,51174.0,DTLA,LAX
5164,51176.0,PSD,LAX
5165,51198.0,DTLA,LAX
5166,51204.0,DTLA,LAX
5167,51205.0,HWD,LAX
5168,51214.0,BVH,LAX
5169,51214.0,ANH,LAX
5170,51220.0,DTLA,LAX
5171,51230.0,BVH,LAX
5172,51241.0,ANH,LAX
5173,51253.0,DTLA,LAX
5174,51261.0,DTLA,LAX
5175,51287.0,ANH,LAX
5176,51288.0,DTLA,LAX
5177,51289.0,LGB,LAX
5178,51291.0,LGB,LAX
5179,51297.0,DTLA,LAX
5180,51303.0,HWD,LAX
5181,51321.0,LGB,LAX
5182,51336.0,DTLA,LAX
5183,51338.0,LGB,LAX
5184,51345.0,DTLA,LAX
5185,51346.0,ANH,LAX
5186,51353.0,LGB,LAX
5187,51354.0,DTLA,LAX
5188,51357.0,BVH,LAX
5189,51361.0,DTLA,LAX
5190,51365.0,DTLA,LAX
5191,51383.0,BVH,LAX
5192,51389.0,PSD,LAX
5193,51397.0,WDHL,LAX
5194,51403.0,DTLA,LAX
5195,51416.0,ANH,LAX
5196,51416.0,HWD,LAX
5197,51427.0,HWD,LAX
5198,51430.0,DTLA,LAX
5199,51444.0,PSD,LAX
5200,51456.0,DTLA,LAX
5201,51457.0,PSD,LAX
5202,51461.0,PSD,LAX
5203,51468.0,DTLA,LAX
5204,51475.0,ANH,LAX
5205,51479.0,DTLA,LAX
5206,51498.0,BVH,LAX
5207,51500.0,ANH,LAX
5208,51501.0,DTLA,LAX
5209,51523.0,BVH,LAX
5210,51552.0,HWD,LAX
5211,51564.0,LGB,LAX
5212,51578.0,ANH,LAX
5213,51597.0,HWD,LAX
5214,51604.0,ANH,LAX
5215,51604.0,HWD,LAX
5216,51610.0,UVS,LAX
5217,51642.0,PSD,LAX
5218,51651.0,DTLA,LAX
5219,51664.0,UVS,LAX
5220,51665.0,DTLA,LAX
5221,51669.0,HWD,LAX
5222,51671.0,ANH,LAX
5223,51672.0,HWD,LAX
5224,51720.0,PSD,LAX
5225,51730.0,HWD,LAX
5226,51740.0,LGB,LAX
5227,51748.0,WDHL,LAX
5228,51773.0,DTLA,LAX
5229,51775.0,BVH,LAX
5230,51784.0,DTLA,LAX
5231,51787.0,BVH,LAX
5232,51800.0,DTLA,LAX
5233,51843.0,HWD,LAX
5234,51846.0,DTLA,LAX
5235,51848.0,DTLA,LAX
5236,51861.0,HWD,LAX
5237,51865.0,DTLA,LAX
5238,51871.0,DTLA,LAX
5239,51875.0,DTLA,LAX
5240,51885.0,ANH,LAX
5241,51889.0,DTLA,LAX
5242,51911.0,HWD,LAX
5243,51919.0,BVH,LAX
5244,51923.0,HWD,LAX
5245,51933.0,WDHL,LAX
5246,51951.0,DTLA,LAX
5247,51953.0,ANH,LAX
5248,51980.0,DTLA,LAX
5249,51980.0,DTLA,LAX
5250,51982.0,LGB,LAX
5251,51985.0,LGB,LAX
5252,51986.0,LGB,LAX
5253,51991.0,PSD,LAX
5254,52005.0,LGB,LAX
5255,52011.0,BVH,LAX
5256,52043.0,DTLA,LAX
5257,52061.0,DTLA,LAX
5258,52066.0,DTLA,LAX
5259,52073.0,DTLA,LAX
5260,52101.0,HWD,LAX
5261,52102.0,PSD,LAX
5262,52105.0,ANH,LAX
5263,52110.0,LGB,LAX
5264,52121.0,HWD,LAX
5265,52123.0,LGB,LAX
5266,52137.0,WDHL,LAX
5267,52162.0,HWD,LAX
5268,52164.0,UVS,LAX
5269,52175.0,PSD,LAX
5270,52180.0,DTLA,LAX
5271,52184.0,LGB,LAX
5272,52184.0,WDHL,LAX
5273,52188.0,BVH,LAX
5274,52191.0,WDHL,LAX
5275,52208.0,DTLA,LAX
5276,52225.0,ANH,LAX
5277,52226.0,PSD,LAX
5278,52249.0,HWD,LAX
5279,52261.0,LGB,LAX
5280,52286.0,HWD,LAX
5281,52301.0,HWD,LAX
5282,52301.0,ANH,LAX
5283,52330.0,UVS,LAX
5284,52338.0,UVS,LAX
5285,52341.0,HWD,LAX
5286,52344.0,DTLA,LAX
5287,52355.0,HWD,LAX
5288,52356.0,BVH,LAX
5289,52371.0,BVH,LAX
5290,52376.0,ANH,LAX
5291,52385.0,ANH,LAX
5292,52389.0,ANH,LAX
5293,52392.0,DTLA,LAX
5294,52399.0,HWD,LAX
5295,52404.0,ANH,LAX
5296,52408.0,DTLA,LAX
5297,52409.0,BVH,LAX
5298,52421.0,ANH,LAX
5299,52423.0,UVS,LAX
5300,52443.0,WDHL,LAX
5301,52448.0,DTLA,LAX
5302,52459.0,DTLA,LAX
5303,52474.0,HWD,LAX
5304,52494.0,ANH,LAX
5305,52501.0,PSD,LAX
5306,52501.0,HWD,LAX
5307,52506.0,BVH,LAX
5308,52507.0,PSD,LAX
5309,52514.0,DTLA,LAX
5310,52521.0,DTLA,LAX
5311,52528.0,PSD,LAX
5312,52536.0,DTLA,LAX
5313,52541.0,BVH,LAX
5314,52545.0,DTLA,LAX
5315,52555.0,LGB,LAX
5316,52562.0,UVS,LAX
5317,52564.0,HWD,LAX
5318,52567.0,DTLA,LAX
5319,52573.0,UVS,LAX
5320,52589.0,WDHL,LAX
5321,52592.0,ANH,LAX
5322,52612.0,PSD,LAX
5323,52620.0,LGB,LAX
5324,52631.0,UVS,LAX
5325,52633.0,ANH,LAX
5326,52635.0,BVH,LAX
5327,52645.0,ANH,LAX
5328,52656.0,LGB,LAX
5329,52678.0,DTLA,LAX
5330,52684.0,ANH,LAX
5331,52691.0,ANH,LAX
5332,52702.0,PSD,LAX
5333,52716.0,DTLA,LAX
5334,52718.0,HWD,LAX
5335,52719.0,LGB,LAX
5336,52724.0,DTLA,LAX
5337,52729.0,LGB,LAX
5338,52736.0,LGB,LAX
5339,52743.0,DTLA,LAX
5340,52747.0,UVS,LAX
5341,52752.0,HWD,LAX
5342,52753.0,WDHL,LAX
5343,52771.0,WDHL,LAX
5344,52791.0,DTLA,LAX
5345,52794.0,UVS,LAX
5346,52795.0,LGB,LAX
5347,52808.0,DTLA,LAX
5348,52814.0,BVH,LAX
5349,52821.0,WDHL,LAX
5350,52823.0,LGB,LAX
5351,52830.0,BVH,LAX
5352,52845.0,LGB,LAX
5353,52852.0,DTLA,LAX
5354,52864.0,DTLA,LAX
5355,52865.0,ANH,LAX
5356,52881.0,ANH,LAX
5357,52892.0,DTLA,LAX
5358,52915.0,UVS,LAX
5359,52925.0,HWD,LAX
5360,52933.0,DTLA,LAX
5361,52933.0,UVS,LAX
5362,52937.0,DTLA,LAX
5363,52951.0,DTLA,LAX
5364,52952.0,LGB,LAX
5365,52991.0,HWD,LAX
5366,52999.0,ANH,LAX
5367,53013.0,DTLA,LAX
5368,53030.0,LGB,LAX
5369,53048.0,PSD,LAX
5370,53060.0,HWD,LAX
5371,53065.0,BVH,LAX
5372,53075.0,DTLA,LAX
5373,53080.0,ANH,LAX
5374,53081.0,BVH,LAX
5375,53090.0,LGB,LAX
5376,53094.0,LGB,LAX
5377,53096.0,DTLA,LAX
5378,53111.0,DTLA,LAX
5379,53139.0,DTLA,LAX
5380,53144.0,ANH,LAX
5381,53145.0,LGB,LAX
5382,53156.0,LGB,LAX
5383,53169.0,ANH,LAX
5384,53171.0,DTLA,LAX
5385,53175.0,ANH,LAX
5386,53179.0,HWD,LAX
5387,53195.0,BVH,LAX
5388,53204.0,DTLA,LAX
5389,53213.0,PSD,LAX
5390,53214.0,LGB,LAX
5391,53217.0,HWD,LAX
5392,53217.0,WDHL,LAX
5393,53228.0,ANH,LAX
5394,53230.0,DTLA,LAX
5395,53237.0,HWD,LAX
5396,53238.0,BVH,LAX
5397,53247.0,BVH,LAX
5398,53251.0,LGB,LAX
5399,53265.0,DTLA,LAX
5400,53278.0,UVS,LAX
5401,53283.0,ANH,LAX
5402,53301.0,HWD,LAX
5403,53302.0,HWD,LAX
5404,53303.0,BVH,LAX
5405,53307.0,LGB,LAX
5406,53307.0,LGB,LAX
5407,53314.0,PSD,LAX
5408,53315.0,DTLA,LAX
5409,53326.0,ANH,LAX
5410,53339.0,ANH,LAX
5411,53346.0,WDHL,LAX
5412,53350.0,HWD,LAX
5413,53351.0,DTLA,LAX
5414,53359.0,ANH,LAX
5415,53376.0,DTLA,LAX
5416,53386.0,BVH,LAX
5417,53390.0,HWD,LAX
5418,53410.0,LGB,LAX
5419,53410.0,DTLA,LAX
5420,53415.0,UVS,LAX
5421,53421.0,ANH,LAX
5422,53432.0,PSD,LAX
5423,53433.0,DTLA,LAX
5424,53433.0,ANH,LAX
5425,53435.0,BVH,LAX
5426,53435.0,ANH,LAX
5427,53437.0,ANH,LAX
5428,53438.0,HWD,LAX
5429,53445.0,WDHL,LAX
5430,53451.0,HWD,LAX
5431,53452.0,DTLA,LAX
5432,53454.0,BVH,LAX
5433,53455.0,ANH,LAX
5434,53462.0,ANH,LAX
5435,53465.0,ANH,LAX
5436,53467.0,DTLA,LAX
5437,53470.0,ANH,LAX
5438,53497.0,PSD,LAX
5439,53506.0,ANH,LAX
5440,53519.0,WDHL,LAX
5441,53531.0,ANH,LAX
5442,53534.0,WDHL,LAX
5443,53535.0,HWD,LAX
5444,53559.0,DTLA,LAX
5445,53571.0,LGB,LAX
5446,53578.0,DTLA,LAX
5447,53583.0,DTLA,LAX
5448,53600.0,LGB,LAX
5449,53604.0,HWD,LAX
5450,53608.0,BVH,LAX
5451,53613.0,LGB,LAX
5452,53621.0,BVH,LAX
5453,53626.0,WDHL,LAX
5454,53636.0,ANH,LAX
5455,53649.0,HWD,LAX
5456,53649.0,UVS,LAX
5457,53650.0,DTLA,LAX
5458,53657.0,WDHL,LAX
5459,53661.0,ANH,LAX
5460,53663.0,LGB,LAX
5461,53666.0,ANH,LAX
5462,53673.0,PSD,LAX
5463,53673.0,DTLA,LAX
5464,53685.0,BVH,LAX
5465,53688.0,BVH,LAX
5466,53688.0,DTLA,LAX
5467,53702.0,WDHL,LAX
5468,53703.0,LGB,LAX
5469,53715.0,PSD,LAX
5470,53742.0,ANH,LAX
5471,53753.0,HWD,LAX
5472,53761.0,ANH,LAX
5473,53762.0,LGB,LAX
5474,53762.0,LGB,LAX
5475,53767.0,BVH,LAX
5476,53788.0,DTLA,LAX
5477,53802.0,HWD,LAX
5478,53804.0,DTLA,LAX
5479,53811.0,UVS,LAX
5480,53817.0,WDHL,LAX
5481,53817.0,DTLA,LAX
5482,53823.0,BVH,LAX
5483,53828.0,ANH,LAX
5484,53836.0,HWD,LAX
5485,53839.0,ANH,LAX
5486,53860.0,LGB,LAX
5487,53863.0,DTLA,LAX
5488,53865.0,ANH,LAX
5489,53865.0,LGB,LAX
5490,53870.0,BVH,LAX
5491,53871.0,DTLA,LAX
5492,53873.0,PSD,LAX
5493,53875.0,WDHL,LAX
5494,53876.0,DTLA,LAX
5495,53898.0,DTLA,LAX
5496,53902.0,LGB,LAX
5497,53950.0,DTLA,LAX
5498,53956.0,DTLA,LAX
5499,53956.0,HWD,LAX
5500,53957.0,UVS,LAX
5501,53960.0,HWD,LAX
5502,53977.0,BVH,LAX
5503,53985.0,HWD,LAX
5504,53998.0,ANH,LAX
5505,54000.0,DTLA,LAX
5506,54003.0,UVS,LAX
5507,54018.0,DTLA,LAX
5508,54025.0,LGB,LAX
5509,54028.0,ANH,LAX
5510,54030.0,DTLA,LAX
5511,54037.0,BVH,LAX
5512,54042.0,LGB,LAX
5513,54043.0,ANH,LAX
5514,54054.0,HWD,LAX
5515,54055.0,WDHL,LAX
5516,54064.0,LGB,LAX
5517,54078.0,BVH,LAX
5518,54092.0,DTLA,LAX
5519,54093.0,PSD,LAX
5520,54096.0,PSD,LAX
5521,54103.0,PSD,LAX
5522,54106.0,ANH,LAX
5523,54110.0,HWD,LAX
5524,54115.0,PSD,LAX
5525,54117.0,HWD,LAX
5526,54127.0,BVH,LAX
5527,54130.0,PSD,LAX
5528,54146.0,UVS,LAX
5529,54164.0,DTLA,LAX
5530,54168.0,BVH,LAX
5531,54169.0,ANH,LAX
5532,54170.0,ANH,LAX
5533,54170.0,BVH,LAX
5534,54170.0,ANH,LAX
5535,54182.0,DTLA,LAX
5536,54188.0,LGB,LAX
5537,54196.0,PSD,LAX
5538,54212.0,LGB,LAX
5539,54216.0,ANH,LAX
5540,54225.0,BVH,LAX
5541,54229.0,ANH,LAX
5542,54230.0,DTLA,LAX
5543,54238.0,HWD,LAX
5544,54242.0,PSD,LAX
5545,54269.0,UVS,LAX
5546,54271.0,LGB,LAX
5547,54276.0,UVS,LAX
5548,54277.0,HWD,LAX
5549,54279.0,DTLA,LAX
5550,54280.0,WDHL,LAX
5551,54290.0,UVS,LAX
5552,54293.0,PSD,LAX
5553,54294.0,DTLA,LAX
5554,54300.0,HWD,LAX
5555,54304.0,WDHL,LAX
5556,54308.0,DTLA,LAX
5557,54325.0,ANH,LAX
5558,54331.0,PSD,LAX
5559,54338.0,HWD,LAX
5560,54340.0,ANH,LAX
5561,54342.0,WDHL,LAX
5562,54348.0,LGB,LAX
5563,54348.0,LGB,LAX
5564,54350.0,LGB,LAX
5565,54356.0,DTLA,LAX
5566,54358.0,WDHL,LAX
5567,54361.0,HWD,LAX
5568,54372.0,LGB,LAX
5569,54373.0,HWD,LAX
5570,54374.0,WDHL,LAX
5571,54382.0,ANH,LAX
5572,54383.0,LGB,LAX
5573,54392.0,BVH,LAX
5574,54402.0,WDHL,LAX
5575,54406.0,HWD,LAX
5576,54408.0,ANH,LAX
5577,54418.0,ANH,LAX
5578,54421.0,LGB,LAX
5579,54425.0,ANH,LAX
5580,54434.0,LGB,LAX
5581,54435.0,WDHL,LAX
5582,54439.0,LGB,LAX
5583,54450.0,HWD,LAX
5584,54457.0,HWD,LAX
5585,54458.0,PSD,LAX
5586,54464.0,LGB,LAX
5587,54467.0,WDHL,LAX
5588,54478.0,DTLA,LAX
5589,54481.0,LGB,LAX
5590,54484.0,HWD,LAX
5591,54485.0,ANH,LAX
5592,54497.0,PSD,LAX
5593,54505.0,ANH,LAX
5594,54513.0,ANH,LAX
5595,54515.0,BVH,LAX
5596,54517.0,PSD,LAX
5597,54520.0,PSD,LAX
5598,54527.0,LGB,LAX
5599,54529.0,DTLA,LAX
5600,54534.0,UVS,LAX
5601,54535.0,PSD,LAX
5602,54536.0,LGB,LAX
5603,54538.0,HWD,LAX
5604,54538.0,WDHL,LAX
5605,54560.0,DTLA,LAX
5606,54564.0,DTLA,LAX
5607,54572.0,HWD,LAX
5608,54576.0,DTLA,LAX
5609,54606.0,DTLA,LAX
5610,54610.0,ANH,LAX
5611,54611.0,ANH,LAX
5612,54615.0,BVH,LAX
5613,54629.0,LGB,LAX
5614,54630.0,HWD,LAX
5615,54632.0,DTLA,LAX
5616,54634.0,BVH,LAX
5617,54634.0,HWD,LAX
5618,54636.0,ANH,LAX
5619,54666.0,HWD,LAX
5620,54701.0,DTLA,LAX
5621,54712.0,WDHL,LAX
5622,54734.0,HWD,LAX
5623,54735.0,DTLA,LAX
5624,54748.0,HWD,LAX
5625,54751.0,BVH,LAX
5626,54753.0,BVH,LAX
5627,54759.0,DTLA,LAX
5628,54767.0,UVS,LAX
5629,54769.0,WDHL,LAX
5630,54770.0,PSD,LAX
5631,54772.0,ANH,LAX
5632,54772.0,BVH,LAX
5633,54780.0,PSD,LAX
5634,54793.0,HWD,LAX
5635,54800.0,BVH,LAX
5636,54826.0,BVH,LAX
5637,54834.0,LGB,LAX
5638,54837.0,HWD,LAX
5639,54841.0,DTLA,LAX
5640,54844.0,DTLA,LAX
5641,54850.0,LGB,LAX
5642,54863.0,PSD,LAX
5643,54872.0,DTLA,LAX
5644,54886.0,ANH,LAX
5645,54902.0,DTLA,LAX
5646,54907.0,PSD,LAX
5647,54913.0,WDHL,LAX
5648,54920.0,HWD,LAX
5649,54930.0,WDHL,LAX
5650,54931.0,DTLA,LAX
5651,54935.0,UVS,LAX
5652,54936.0,DTLA,LAX
5653,54938.0,HWD,LAX
5654,54957.0,DTLA,LAX
5655,54959.0,DTLA,LAX
5656,54976.0,ANH,LAX
5657,54977.0,PSD,LAX
5658,54989.0,PSD,LAX
5659,54993.0,DTLA,LAX
5660,55000.0,DTLA,LAX
5661,55007.0,HWD,LAX
5662,55009.0,PSD,LAX
5663,55022.0,LGB,LAX
5664,55023.0,DTLA,LAX
5665,55023.0,ANH,LAX
5666,55033.0,DTLA,LAX
5667,55035.0,BVH,LAX
5668,55035.0,PSD,LAX
5669,55036.0,DTLA,LAX
5670,55053.0,HWD,LAX
5671,55063.0,DTLA,LAX
5672,55067.0,BVH,LAX
5673,55070.0,DTLA,LAX
5674,55073.0,ANH,LAX
5675,55096.0,HWD,LAX
5676,55100.0,DTLA,LAX
5677,55106.0,ANH,LAX
5678,55112.0,PSD,LAX
5679,55113.0,ANH,LAX
5680,55115.0,HWD,LAX
5681,55117.0,BVH,LAX
5682,55120.0,HWD,LAX
5683,55126.0,WDHL,LAX
5684,55127.0,UVS,LAX
5685,55136.0,LGB,LAX
5686,55140.0,ANH,LAX
5687,55148.0,DTLA,LAX
5688,55180.0,HWD,LAX
5689,55196.0,ANH,LAX
5690,55202.0,LGB,LAX
5691,55208.0,HWD,LAX
5692,55210.0,DTLA,LAX
5693,55212.0,ANH,LAX
5694,55215.0,HWD,LAX
5695,55217.0,HWD,LAX
5696,55235.0,LGB,LAX
5697,55236.0,ANH,LAX
5698,55244.0,DTLA,LAX
5699,55263.0,HWD,LAX
5700,55265.0,HWD,LAX
5701,55267.0,UVS,LAX
5702,55282.0,DTLA,LAX
5703,55284.0,ANH,LAX
5704,55301.0,HWD,LAX
5705,55305.0,HWD,LAX
5706,55314.0,DTLA,LAX
5707,55323.0,HWD,LAX
5708,55328.0,DTLA,LAX
5709,55332.0,ANH,LAX
5710,55341.0,WDHL,LAX
5711,55343.0,BVH,LAX
5712,55344.0,PSD,LAX
5713,55344.0,HWD,LAX
5714,55345.0,DTLA,LAX
5715,55349.0,UVS,LAX
5716,55349.0,PSD,LAX
5717,55365.0,BVH,LAX
5718,55369.0,PSD,LAX
5719,55370.0,DTLA,LAX
5720,55371.0,DTLA,LAX
5721,55406.0,DTLA,LAX
5722,55411.0,PSD,LAX
5723,55438.0,BVH,LAX
5724,55444.0,DTLA,LAX
5725,55447.0,HWD,LAX
5726,55453.0,HWD,LAX
5727,55486.0,DTLA,LAX
5728,55508.0,WDHL,LAX
5729,55511.0,DTLA,LAX
5730,55532.0,HWD,LAX
5731,55541.0,UVS,LAX
5732,55550.0,WDHL,LAX
5733,55551.0,ANH,LAX
5734,55570.0,WDHL,LAX
5735,55587.0,HWD,LAX
5736,55598.0,HWD,LAX
5737,55608.0,DTLA,LAX
5738,55638.0,LGB,LAX
5739,55644.0,LGB,LAX
5740,55659.0,DTLA,LAX
5741,55661.0,HWD,LAX
5742,55689.0,BVH,LAX
5743,55689.0,ANH,LAX
5744,55691.0,BVH,LAX
5745,55695.0,PSD,LAX
5746,55697.0,PSD,LAX
5747,55701.0,UVS,LAX
5748,55701.0,ANH,LAX
5749,55709.0,ANH,LAX
5750,55719.0,PSD,LAX
5751,55719.0,UVS,LAX
5752,55723.0,HWD,LAX
5753,55723.0,HWD,LAX
5754,55735.0,HWD,LAX
5755,55735.0,ANH,LAX
5756,55736.0,HWD,LAX
5757,55738.0,LGB,LAX
5758,55738.0,LGB,LAX
5759,55742.0,UVS,LAX
5760,55746.0,HWD,LAX
5761,55751.0,WDHL,LAX
5762,55757.0,PSD,LAX
5763,55761.0,HWD,LAX
5764,55764.0,BVH,LAX
5765,55771.0,LGB,LAX
5766,55775.0,HWD,LAX
5767,55779.0,DTLA,LAX
5768,55790.0,DTLA,LAX
5769,55795.0,DTLA,LAX
5770,55797.0,HWD,LAX
5771,55810.0,ANH,LAX
5772,55818.0,DTLA,LAX
5773,55820.0,PSD,LAX
5774,55823.0,DTLA,LAX
5775,55824.0,ANH,LAX
5776,55829.0,PSD,LAX
5777,55833.0,LGB,LAX
5778,55835.0,ANH,LAX
5779,55843.0,HWD,LAX
5780,55844.0,HWD,LAX
5781,55850.0,PSD,LAX
5782,55865.0,DTLA,LAX
5783,55866.0,BVH,LAX
5784,55866.0,ANH,LAX
5785,55873.0,ANH,LAX
5786,55874.0,ANH,LAX
5787,55875.0,UVS,LAX
5788,55879.0,HWD,LAX
5789,55879.0,ANH,LAX
5790,55881.0,DTLA,LAX
5791,55883.0,DTLA,LAX
5792,55885.0,PSD,LAX
5793,55888.0,DTLA,LAX
5794,55894.0,DTLA,LAX
5795,55903.0,ANH,LAX
5796,55903.0,ANH,LAX
5797,55905.0,ANH,LAX
5798,55906.0,BVH,LAX
5799,55927.0,BVH,LAX
5800,55930.0,HWD,LAX
5801,55931.0,ANH,LAX
5802,55934.0,BVH,LAX
5803,55936.0,UVS,LAX
5804,55941.0,ANH,LAX
5805,55944.0,PSD,LAX
5806,55945.0,ANH,LAX
5807,55952.0,PSD,LAX
5808,55952.0,HWD,LAX
5809,55957.0,BVH,LAX
5810,55962.0,HWD,LAX
5811,55966.0,HWD,LAX
5812,55970.0,UVS,LAX
5813,55972.0,DTLA,LAX
5814,55991.0,ANH,LAX
5815,55995.0,HWD,LAX
5816,55999.0,BVH,LAX
5817,56002.0,PSD,LAX
5818,56004.0,DTLA,LAX
5819,56005.0,ANH,LAX
5820,56006.0,HWD,LAX
5821,56011.0,UVS,LAX
5822,56034.0,ANH,LAX
5823,56040.0,WDHL,LAX
5824,56043.0,HWD,LAX
5825,56056.0,LGB,LAX
5826,56058.0,DTLA,LAX
5827,56058.0,ANH,LAX
5828,56061.0,UVS,LAX
5829,56061.0,UVS,LAX
5830,56075.0,DTLA,LAX
5831,56083.0,HWD,LAX
5832,56090.0,PSD,LAX
5833,56096.0,WDHL,LAX
5834,56102.0,HWD,LAX
5835,56107.0,DTLA,LAX
5836,56110.0,WDHL,LAX
5837,56120.0,ANH,LAX
5838,56137.0,WDHL,LAX
5839,56137.0,DTLA,LAX
5840,56141.0,HWD,LAX
5841,56142.0,DTLA,LAX
5842,56159.0,UVS,LAX
5843,56163.0,LGB,LAX
5844,56165.0,ANH,LAX
5845,56168.0,ANH,LAX
5846,56171.0,HWD,LAX
5847,56176.0,PSD,LAX
5848,56196.0,UVS,LAX
5849,56202.0,UVS,LAX
5850,56212.0,LGB,LAX
5851,56214.0,HWD,LAX
5852,56228.0,PSD,LAX
5853,56237.0,UVS,LAX
5854,56248.0,HWD,LAX
5855,56259.0,LGB,LAX
5856,56264.0,LGB,LAX
5857,56266.0,DTLA,LAX
5858,56275.0,ANH,LAX
5859,56278.0,WDHL,LAX
5860,56293.0,LGB,LAX
5861,56293.0,ANH,LAX
5862,56298.0,BVH,LAX
5863,56301.0,HWD,LAX
5864,56306.0,LGB,LAX
5865,56312.0,ANH,LAX
5866,56313.0,LGB,LAX
5867,56326.0,DTLA,LAX
5868,56337.0,HWD,LAX
5869,56340.0,LGB,LAX
5870,56347.0,DTLA,LAX
5871,56354.0,ANH,LAX
5872,56355.0,ANH,LAX
5873,56356.0,HWD,LAX
5874,56357.0,DTLA,LAX
5875,56359.0,DTLA,LAX
5876,56359.0,HWD,LAX
5877,56366.0,HWD,LAX
5878,56371.0,HWD,LAX
5879,56374.0,PSD,LAX
5880,56382.0,ANH,LAX
5881,56387.0,DTLA,LAX
5882,56393.0,HWD,LAX
5883,56395.0,LGB,LAX
5884,56409.0,LGB,LAX
5885,56413.0,LGB,LAX
5886,56417.0,UVS,LAX
5887,56423.0,DTLA,LAX
5888,56433.0,HWD,LAX
5889,56446.0,HWD,LAX
5890,56464.0,HWD,LAX
5891,56464.0,DTLA,LAX
5892,56465.0,HWD,LAX
5893,56467.0,BVH,LAX
5894,56481.0,DTLA,LAX
5895,56487.0,LGB,LAX
5896,56488.0,PSD,LAX
5897,56490.0,ANH,LAX
5898,56498.0,HWD,LAX
5899,56519.0,LGB,LAX
5900,56532.0,DTLA,LAX
5901,56541.0,UVS,LAX
5902,56541.0,LGB,LAX
5903,56542.0,BVH,LAX
5904,56550.0,BVH,LAX
5905,56554.0,DTLA,LAX
5906,56568.0,HWD,LAX
5907,56577.0,BVH,LAX
5908,56590.0,BVH,LAX
5909,56594.0,BVH,LAX
5910,56598.0,UVS,LAX
5911,56600.0,DTLA,LAX
5912,56601.0,WDHL,LAX
5913,56610.0,ANH,LAX
5914,56617.0,PSD,LAX
5915,56659.0,DTLA,LAX
5916,56661.0,DTLA,LAX
5917,56685.0,BVH,LAX
5918,56702.0,PSD,LAX
5919,56712.0,BVH,LAX
5920,56718.0,BVH,LAX
5921,56720.0,DTLA,LAX
5922,56721.0,ANH,LAX
5923,56732.0,DTLA,LAX
5924,56734.0,UVS,LAX
5925,56751.0,ANH,LAX
5926,56752.0,HWD,LAX
5927,56756.0,BVH,LAX
5928,56760.0,BVH,LAX
5929,56760.0,DTLA,LAX
5930,56762.0,DTLA,LAX
5931,56780.0,ANH,LAX
5932,56782.0,ANH,LAX
5933,56789.0,LGB,LAX
5934,56789.0,LGB,LAX
5935,56795.0,ANH,LAX
5936,56795.0,HWD,LAX
5937,56802.0,HWD,LAX
5938,56817.0,PSD,LAX
5939,56826.0,WDHL,LAX
5940,56829.0,PSD,LAX
5941,56831.0,UVS,LAX
5942,56833.0,PSD,LAX
5943,56836.0,ANH,LAX
5944,56836.0,PSD,LAX
5945,56838.0,DTLA,LAX
5946,56843.0,BVH,LAX
5947,56849.0,HWD,LAX
5948,56854.0,HWD,LAX
5949,56865.0,BVH,LAX
5950,56878.0,BVH,LAX
5951,56880.0,DTLA,LAX
5952,56883.0,DTLA,LAX
5953,56886.0,UVS,LAX
5954,56898.0,ANH,LAX
5955,56913.0,DTLA,LAX
5956,56930.0,WDHL,LAX
5957,56931.0,WDHL,LAX
5958,56939.0,ANH,LAX
5959,56948.0,ANH,LAX
5960,56949.0,DTLA,LAX
5961,56954.0,PSD,LAX
5962,56987.0,HWD,LAX
5963,56993.0,LGB,LAX
5964,57025.0,HWD,LAX
5965,57053.0,DTLA,LAX
5966,57054.0,WDHL,LAX
5967,57061.0,DTLA,LAX
5968,57062.0,DTLA,LAX
5969,57071.0,LGB,LAX
5970,57104.0,WDHL,LAX
5971,57108.0,PSD,LAX
5972,57120.0,UVS,LAX
5973,57129.0,DTLA,LAX
5974,57145.0,WDHL,LAX
5975,57152.0,UVS,LAX
5976,57154.0,PSD,LAX
5977,57161.0,ANH,LAX
5978,57163.0,LGB,LAX
5979,57167.0,BVH,LAX
5980,57169.0,ANH,LAX
5981,57173.0,WDHL,LAX
5982,57185.0,ANH,LAX
5983,57194.0,PSD,LAX
5984,57199.0,HWD,LAX
5985,57200.0,PSD,LAX
5986,57209.0,BVH,LAX
5987,57209.0,BVH,LAX
5988,57219.0,DTLA,LAX
5989,57228.0,ANH,LAX
5990,57236.0,PSD,LAX
5991,57237.0,DTLA,LAX
5992,57255.0,ANH,LAX
5993,57286.0,DTLA,LAX
5994,57309.0,DTLA,LAX
5995,57315.0,DTLA,LAX
5996,57322.0,DTLA,LAX
5997,57325.0,ANH,LAX
5998,57358.0,ANH,LAX
5999,57361.0,DTLA,LAX
6000,57371.0,HWD,LAX
6001,57393.0,UVS,LAX
6002,57421.0,ANH,LAX
6003,57430.0,WDHL,LAX
6004,57432.0,PSD,LAX
6005,57434.0,LGB,LAX
6006,57441.0,LGB,LAX
6007,57445.0,UVS,LAX
6008,57446.0,HWD,LAX
6009,57448.0,ANH,LAX
6010,57449.0,DTLA,LAX
6011,57473.0,PSD,LAX
6012,57489.0,WDHL,LAX
6013,57496.0,BVH,LAX
6014,57504.0,HWD,LAX
6015,57511.0,DTLA,LAX
6016,57519.0,DTLA,LAX
6017,57528.0,DTLA,LAX
6018,57542.0,DTLA,LAX
6019,57545.0,PSD,LAX
6020,57561.0,DTLA,LAX
6021,57573.0,ANH,LAX
6022,57597.0,ANH,LAX
6023,57603.0,ANH,LAX
6024,57626.0,BVH,LAX
6025,57628.0,DTLA,LAX
6026,57631.0,DTLA,LAX
6027,57638.0,HWD,LAX
6028,57647.0,DTLA,LAX
6029,57650.0,PSD,LAX
6030,57651.0,ANH,LAX
6031,57661.0,WDHL,LAX
6032,57679.0,DTLA,LAX
6033,57681.0,HWD,LAX
6034,57688.0,DTLA,LAX
6035,57709.0,ANH,LAX
6036,57711.0,HWD,LAX
6037,57714.0,DTLA,LAX
6038,57718.0,DTLA,LAX
6039,57724.0,DTLA,LAX
6040,57727.0,DTLA,LAX
6041,57731.0,HWD,LAX
6042,57766.0,LGB,LAX
6043,57794.0,ANH,LAX
6044,57800.0,PSD,LAX
6045,57806.0,BVH,LAX
6046,57815.0,DTLA,LAX
6047,57822.0,DTLA,LAX
6048,57827.0,ANH,LAX
6049,57830.0,DTLA,LAX
6050,57846.0,LGB,LAX
6051,57847.0,PSD,LAX
6052,57859.0,ANH,LAX
6053,57862.0,ANH,LAX
6054,57862.0,WDHL,LAX
6055,57890.0,PSD,LAX
6056,57906.0,HWD,LAX
6057,57906.0,LGB,LAX
6058,57912.0,DTLA,LAX
6059,57914.0,LGB,LAX
6060,57917.0,HWD,LAX
6061,57923.0,PSD,LAX
6062,57938.0,UVS,LAX
6063,57939.0,LGB,LAX
6064,57945.0,ANH,LAX
6065,57946.0,PSD,LAX
6066,57954.0,HWD,LAX
6067,57977.0,ANH,LAX
6068,57982.0,DTLA,LAX
6069,57989.0,ANH,LAX
6070,57993.0,WDHL,LAX
6071,58007.0,PSD,LAX
6072,58014.0,UVS,LAX
6073,58050.0,DTLA,LAX
6074,58069.0,HWD,LAX
6075,58084.0,LGB,LAX
6076,58108.0,LGB,LAX
6077,58125.0,BVH,LAX
6078,58136.0,ANH,LAX
6079,58150.0,BVH,LAX
6080,58167.0,DTLA,LAX
6081,58178.0,DTLA,LAX
6082,58197.0,ANH,LAX
6083,58199.0,DTLA,LAX
6084,58216.0,LGB,LAX
6085,58224.0,LGB,LAX
6086,58228.0,DTLA,LAX
6087,58241.0,ANH,LAX
6088,58250.0,HWD,LAX
6089,58253.0,ANH,LAX
6090,58255.0,BVH,LAX
6091,58269.0,HWD,LAX
6092,58280.0,DTLA,LAX
6093,58282.0,ANH,LAX
6094,58282.0,DTLA,LAX
6095,58283.0,BVH,LAX
6096,58292.0,PSD,LAX
6097,58294.0,ANH,LAX
6098,58305.0,ANH,LAX
6099,58308.0,HWD,LAX
6100,58317.0,ANH,LAX
6101,58322.0,LGB,LAX
6102,58327.0,ANH,LAX
6103,58332.0,DTLA,LAX
6104,58340.0,ANH,LAX
6105,58343.0,BVH,LAX
6106,58352.0,LGB,LAX
6107,58382.0,LGB,LAX
6108,58394.0,ANH,LAX
6109,58399.0,ANH,LAX
6110,58408.0,UVS,LAX
6111,58428.0,DTLA,LAX
6112,58438.0,HWD,LAX
6113,58438.0,HWD,LAX
6114,58464.0,LGB,LAX
6115,58465.0,DTLA,LAX
6116,58465.0,ANH,LAX
6117,58467.0,HWD,LAX
6118,58472.0,DTLA,LAX
6119,58494.0,ANH,LAX
6120,58521.0,LGB,LAX
6121,58529.0,DTLA,LAX
6122,58544.0,PSD,LAX
6123,58544.0,HWD,LAX
6124,58553.0,DTLA,LAX
6125,58560.0,PSD,LAX
6126,58562.0,ANH,LAX
6127,58562.0,DTLA,LAX
6128,58575.0,DTLA,LAX
6129,58601.0,BVH,LAX
6130,58603.0,DTLA,LAX
6131,58603.0,PSD,LAX
6132,58622.0,DTLA,LAX
6133,58651.0,BVH,LAX
6134,58659.0,WDHL,LAX
6135,58670.0,LGB,LAX
6136,58672.0,DTLA,LAX
6137,58699.0,HWD,LAX
6138,58727.0,ANH,LAX
6139,58729.0,ANH,LAX
6140,58734.0,PSD,LAX
6141,58741.0,LGB,LAX
6142,58750.0,UVS,LAX
6143,58760.0,HWD,LAX
6144,58762.0,HWD,LAX
6145,58792.0,DTLA,LAX
6146,58806.0,LGB,LAX
6147,58808.0,DTLA,LAX
6148,58812.0,BVH,LAX
6149,58813.0,HWD,LAX
6150,58822.0,ANH,LAX
6151,58827.0,BVH,LAX
6152,58846.0,DTLA,LAX
6153,58862.0,ANH,LAX
6154,58864.0,HWD,LAX
6155,58905.0,PSD,LAX
6156,58906.0,DTLA,LAX
6157,58920.0,UVS,LAX
6158,58921.0,PSD,LAX
6159,58927.0,ANH,LAX
6160,58945.0,HWD,LAX
6161,58954.0,HWD,LAX
6162,58976.0,ANH,LAX
6163,58980.0,UVS,LAX
6164,58983.0,DTLA,LAX
6165,58987.0,DTLA,LAX
6166,58993.0,DTLA,LAX
6167,58996.0,HWD,LAX
6168,58999.0,HWD,LAX
6169,59000.0,DTLA,LAX
6170,59006.0,DTLA,LAX
6171,59016.0,HWD,LAX
6172,59016.0,PSD,LAX
6173,59021.0,DTLA,LAX
6174,59050.0,ANH,LAX
6175,59071.0,DTLA,LAX
6176,59078.0,DTLA,LAX
6177,59096.0,BVH,LAX
6178,59100.0,LGB,LAX
6179,59116.0,DTLA,LAX
6180,59118.0,ANH,LAX
6181,59126.0,BVH,LAX
6182,59137.0,ANH,LAX
6183,59145.0,LGB,LAX
6184,59155.0,LGB,LAX
6185,59156.0,DTLA,LAX
6186,59208.0,ANH,LAX
6187,59208.0,HWD,LAX
6188,59215.0,DTLA,LAX
6189,59232.0,DTLA,LAX
6190,59234.0,LGB,LAX
6191,59247.0,DTLA,LAX
6192,59249.0,DTLA,LAX
6193,59254.0,WDHL,LAX
6194,59265.0,DTLA,LAX
6195,59285.0,PSD,LAX
6196,59292.0,PSD,LAX
6197,59295.0,ANH,LAX
6198,59295.0,DTLA,LAX
6199,59300.0,HWD,LAX
6200,59330.0,ANH,LAX
6201,59353.0,DTLA,LAX
6202,59358.0,LGB,LAX
6203,59382.0,DTLA,LAX
6204,59384.0,LGB,LAX
6205,59397.0,PSD,LAX
6206,59405.0,WDHL,LAX
6207,59417.0,HWD,LAX
6208,59429.0,HWD,LAX
6209,59436.0,PSD,LAX
6210,59471.0,PSD,LAX
6211,59482.0,UVS,LAX
6212,59515.0,LGB,LAX
6213,59529.0,ANH,LAX
6214,59533.0,LGB,LAX
6215,59534.0,WDHL,LAX
6216,59535.0,BVH,LAX
6217,59538.0,PSD,LAX
6218,59553.0,PSD,LAX
6219,59557.0,LGB,LAX
6220,59560.0,LGB,LAX
6221,59568.0,LGB,LAX
6222,59570.0,DTLA,LAX
6223,59573.0,ANH,LAX
6224,59575.0,DTLA,LAX
6225,59579.0,WDHL,LAX
6226,59587.0,WDHL,LAX
6227,59590.0,BVH,LAX
6228,59591.0,BVH,LAX
6229,59593.0,ANH,LAX
6230,59603.0,ANH,LAX
6231,59606.0,LGB,LAX
6232,59608.0,PSD,LAX
6233,59635.0,HWD,LAX
6234,59645.0,BVH,LAX
6235,59683.0,WDHL,LAX
6236,59715.0,DTLA,LAX
6237,59726.0,UVS,LAX
6238,59729.0,PSD,LAX
6239,59730.0,WDHL,LAX
6240,59749.0,WDHL,LAX
6241,59749.0,WDHL,LAX
6242,59751.0,ANH,LAX
6243,59754.0,HWD,LAX
6244,59769.0,LGB,LAX
6245,59780.0,ANH,LAX
6246,59793.0,PSD,LAX
6247,59805.0,LGB,LAX
6248,59822.0,DTLA,LAX
6249,59836.0,ANH,LAX
6250,59837.0,LGB,LAX
6251,59840.0,DTLA,LAX
6252,59854.0,BVH,LAX
6253,59866.0,DTLA,LAX
6254,59874.0,ANH,LAX
6255,59882.0,BVH,LAX
6256,59902.0,HWD,LAX
6257,59903.0,ANH,LAX
6258,59920.0,DTLA,LAX
6259,59927.0,WDHL,LAX
6260,59931.0,WDHL,LAX
6261,59958.0,DTLA,LAX
6262,59958.0,DTLA,LAX
6263,59971.0,BVH,LAX
6264,60002.0,ANH,LAX
6265,60009.0,UVS,LAX
6266,60022.0,ANH,LAX
6267,60032.0,BVH,LAX
6268,60049.0,LGB,LAX
6269,60069.0,LGB,LAX
6270,60078.0,ANH,LAX
6271,60091.0,DTLA,LAX
6272,60100.0,BVH,LAX
6273,60111.0,PSD,LAX
6274,60112.0,BVH,LAX
6275,60128.0,HWD,LAX
6276,60133.0,PSD,LAX
6277,60149.0,DTLA,LAX
6278,60166.0,ANH,LAX
6279,60170.0,LGB,LAX
6280,60199.0,HWD,LAX
6281,60200.0,ANH,LAX
6282,60210.0,DTLA,LAX
6283,60219.0,LGB,LAX
6284,60230.0,DTLA,LAX
6285,60243.0,ANH,LAX
6286,60249.0,DTLA,LAX
6287,60253.0,ANH,LAX
6288,60257.0,BVH,LAX
6289,60264.0,UVS,LAX
6290,60289.0,DTLA,LAX
6291,60304.0,PSD,LAX
6292,60322.0,HWD,LAX
6293,60355.0,LGB,LAX
6294,60359.0,ANH,LAX
6295,60367.0,BVH,LAX
6296,60372.0,ANH,LAX
6297,60385.0,ANH,LAX
6298,60391.0,LGB,LAX
6299,60402.0,HWD,LAX
6300,60403.0,DTLA,LAX
6301,60413.0,DTLA,LAX
6302,60425.0,ANH,LAX
6303,60434.0,PSD,LAX
6304,60436.0,DTLA,LAX
6305,60441.0,DTLA,LAX
6306,60480.0,HWD,LAX
6307,60502.0,LGB,LAX
6308,60510.0,ANH,LAX
6309,60541.0,UVS,LAX
6310,60544.0,HWD,LAX
6311,60553.0,DTLA,LAX
6312,60577.0,LGB,LAX
6313,60580.0,DTLA,LAX
6314,60581.0,LGB,LAX
6315,60582.0,LGB,LAX
6316,60592.0,ANH,LAX
6317,60592.0,BVH,LAX
6318,60621.0,HWD,LAX
6319,60637.0,ANH,LAX
6320,60653.0,WDHL,LAX
6321,60658.0,BVH,LAX
6322,60665.0,LGB,LAX
6323,60678.0,HWD,LAX
6324,60678.0,LGB,LAX
6325,60680.0,BVH,LAX
6326,60680.0,ANH,LAX
6327,60684.0,ANH,LAX
6328,60691.0,ANH,LAX
6329,60694.0,PSD,LAX
6330,60702.0,ANH,LAX
6331,60719.0,HWD,LAX
6332,60722.0,HWD,LAX
6333,60740.0,HWD,LAX
6334,60750.0,PSD,LAX
6335,60761.0,UVS,LAX
6336,60765.0,PSD,LAX
6337,60788.0,PSD,LAX
6338,60801.0,ANH,LAX
6339,60807.0,BVH,LAX
6340,60819.0,PSD,LAX
6341,60826.0,DTLA,LAX
6342,60836.0,DTLA,LAX
6343,60839.0,BVH,LAX
6344,60847.0,DTLA,LAX
6345,60885.0,DTLA,LAX
6346,60889.0,HWD,LAX
6347,60898.0,LGB,LAX
6348,60909.0,PSD,LAX
6349,60924.0,HWD,LAX
6350,60935.0,DTLA,LAX
6351,60938.0,DTLA,LAX
6352,60939.0,HWD,LAX
6353,60944.0,PSD,LAX
6354,60945.0,HWD,LAX
6355,60948.0,DTLA,LAX
6356,60967.0,HWD,LAX
6357,60975.0,HWD,LAX
6358,60979.0,LGB,LAX
6359,60981.0,ANH,LAX
6360,61006.0,DTLA,LAX
6361,61011.0,DTLA,LAX
6362,61019.0,ANH,LAX
6363,61025.0,DTLA,LAX
6364,61026.0,HWD,LAX
6365,61041.0,HWD,LAX
6366,61041.0,ANH,LAX
6367,61044.0,DTLA,LAX
6368,61047.0,BVH,LAX
6369,61056.0,ANH,LAX
6370,61064.0,PSD,LAX
6371,61085.0,ANH,LAX
6372,61088.0,BVH,LAX
6373,61096.0,UVS,LAX
6374,61101.0,DTLA,LAX
6375,61117.0,DTLA,LAX
6376,61134.0,LGB,LAX
6377,61157.0,ANH,LAX
6378,61200.0,ANH,LAX
6379,61200.0,DTLA,LAX
6380,61225.0,PSD,LAX
6381,61238.0,WDHL,LAX
6382,61253.0,LGB,LAX
6383,61253.0,DTLA,LAX
6384,61259.0,DTLA,LAX
6385,61273.0,BVH,LAX
6386,61276.0,HWD,LAX
6387,61291.0,WDHL,LAX
6388,61301.0,HWD,LAX
6389,61309.0,LGB,LAX
6390,61333.0,HWD,LAX
6391,61351.0,DTLA,LAX
6392,61357.0,LGB,LAX
6393,61370.0,PSD,LAX
6394,61376.0,HWD,LAX
6395,61380.0,DTLA,LAX
6396,61388.0,DTLA,LAX
6397,61408.0,BVH,LAX
6398,61410.0,WDHL,LAX
6399,61413.0,PSD,LAX
6400,61415.0,HWD,LAX
6401,61418.0,UVS,LAX
6402,61438.0,ANH,LAX
6403,61439.0,ANH,LAX
6404,61440.0,BVH,LAX
6405,61441.0,HWD,LAX
6406,61447.0,BVH,LAX
6407,61460.0,HWD,LAX
6408,61460.0,UVS,LAX
6409,61464.0,ANH,LAX
6410,61485.0,DTLA,LAX
6411,61552.0,HWD,LAX
6412,61553.0,PSD,LAX
6413,61581.0,HWD,LAX
6414,61583.0,WDHL,LAX
6415,61587.0,LGB,LAX
6416,61591.0,ANH,LAX
6417,61594.0,BVH,LAX
6418,61595.0,HWD,LAX
6419,61603.0,DTLA,LAX
6420,61627.0,DTLA,LAX
6421,61644.0,DTLA,LAX
6422,61658.0,DTLA,LAX
6423,61680.0,DTLA,LAX
6424,61687.0,LGB,LAX
6425,61690.0,UVS,LAX
6426,61694.0,WDHL,LAX
6427,61700.0,HWD,LAX
6428,61737.0,HWD,LAX
6429,61737.0,LGB,LAX
6430,61738.0,BVH,LAX
6431,61738.0,HWD,LAX
6432,61741.0,DTLA,LAX
6433,61745.0,WDHL,LAX
6434,61756.0,LGB,LAX
6435,61759.0,DTLA,LAX
6436,61763.0,HWD,LAX
6437,61773.0,BVH,LAX
6438,61790.0,PSD,LAX
6439,61795.0,PSD,LAX
6440,61799.0,LGB,LAX
6441,61821.0,PSD,LAX
6442,61823.0,ANH,LAX
6443,61832.0,ANH,LAX
6444,61886.0,HWD,LAX
6445,61891.0,BVH,LAX
6446,61895.0,DTLA,LAX
6447,61896.0,UVS,LAX
6448,61902.0,DTLA,LAX
6449,61905.0,WDHL,LAX
6450,61926.0,LGB,LAX
6451,61951.0,ANH,LAX
6452,61954.0,BVH,LAX
6453,61957.0,LGB,LAX
6454,61961.0,HWD,LAX
6455,61989.0,DTLA,LAX
6456,62005.0,ANH,LAX
6457,62014.0,DTLA,LAX
6458,62036.0,DTLA,LAX
6459,62043.0,WDHL,LAX
6460,62053.0,DTLA,LAX
6461,62062.0,LGB,LAX
6462,62072.0,WDHL,LAX
6463,62081.0,ANH,LAX
6464,62087.0,PSD,LAX
6465,62088.0,DTLA,LAX
6466,62103.0,HWD,LAX
6467,62106.0,HWD,LAX
6468,62116.0,PSD,LAX
6469,62117.0,ANH,LAX
6470,62130.0,LGB,LAX
6471,62163.0,PSD,LAX
6472,62184.0,DTLA,LAX
6473,62189.0,ANH,LAX
6474,62200.0,LGB,LAX
6475,62214.0,ANH,LAX
6476,62225.0,WDHL,LAX
6477,62266.0,ANH,LAX
6478,62277.0,LGB,LAX
6479,62285.0,HWD,LAX
6480,62291.0,ANH,LAX
6481,62310.0,HWD,LAX
6482,62311.0,ANH,LAX
6483,62331.0,ANH,LAX
6484,62347.0,BVH,LAX
6485,62357.0,ANH,LAX
6486,62363.0,UVS,LAX
6487,62378.0,BVH,LAX
6488,62400.0,ANH,LAX
6489,62419.0,DTLA,LAX
6490,62426.0,DTLA,LAX
6491,62432.0,PSD,LAX
6492,62434.0,HWD,LAX
6493,62437.0,WDHL,LAX
6494,62437.0,HWD,LAX
6495,62437.0,DTLA,LAX
6496,62442.0,HWD,LAX
6497,62466.0,ANH,LAX
6498,62481.0,UVS,LAX
6499,62493.0,PSD,LAX
6500,62508.0,WDHL,LAX
6501,62511.0,ANH,LAX
6502,62518.0,HWD,LAX
6503,62522.0,HWD,LAX
6504,62576.0,ANH,LAX
6505,62583.0,DTLA,LAX
6506,62594.0,LGB,LAX
6507,62596.0,DTLA,LAX
6508,62610.0,ANH,LAX
6509,62614.0,ANH,LAX
6510,62614.0,DTLA,LAX
6511,62625.0,BVH,LAX
6512,62632.0,DTLA,LAX
6513,62639.0,PSD,LAX
6514,62640.0,DTLA,LAX
6515,62648.0,PSD,LAX
6516,62656.0,ANH,LAX
6517,62676.0,ANH,LAX
6518,62681.0,ANH,LAX
6519,62700.0,LGB,LAX
6520,62718.0,LGB,LAX
6521,62730.0,WDHL,LAX
6522,62738.0,HWD,LAX
6523,62792.0,DTLA,LAX
6524,62794.0,ANH,LAX
6525,62805.0,ANH,LAX
6526,62817.0,DTLA,LAX
6527,62823.0,BVH,LAX
6528,62843.0,ANH,LAX
6529,62844.0,DTLA,LAX
6530,62857.0,LGB,LAX
6531,62886.0,LGB,LAX
6532,62932.0,DTLA,LAX
6533,62934.0,DTLA,LAX
6534,62939.0,ANH,LAX
6535,62989.0,LGB,LAX
6536,62995.0,LGB,LAX
6537,63000.0,LGB,LAX
6538,63003.0,DTLA,LAX
6539,63016.0,PSD,LAX
6540,63024.0,DTLA,LAX
6541,63038.0,ANH,LAX
6542,63069.0,ANH,LAX
6543,63073.0,LGB,LAX
6544,63076.0,BVH,LAX
6545,63078.0,HWD,LAX
6546,63104.0,ANH,LAX
6547,63105.0,PSD,LAX
6548,63111.0,ANH,LAX
6549,63112.0,LGB,LAX
6550,63117.0,DTLA,LAX
6551,63128.0,BVH,LAX
6552,63132.0,PSD,LAX
6553,63132.0,ANH,LAX
6554,63158.0,ANH,LAX
6555,63184.0,UVS,LAX
6556,63189.0,ANH,LAX
6557,63199.0,LGB,LAX
6558,63210.0,PSD,LAX
6559,63214.0,DTLA,LAX
6560,63215.0,LGB,LAX
6561,63217.0,DTLA,LAX
6562,63222.0,PSD,LAX
6563,63223.0,ANH,LAX
6564,63249.0,LGB,LAX
6565,63284.0,ANH,LAX
6566,63343.0,BVH,LAX
6567,63357.0,HWD,LAX
6568,63371.0,ANH,LAX
6569,63381.0,DTLA,LAX
6570,63393.0,ANH,LAX
6571,63403.0,HWD,LAX
6572,63420.0,UVS,LAX
6573,63442.0,ANH,LAX
6574,63449.0,HWD,LAX
6575,63473.0,DTLA,LAX
6576,63475.0,DTLA,LAX
6577,63483.0,ANH,LAX
6578,63486.0,ANH,LAX
6579,63498.0,ANH,LAX
6580,63499.0,ANH,LAX
6581,63510.0,HWD,LAX
6582,63520.0,BVH,LAX
6583,63524.0,UVS,LAX
6584,63526.0,HWD,LAX
6585,63529.0,HWD,LAX
6586,63536.0,DTLA,LAX
6587,63542.0,ANH,LAX
6588,63553.0,UVS,LAX
6589,63557.0,UVS,LAX
6590,63561.0,LGB,LAX
6591,63561.0,LGB,LAX
6592,63561.0,DTLA,LAX
6593,63568.0,HWD,LAX
6594,63575.0,DTLA,LAX
6595,63576.0,BVH,LAX
6596,63600.0,HWD,LAX
6597,63604.0,PSD,LAX
6598,63616.0,HWD,LAX
6599,63616.0,HWD,LAX
6600,63619.0,DTLA,LAX
6601,63639.0,PSD,LAX
6602,63657.0,ANH,LAX
6603,63667.0,LGB,LAX
6604,63675.0,LGB,LAX
6605,63684.0,BVH,LAX
6606,63700.0,LGB,LAX
6607,63706.0,ANH,LAX
6608,63709.0,PSD,LAX
6609,63746.0,ANH,LAX
6610,63749.0,BVH,LAX
6611,63758.0,BVH,LAX
6612,63764.0,DTLA,LAX
6613,63774.0,HWD,LAX
6614,63777.0,PSD,LAX
6615,63815.0,ANH,LAX
6616,63828.0,DTLA,LAX
6617,63833.0,LGB,LAX
6618,63838.0,DTLA,LAX
6619,63840.0,DTLA,LAX
6620,63854.0,DTLA,LAX
6621,63885.0,PSD,LAX
6622,63885.0,DTLA,LAX
6623,63896.0,PSD,LAX
6624,63912.0,ANH,LAX
6625,63921.0,HWD,LAX
6626,63925.0,DTLA,LAX
6627,63927.0,HWD,LAX
6628,63951.0,HWD,LAX
6629,63952.0,ANH,LAX
6630,63955.0,PSD,LAX
6631,63972.0,HWD,LAX
6632,63976.0,DTLA,LAX
6633,64008.0,DTLA,LAX
6634,64010.0,HWD,LAX
6635,64012.0,DTLA,LAX
6636,64022.0,BVH,LAX
6637,64051.0,UVS,LAX
6638,64055.0,HWD,LAX
6639,64069.0,PSD,LAX
6640,64070.0,ANH,LAX
6641,64077.0,BVH,LAX
6642,64080.0,DTLA,LAX
6643,64083.0,WDHL,LAX
6644,64091.0,DTLA,LAX
6645,64103.0,HWD,LAX
6646,64114.0,ANH,LAX
6647,64135.0,UVS,LAX
6648,64174.0,HWD,LAX
6649,64186.0,LGB,LAX
6650,64187.0,DTLA,LAX
6651,64206.0,PSD,LAX
6652,64209.0,DTLA,LAX
6653,64218.0,DTLA,LAX
6654,64219.0,HWD,LAX
6655,64229.0,ANH,LAX
6656,64234.0,DTLA,LAX
6657,64263.0,UVS,LAX
6658,64264.0,ANH,LAX
6659,64283.0,HWD,LAX
6660,64288.0,WDHL,LAX
6661,64297.0,ANH,LAX
6662,64298.0,LGB,LAX
6663,64303.0,LGB,LAX
6664,64310.0,LGB,LAX
6665,64312.0,ANH,LAX
6666,64314.0,LGB,LAX
6667,64324.0,ANH,LAX
6668,64343.0,DTLA,LAX
6669,64349.0,WDHL,LAX
6670,64353.0,UVS,LAX
6671,64362.0,ANH,LAX
6672,64362.0,LGB,LAX
6673,64370.0,ANH,LAX
6674,64371.0,LGB,LAX
6675,64375.0,DTLA,LAX
6676,64381.0,HWD,LAX
6677,64386.0,LGB,LAX
6678,64407.0,ANH,LAX
6679,64422.0,UVS,LAX
6680,64429.0,DTLA,LAX
6681,64447.0,BVH,LAX
6682,64453.0,UVS,LAX
6683,64478.0,HWD,LAX
6684,64489.0,BVH,LAX
6685,64493.0,DTLA,LAX
6686,64497.0,HWD,LAX
6687,64513.0,UVS,LAX
6688,64527.0,PSD,LAX
6689,64544.0,HWD,LAX
6690,64546.0,ANH,LAX
6691,64563.0,LGB,LAX
6692,64575.0,WDHL,LAX
6693,64584.0,LGB,LAX
6694,64593.0,UVS,LAX
6695,64599.0,DTLA,LAX
6696,64600.0,WDHL,LAX
6697,64614.0,ANH,LAX
6698,64614.0,BVH,LAX
6699,64644.0,HWD,LAX
6700,64657.0,LGB,LAX
6701,64659.0,ANH,LAX
6702,64668.0,ANH,LAX
6703,64673.0,PSD,LAX
6704,64675.0,HWD,LAX
6705,64687.0,DTLA,LAX
6706,64691.0,PSD,LAX
6707,64696.0,DTLA,LAX
6708,64697.0,ANH,LAX
6709,64700.0,DTLA,LAX
6710,64707.0,PSD,LAX
6711,64719.0,LGB,LAX
6712,64747.0,LGB,LAX
6713,64756.0,BVH,LAX
6714,64758.0,WDHL,LAX
6715,64768.0,ANH,LAX
6716,64772.0,DTLA,LAX
6717,64774.0,ANH,LAX
6718,64778.0,PSD,LAX
6719,64780.0,BVH,LAX
6720,64801.0,HWD,LAX
6721,64809.0,DTLA,LAX
6722,64820.0,ANH,LAX
6723,64822.0,LGB,LAX
6724,64845.0,DTLA,LAX
6725,64845.0,BVH,LAX
6726,64871.0,PSD,LAX
6727,64875.0,DTLA,LAX
6728,64882.0,DTLA,LAX
6729,64887.0,ANH,LAX
6730,64889.0,LGB,LAX
6731,64899.0,UVS,LAX
6732,64913.0,HWD,LAX
6733,64917.0,ANH,LAX
6734,64921.0,HWD,LAX
6735,64936.0,PSD,LAX
6736,64938.0,WDHL,LAX
6737,64943.0,WDHL,LAX
6738,64950.0,ANH,LAX
6739,64972.0,HWD,LAX
6740,64974.0,ANH,LAX
6741,64976.0,ANH,LAX
6742,64999.0,DTLA,LAX
6743,65006.0,HWD,LAX
6744,65016.0,WDHL,LAX
6745,65021.0,UVS,LAX
6746,65026.0,PSD,LAX
6747,65030.0,WDHL,LAX
6748,65034.0,DTLA,LAX
6749,65037.0,PSD,LAX
6750,65050.0,ANH,LAX
6751,65057.0,DTLA,LAX
6752,65061.0,BVH,LAX
6753,65063.0,HWD,LAX
6754,65086.0,DTLA,LAX
6755,65088.0,DTLA,LAX
6756,65104.0,BVH,LAX
6757,65108.0,DTLA,LAX
6758,65118.0,WDHL,LAX
6759,65138.0,ANH,LAX
6760,65138.0,DTLA,LAX
6761,65150.0,ANH,LAX
6762,65161.0,BVH,LAX
6763,65183.0,ANH,LAX
6764,65189.0,LGB,LAX
6765,65205.0,HWD,LAX
6766,65221.0,DTLA,LAX
6767,65231.0,UVS,LAX
6768,65247.0,LGB,LAX
6769,65268.0,LGB,LAX
6770,65272.0,HWD,LAX
6771,65274.0,DTLA,LAX
6772,65279.0,ANH,LAX
6773,65290.0,ANH,LAX
6774,65290.0,ANH,LAX
6775,65293.0,HWD,LAX
6776,65294.0,PSD,LAX
6777,65300.0,DTLA,LAX
6778,65321.0,DTLA,LAX
6779,65331.0,DTLA,LAX
6780,65331.0,PSD,LAX
6781,65340.0,ANH,LAX
6782,65344.0,DTLA,LAX
6783,65345.0,ANH,LAX
6784,65348.0,ANH,LAX
6785,65356.0,DTLA,LAX
6786,65368.0,DTLA,LAX
6787,65383.0,DTLA,LAX
6788,65396.0,DTLA,LAX
6789,65437.0,HWD,LAX
6790,65443.0,UVS,LAX
6791,65458.0,DTLA,LAX
6792,65467.0,WDHL,LAX
6793,65474.0,HWD,LAX
6794,65484.0,UVS,LAX
6795,65485.0,BVH,LAX
6796,65487.0,PSD,LAX
6797,65494.0,BVH,LAX
6798,65507.0,HWD,LAX
6799,65511.0,WDHL,LAX
6800,65516.0,LGB,LAX
6801,65521.0,ANH,LAX
6802,65532.0,HWD,LAX
6803,65533.0,HWD,LAX
6804,65544.0,HWD,LAX
6805,65549.0,WDHL,LAX
6806,65558.0,ANH,LAX
6807,65569.0,HWD,LAX
6808,65569.0,LGB,LAX
6809,65580.0,ANH,LAX
6810,65583.0,ANH,LAX
6811,65605.0,DTLA,LAX
6812,65616.0,HWD,LAX
6813,65629.0,HWD,LAX
6814,65644.0,BVH,LAX
6815,65647.0,ANH,LAX
6816,65652.0,DTLA,LAX
6817,65653.0,ANH,LAX
6818,65655.0,ANH,LAX
6819,65657.0,LGB,LAX
6820,65660.0,BVH,LAX
6821,65692.0,DTLA,LAX
6822,65693.0,HWD,LAX
6823,65694.0,DTLA,LAX
6824,65699.0,DTLA,LAX
6825,65703.0,HWD,LAX
6826,65713.0,ANH,LAX
6827,65715.0,ANH,LAX
6828,65736.0,UVS,LAX
6829,65741.0,HWD,LAX
6830,65742.0,ANH,LAX
6831,65751.0,HWD,LAX
6832,65761.0,PSD,LAX
6833,65762.0,ANH,LAX
6834,65766.0,UVS,LAX
6835,65790.0,WDHL,LAX
6836,65794.0,HWD,LAX
6837,65795.0,PSD,LAX
6838,65798.0,DTLA,LAX
6839,65813.0,HWD,LAX
6840,65817.0,UVS,LAX
6841,65817.0,PSD,LAX
6842,65822.0,BVH,LAX
6843,65833.0,LGB,LAX
6844,65834.0,ANH,LAX
6845,65853.0,DTLA,LAX
6846,65858.0,LGB,LAX
6847,65860.0,ANH,LAX
6848,65860.0,PSD,LAX
6849,65864.0,HWD,LAX
6850,65898.0,LGB,LAX
6851,65901.0,ANH,LAX
6852,65910.0,ANH,LAX
6853,65930.0,HWD,LAX
6854,65935.0,DTLA,LAX
6855,65942.0,BVH,LAX
6856,65950.0,ANH,LAX
6857,65964.0,WDHL,LAX
6858,65965.0,HWD,LAX
6859,65966.0,BVH,LAX
6860,65974.0,UVS,LAX
6861,65982.0,HWD,LAX
6862,65993.0,HWD,LAX
6863,66012.0,ANH,LAX
6864,66013.0,DTLA,LAX
6865,66016.0,HWD,LAX
6866,66051.0,HWD,LAX
6867,66052.0,DTLA,LAX
6868,66064.0,PSD,LAX
6869,66074.0,DTLA,LAX
6870,66075.0,PSD,LAX
6871,66079.0,ANH,LAX
6872,66084.0,ANH,LAX
6873,66092.0,DTLA,LAX
6874,66099.0,UVS,LAX
6875,66101.0,LGB,LAX
6876,66113.0,HWD,LAX
6877,66145.0,LGB,LAX
6878,66149.0,DTLA,LAX
6879,66163.0,LGB,LAX
6880,66168.0,PSD,LAX
6881,66173.0,HWD,LAX
6882,66184.0,WDHL,LAX
6883,66188.0,LGB,LAX
6884,66199.0,LGB,LAX
6885,66202.0,HWD,LAX
6886,66226.0,HWD,LAX
6887,66237.0,PSD,LAX
6888,66241.0,ANH,LAX
6889,66242.0,PSD,LAX
6890,66247.0,PSD,LAX
6891,66252.0,LGB,LAX
6892,66264.0,ANH,LAX
6893,66268.0,WDHL,LAX
6894,66279.0,WDHL,LAX
6895,66299.0,DTLA,LAX
6896,66318.0,BVH,LAX
6897,66322.0,BVH,LAX
6898,66342.0,BVH,LAX
6899,66343.0,PSD,LAX
6900,66363.0,PSD,LAX
6901,66371.0,HWD,LAX
6902,66372.0,DTLA,LAX
6903,66385.0,LGB,LAX
6904,66399.0,UVS,LAX
6905,66403.0,PSD,LAX
6906,66407.0,PSD,LAX
6907,66427.0,HWD,LAX
6908,66431.0,BVH,LAX
6909,66435.0,DTLA,LAX
6910,66444.0,DTLA,LAX
6911,66450.0,ANH,LAX
6912,66452.0,HWD,LAX
6913,66454.0,HWD,LAX
6914,66466.0,DTLA,LAX
6915,66471.0,BVH,LAX
6916,66477.0,DTLA,LAX
6917,66482.0,HWD,LAX
6918,66483.0,DTLA,LAX
6919,66487.0,DTLA,LAX
6920,66502.0,PSD,LAX
6921,66505.0,ANH,LAX
6922,66539.0,HWD,LAX
6923,66540.0,DTLA,LAX
6924,66542.0,PSD,LAX
6925,66544.0,DTLA,LAX
6926,66556.0,ANH,LAX
6927,66560.0,UVS,LAX
6928,66567.0,ANH,LAX
6929,66569.0,WDHL,LAX
6930,66573.0,PSD,LAX
6931,66574.0,WDHL,LAX
6932,66576.0,ANH,LAX
6933,66609.0,ANH,LAX
6934,66613.0,ANH,LAX
6935,66618.0,DTLA,LAX
6936,66639.0,BVH,LAX
6937,66653.0,PSD,LAX
6938,66653.0,DTLA,LAX
6939,66661.0,PSD,LAX
6940,66678.0,ANH,LAX
6941,66689.0,LGB,LAX
6942,66713.0,UVS,LAX
6943,66726.0,HWD,LAX
6944,66761.0,ANH,LAX
6945,66802.0,UVS,LAX
6946,66821.0,PSD,LAX
6947,66829.0,LGB,LAX
6948,66839.0,DTLA,LAX
6949,66845.0,ANH,LAX
6950,66853.0,HWD,LAX
6951,66854.0,ANH,LAX
6952,66893.0,LGB,LAX
6953,66902.0,DTLA,LAX
6954,66906.0,BVH,LAX
6955,66907.0,LGB,LAX
6956,66921.0,HWD,LAX
6957,66956.0,PSD,LAX
6958,66958.0,LGB,LAX
6959,66965.0,DTLA,LAX
6960,66966.0,DTLA,LAX
6961,66977.0,BVH,LAX
6962,66979.0,UVS,LAX
6963,66982.0,DTLA,LAX
6964,66994.0,WDHL,LAX
6965,66995.0,DTLA,LAX
6966,67003.0,LGB,LAX
6967,67003.0,DTLA,LAX
6968,67010.0,ANH,LAX
6969,67014.0,DTLA,LAX
6970,67023.0,BVH,LAX
6971,67031.0,HWD,LAX
6972,67038.0,HWD,LAX
6973,67053.0,DTLA,LAX
6974,67056.0,UVS,LAX
6975,67059.0,PSD,LAX
6976,67082.0,DTLA,LAX
6977,67086.0,DTLA,LAX
6978,67092.0,ANH,LAX
6979,67099.0,PSD,LAX
6980,67109.0,DTLA,LAX
6981,67111.0,HWD,LAX
6982,67117.0,DTLA,LAX
6983,67118.0,DTLA,LAX
6984,67119.0,UVS,LAX
6985,67134.0,ANH,LAX
6986,67151.0,PSD,LAX
6987,67158.0,DTLA,LAX
6988,67160.0,LGB,LAX
6989,67160.0,HWD,LAX
6990,67170.0,ANH,LAX
6991,67216.0,PSD,LAX
6992,67223.0,UVS,LAX
6993,67231.0,DTLA,LAX
6994,67237.0,HWD,LAX
6995,67278.0,ANH,LAX
6996,67283.0,ANH,LAX
6997,67284.0,DTLA,LAX
6998,67302.0,LGB,LAX
6999,67308.0,DTLA,LAX
7000,67330.0,UVS,LAX
7001,67334.0,LGB,LAX
7002,67353.0,DTLA,LAX
7003,67357.0,UVS,LAX
7004,67363.0,ANH,LAX
7005,67378.0,UVS,LAX
7006,67380.0,DTLA,LAX
7007,67381.0,BVH,LAX
7008,67385.0,DTLA,LAX
7009,67391.0,DTLA,LAX
7010,67396.0,HWD,LAX
7011,67409.0,PSD,LAX
7012,67412.0,ANH,LAX
7013,67415.0,LGB,LAX
7014,67422.0,DTLA,LAX
7015,67426.0,LGB,LAX
7016,67429.0,LGB,LAX
7017,67431.0,ANH,LAX
7018,67447.0,DTLA,LAX
7019,67447.0,DTLA,LAX
7020,67465.0,ANH,LAX
7021,67492.0,ANH,LAX
7022,67503.0,LGB,LAX
7023,67519.0,BVH,LAX
7024,67522.0,WDHL,LAX
7025,67544.0,DTLA,LAX
7026,67548.0,LGB,LAX
7027,67554.0,BVH,LAX
7028,67577.0,LGB,LAX
7029,67580.0,LGB,LAX
7030,67583.0,ANH,LAX
7031,67621.0,PSD,LAX
7032,67628.0,PSD,LAX
7033,67628.0,PSD,LAX
7034,67647.0,HWD,LAX
7035,67657.0,ANH,LAX
7036,67659.0,DTLA,LAX
7037,67663.0,UVS,LAX
7038,67665.0,HWD,LAX
7039,67671.0,DTLA,LAX
7040,67679.0,ANH,LAX
7041,67686.0,DTLA,LAX
7042,67692.0,DTLA,LAX
7043,67700.0,LGB,LAX
7044,67706.0,LGB,LAX
7045,67708.0,DTLA,LAX
7046,67712.0,HWD,LAX
7047,67714.0,DTLA,LAX
7048,67716.0,LGB,LAX
7049,67738.0,ANH,LAX
7050,67750.0,DTLA,LAX
7051,67751.0,LGB,LAX
7052,67763.0,DTLA,LAX
7053,67765.0,BVH,LAX
7054,67767.0,LGB,LAX
7055,67769.0,WDHL,LAX
7056,67774.0,WDHL,LAX
7057,67793.0,WDHL,LAX
7058,67802.0,BVH,LAX
7059,67802.0,HWD,LAX
7060,67804.0,LGB,LAX
7061,67820.0,BVH,LAX
7062,67823.0,DTLA,LAX
7063,67831.0,DTLA,LAX
7064,67845.0,DTLA,LAX
7065,67846.0,HWD,LAX
7066,67848.0,LGB,LAX
7067,67851.0,HWD,LAX
7068,67871.0,DTLA,LAX
7069,67875.0,WDHL,LAX
7070,67876.0,BVH,LAX
7071,67878.0,BVH,LAX
7072,67885.0,LGB,LAX
7073,67892.0,PSD,LAX
7074,67895.0,WDHL,LAX
7075,67920.0,ANH,LAX
7076,67953.0,HWD,LAX
7077,67958.0,ANH,LAX
7078,67971.0,ANH,LAX
7079,67973.0,HWD,LAX
7080,67975.0,DTLA,LAX
7081,67985.0,WDHL,LAX
7082,68032.0,DTLA,LAX
7083,68034.0,DTLA,LAX
7084,68045.0,DTLA,LAX
7085,68047.0,DTLA,LAX
7086,68060.0,ANH,LAX
7087,68074.0,BVH,LAX
7088,68091.0,ANH,LAX
7089,68091.0,LGB,LAX
7090,68096.0,ANH,LAX
7091,68097.0,ANH,LAX
7092,68105.0,ANH,LAX
7093,68112.0,ANH,LAX
7094,68113.0,ANH,LAX
7095,68119.0,DTLA,LAX
7096,68138.0,DTLA,LAX
7097,68145.0,BVH,LAX
7098,68154.0,ANH,LAX
7099,68155.0,PSD,LAX
7100,68175.0,UVS,LAX
7101,68185.0,WDHL,LAX
7102,68205.0,ANH,LAX
7103,68232.0,LGB,LAX
7104,68233.0,HWD,LAX
7105,68250.0,ANH,LAX
7106,68261.0,DTLA,LAX
7107,68280.0,ANH,LAX
7108,68300.0,LGB,LAX
7109,68308.0,ANH,LAX
7110,68317.0,DTLA,LAX
7111,68318.0,ANH,LAX
7112,68326.0,DTLA,LAX
7113,68330.0,ANH,LAX
7114,68339.0,DTLA,LAX
7115,68339.0,DTLA,LAX
7116,68353.0,BVH,LAX
7117,68357.0,DTLA,LAX
7118,68361.0,WDHL,LAX
7119,68377.0,HWD,LAX
7120,68384.0,LGB,LAX
7121,68401.0,DTLA,LAX
7122,68401.0,DTLA,LAX
7123,68409.0,ANH,LAX
7124,68415.0,DTLA,LAX
7125,68416.0,DTLA,LAX
7126,68426.0,ANH,LAX
7127,68442.0,DTLA,LAX
7128,68449.0,HWD,LAX
7129,68474.0,HWD,LAX
7130,68483.0,HWD,LAX
7131,68489.0,PSD,LAX
7132,68489.0,DTLA,LAX
7133,68490.0,HWD,LAX
7134,68494.0,UVS,LAX
7135,68536.0,HWD,LAX
7136,68573.0,DTLA,LAX
7137,68575.0,UVS,LAX
7138,68575.0,WDHL,LAX
7139,68578.0,PSD,LAX
7140,68580.0,HWD,LAX
7141,68586.0,UVS,LAX
7142,68595.0,LGB,LAX
7143,68606.0,LGB,LAX
7144,68607.0,LGB,LAX
7145,68617.0,HWD,LAX
7146,68629.0,DTLA,LAX
7147,68632.0,ANH,LAX
7148,68639.0,DTLA,LAX
7149,68639.0,WDHL,LAX
7150,68660.0,PSD,LAX
7151,68675.0,HWD,LAX
7152,68713.0,HWD,LAX
7153,68723.0,HWD,LAX
7154,68723.0,UVS,LAX
7155,68739.0,DTLA,LAX
7156,68741.0,ANH,LAX
7157,68752.0,WDHL,LAX
7158,68754.0,DTLA,LAX
7159,68755.0,PSD,LAX
7160,68782.0,LGB,LAX
7161,68783.0,ANH,LAX
7162,68785.0,PSD,LAX
7163,68786.0,ANH,LAX
7164,68788.0,ANH,LAX
7165,68790.0,DTLA,LAX
7166,68796.0,ANH,LAX
7167,68820.0,HWD,LAX
7168,68830.0,HWD,LAX
7169,68847.0,ANH,LAX
7170,68852.0,UVS,LAX
7171,68853.0,WDHL,LAX
7172,68858.0,DTLA,LAX
7173,68870.0,DTLA,LAX
7174,68872.0,DTLA,LAX
7175,68875.0,LGB,LAX
7176,68925.0,HWD,LAX
7177,68931.0,HWD,LAX
7178,68953.0,LGB,LAX
7179,68987.0,HWD,LAX
7180,68991.0,ANH,LAX
7181,69017.0,ANH,LAX
7182,69020.0,LGB,LAX
7183,69030.0,UVS,LAX
7184,69055.0,HWD,LAX
7185,69058.0,PSD,LAX
7186,69066.0,HWD,LAX
7187,69082.0,DTLA,LAX
7188,69087.0,LGB,LAX
7189,69090.0,DTLA,LAX
7190,69104.0,LGB,LAX
7191,69119.0,DTLA,LAX
7192,69122.0,WDHL,LAX
7193,69151.0,ANH,LAX
7194,69153.0,HWD,LAX
7195,69157.0,WDHL,LAX
7196,69163.0,DTLA,LAX
7197,69169.0,DTLA,LAX
7198,69177.0,ANH,LAX
7199,69177.0,ANH,LAX
7200,69181.0,HWD,LAX
7201,69182.0,DTLA,LAX
7202,69194.0,BVH,LAX
7203,69215.0,ANH,LAX
7204,69216.0,DTLA,LAX
7205,69228.0,HWD,LAX
7206,69244.0,LGB,LAX
7207,69246.0,DTLA,LAX
7208,69257.0,BVH,LAX
7209,69268.0,ANH,LAX
7210,69302.0,ANH,LAX
7211,69313.0,LGB,LAX
7212,69315.0,HWD,LAX
7213,69334.0,ANH,LAX
7214,69339.0,HWD,LAX
7215,69342.0,LGB,LAX
7216,69342.0,BVH,LAX
7217,69363.0,LGB,LAX
7218,69368.0,ANH,LAX
7219,69371.0,DTLA,LAX
7220,69372.0,DTLA,LAX
7221,69375.0,HWD,LAX
7222,69378.0,UVS,LAX
7223,69390.0,BVH,LAX
7224,69393.0,HWD,LAX
7225,69421.0,BVH,LAX
7226,69432.0,HWD,LAX
7227,69432.0,ANH,LAX
7228,69442.0,DTLA,LAX
7229,69452.0,DTLA,LAX
7230,69463.0,PSD,LAX
7231,69471.0,DTLA,LAX
7232,69472.0,LGB,LAX
7233,69478.0,BVH,LAX
7234,69478.0,DTLA,LAX
7235,69508.0,ANH,LAX
7236,69512.0,PSD,LAX
7237,69515.0,DTLA,LAX
7238,69525.0,LGB,LAX
7239,69529.0,BVH,LAX
7240,69552.0,BVH,LAX
7241,69555.0,ANH,LAX
7242,69578.0,DTLA,LAX
7243,69583.0,PSD,LAX
7244,69599.0,ANH,LAX
7245,69601.0,DTLA,LAX
7246,69601.0,DTLA,LAX
7247,69601.0,DTLA,LAX
7248,69602.0,HWD,LAX
7249,69623.0,DTLA,LAX
7250,69645.0,ANH,LAX
7251,69652.0,HWD,LAX
7252,69657.0,HWD,LAX
7253,69667.0,DTLA,LAX
7254,69682.0,HWD,LAX
7255,69686.0,DTLA,LAX
7256,69700.0,ANH,LAX
7257,69708.0,PSD,LAX
7258,69711.0,DTLA,LAX
7259,69719.0,UVS,LAX
7260,69719.0,ANH,LAX
7261,69741.0,UVS,LAX
7262,69768.0,HWD,LAX
7263,69784.0,WDHL,LAX
7264,69787.0,UVS,LAX
7265,69814.0,DTLA,LAX
7266,69830.0,UVS,LAX
7267,69846.0,HWD,LAX
7268,69867.0,PSD,LAX
7269,69868.0,DTLA,LAX
7270,69874.0,DTLA,LAX
7271,69876.0,WDHL,LAX
7272,69885.0,BVH,LAX
7273,69906.0,HWD,LAX
7274,69909.0,DTLA,LAX
7275,69911.0,HWD,LAX
7276,69946.0,DTLA,LAX
7277,69949.0,UVS,LAX
7278,69949.0,DTLA,LAX
7279,69953.0,WDHL,LAX
7280,69955.0,PSD,LAX
7281,69965.0,UVS,LAX
7282,69972.0,LGB,LAX
7283,69980.0,HWD,LAX
7284,69984.0,LGB,LAX
7285,69991.0,ANH,LAX
7286,69993.0,DTLA,LAX
7287,69997.0,DTLA,LAX
7288,70000.0,ANH,LAX
7289,70002.0,PSD,LAX
7290,70012.0,DTLA,LAX
7291,70017.0,DTLA,LAX
7292,70028.0,BVH,LAX
7293,70039.0,LGB,LAX
7294,70039.0,DTLA,LAX
7295,70067.0,DTLA,LAX
7296,70072.0,ANH,LAX
7297,70088.0,WDHL,LAX
7298,70089.0,ANH,LAX
7299,70089.0,ANH,LAX
7300,70100.0,ANH,LAX
7301,70102.0,WDHL,LAX
7302,70107.0,ANH,LAX
7303,70111.0,DTLA,LAX
7304,70114.0,ANH,LAX
7305,70119.0,DTLA,LAX
7306,70119.0,ANH,LAX
7307,70122.0,ANH,LAX
7308,70125.0,WDHL,LAX
7309,70133.0,WDHL,LAX
7310,70140.0,LGB,LAX
7311,70151.0,HWD,LAX
7312,70170.0,UVS,LAX
7313,70176.0,HWD,LAX
7314,70180.0,BVH,LAX
7315,70198.0,DTLA,LAX
7316,70203.0,LGB,LAX
7317,70210.0,WDHL,LAX
7318,70249.0,LGB,LAX
7319,70250.0,WDHL,LAX
7320,70251.0,DTLA,LAX
7321,70255.0,WDHL,LAX
7322,70261.0,WDHL,LAX
7323,70275.0,PSD,LAX
7324,70278.0,ANH,LAX
7325,70291.0,HWD,LAX
7326,70307.0,LGB,LAX
7327,70308.0,DTLA,LAX
7328,70312.0,ANH,LAX
7329,70316.0,UVS,LAX
7330,70318.0,UVS,LAX
7331,70323.0,HWD,LAX
7332,70325.0,LGB,LAX
7333,70345.0,HWD,LAX
7334,70351.0,BVH,LAX
7335,70353.0,LGB,LAX
7336,70358.0,HWD,LAX
7337,70360.0,DTLA,LAX
7338,70361.0,HWD,LAX
7339,70361.0,LGB,LAX
7340,70363.0,ANH,LAX
7341,70370.0,DTLA,LAX
7342,70380.0,WDHL,LAX
7343,70395.0,PSD,LAX
7344,70402.0,UVS,LAX
7345,70404.0,DTLA,LAX
7346,70427.0,BVH,LAX
7347,70428.0,UVS,LAX
7348,70432.0,DTLA,LAX
7349,70436.0,WDHL,LAX
7350,70439.0,ANH,LAX
7351,70440.0,LGB,LAX
7352,70461.0,BVH,LAX
7353,70462.0,WDHL,LAX
7354,70473.0,WDHL,LAX
7355,70475.0,LGB,LAX
7356,70497.0,BVH,LAX
7357,70498.0,LGB,LAX
7358,70519.0,PSD,LAX
7359,70519.0,ANH,LAX
7360,70524.0,DTLA,LAX
7361,70527.0,LGB,LAX
7362,70533.0,HWD,LAX
7363,70537.0,LGB,LAX
7364,70544.0,WDHL,LAX
7365,70548.0,LGB,LAX
7366,70551.0,ANH,LAX
7367,70560.0,PSD,LAX
7368,70560.0,DTLA,LAX
7369,70566.0,LGB,LAX
7370,70573.0,PSD,LAX
7371,70578.0,WDHL,LAX
7372,70583.0,PSD,LAX
7373,70588.0,DTLA,LAX
7374,70593.0,UVS,LAX
7375,70598.0,ANH,LAX
7376,70614.0,ANH,LAX
7377,70619.0,BVH,LAX
7378,70622.0,ANH,LAX
7379,70636.0,BVH,LAX
7380,70657.0,ANH,LAX
7381,70664.0,DTLA,LAX
7382,70667.0,ANH,LAX
7383,70685.0,LGB,LAX
7384,70697.0,UVS,LAX
7385,70701.0,HWD,LAX
7386,70707.0,LGB,LAX
7387,70725.0,HWD,LAX
7388,70736.0,LGB,LAX
7389,70743.0,ANH,LAX
7390,70760.0,LGB,LAX
7391,70782.0,DTLA,LAX
7392,70807.0,PSD,LAX
7393,70810.0,UVS,LAX
7394,70812.0,HWD,LAX
7395,70813.0,LGB,LAX
7396,70820.0,LGB,LAX
7397,70825.0,PSD,LAX
7398,70839.0,HWD,LAX
7399,70849.0,DTLA,LAX
7400,70851.0,PSD,LAX
7401,70852.0,PSD,LAX
7402,70856.0,ANH,LAX
7403,70858.0,ANH,LAX
7404,70893.0,HWD,LAX
7405,70902.0,LGB,LAX
7406,70909.0,ANH,LAX
7407,70909.0,WDHL,LAX
7408,70909.0,HWD,LAX
7409,70914.0,PSD,LAX
7410,70918.0,DTLA,LAX
7411,70922.0,DTLA,LAX
7412,70930.0,ANH,LAX
7413,70931.0,UVS,LAX
7414,70931.0,ANH,LAX
7415,70965.0,ANH,LAX
7416,70969.0,BVH,LAX
7417,70984.0,PSD,LAX
7418,71013.0,ANH,LAX
7419,71031.0,ANH,LAX
7420,71042.0,UVS,LAX
7421,71087.0,ANH,LAX
7422,71091.0,UVS,LAX
7423,71097.0,BVH,LAX
7424,71100.0,DTLA,LAX
7425,71122.0,HWD,LAX
7426,71139.0,ANH,LAX
7427,71147.0,HWD,LAX
7428,71160.0,HWD,LAX
7429,71161.0,DTLA,LAX
7430,71162.0,UVS,LAX
7431,71169.0,HWD,LAX
7432,71173.0,LGB,LAX
7433,71179.0,WDHL,LAX
7434,71188.0,HWD,LAX
7435,71190.0,UVS,LAX
7436,71192.0,DTLA,LAX
7437,71208.0,HWD,LAX
7438,71212.0,ANH,LAX
7439,71217.0,DTLA,LAX
7440,71222.0,ANH,LAX
7441,71224.0,BVH,LAX
7442,71226.0,UVS,LAX
7443,71243.0,UVS,LAX
7444,71246.0,HWD,LAX
7445,71252.0,DTLA,LAX
7446,71256.0,DTLA,LAX
7447,71304.0,LGB,LAX
7448,71307.0,ANH,LAX
7449,71309.0,DTLA,LAX
7450,71314.0,ANH,LAX
7451,71324.0,UVS,LAX
7452,71325.0,LGB,LAX
7453,71327.0,WDHL,LAX
7454,71335.0,PSD,LAX
7455,71360.0,WDHL,LAX
7456,71374.0,PSD,LAX
7457,71382.0,HWD,LAX
7458,71391.0,PSD,LAX
7459,71402.0,ANH,LAX
7460,71407.0,LGB,LAX
7461,71411.0,ANH,LAX
7462,71420.0,ANH,LAX
7463,71450.0,WDHL,LAX
7464,71477.0,HWD,LAX
7465,71494.0,BVH,LAX
7466,71496.0,ANH,LAX
7467,71506.0,LGB,LAX
7468,71511.0,DTLA,LAX
7469,71532.0,WDHL,LAX
7470,71536.0,UVS,LAX
7471,71541.0,ANH,LAX
7472,71543.0,DTLA,LAX
7473,71552.0,HWD,LAX
7474,71559.0,DTLA,LAX
7475,71563.0,HWD,LAX
7476,71567.0,DTLA,LAX
7477,71578.0,HWD,LAX
7478,71586.0,BVH,LAX
7479,71604.0,PSD,LAX
7480,71618.0,DTLA,LAX
7481,71631.0,PSD,LAX
7482,71661.0,DTLA,LAX
7483,71670.0,PSD,LAX
7484,71679.0,DTLA,LAX
7485,71686.0,DTLA,LAX
7486,71694.0,HWD,LAX
7487,71694.0,LGB,LAX
7488,71697.0,BVH,LAX
7489,71698.0,ANH,LAX
7490,71728.0,WDHL,LAX
7491,71738.0,DTLA,LAX
7492,71743.0,WDHL,LAX
7493,71754.0,ANH,LAX
7494,71766.0,HWD,LAX
7495,71794.0,PSD,LAX
7496,71816.0,LGB,LAX
7497,71817.0,DTLA,LAX
7498,71820.0,LGB,LAX
7499,71823.0,PSD,LAX
7500,71837.0,BVH,LAX
7501,71871.0,LGB,LAX
7502,71884.0,DTLA,LAX
7503,71886.0,HWD,LAX
7504,71887.0,DTLA,LAX
7505,71889.0,DTLA,LAX
7506,71891.0,ANH,LAX
7507,71892.0,PSD,LAX
7508,71947.0,DTLA,LAX
7509,71967.0,LGB,LAX
7510,71970.0,ANH,LAX
7511,71978.0,PSD,LAX
7512,71984.0,HWD,LAX
7513,71989.0,LGB,LAX
7514,71993.0,HWD,LAX
7515,71994.0,WDHL,LAX
7516,71997.0,DTLA,LAX
7517,72012.0,DTLA,LAX
7518,72030.0,DTLA,LAX
7519,72032.0,HWD,LAX
7520,72052.0,ANH,LAX
7521,72079.0,HWD,LAX
7522,72080.0,ANH,LAX
7523,72105.0,DTLA,LAX
7524,72146.0,BVH,LAX
7525,72154.0,LGB,LAX
7526,72155.0,WDHL,LAX
7527,72167.0,UVS,LAX
7528,72168.0,LGB,LAX
7529,72175.0,UVS,LAX
7530,72176.0,HWD,LAX
7531,72180.0,DTLA,LAX
7532,72182.0,ANH,LAX
7533,72190.0,ANH,LAX
7534,72196.0,HWD,LAX
7535,72198.0,LGB,LAX
7536,72206.0,HWD,LAX
7537,72219.0,DTLA,LAX
7538,72232.0,BVH,LAX
7539,72236.0,LGB,LAX
7540,72239.0,DTLA,LAX
7541,72240.0,LGB,LAX
7542,72244.0,ANH,LAX
7543,72255.0,WDHL,LAX
7544,72256.0,BVH,LAX
7545,72261.0,DTLA,LAX
7546,72276.0,UVS,LAX
7547,72283.0,HWD,LAX
7548,72296.0,ANH,LAX
7549,72301.0,PSD,LAX
7550,72313.0,HWD,LAX
7551,72330.0,HWD,LAX
7552,72330.0,ANH,LAX
7553,72336.0,LGB,LAX
7554,72339.0,BVH,LAX
7555,72350.0,ANH,LAX
7556,72360.0,DTLA,LAX
7557,72366.0,UVS,LAX
7558,72373.0,WDHL,LAX
7559,72402.0,HWD,LAX
7560,72413.0,WDHL,LAX
7561,72414.0,ANH,LAX
7562,72414.0,LGB,LAX
7563,72429.0,ANH,LAX
7564,72441.0,PSD,LAX
7565,72461.0,WDHL,LAX
7566,72462.0,PSD,LAX
7567,72464.0,LGB,LAX
7568,72472.0,LGB,LAX
7569,72483.0,BVH,LAX
7570,72508.0,HWD,LAX
7571,72518.0,LGB,LAX
7572,72521.0,HWD,LAX
7573,72523.0,ANH,LAX
7574,72525.0,DTLA,LAX
7575,72526.0,LGB,LAX
7576,72533.0,LGB,LAX
7577,72534.0,BVH,LAX
7578,72550.0,HWD,LAX
7579,72560.0,ANH,LAX
7580,72569.0,DTLA,LAX
7581,72574.0,BVH,LAX
7582,72596.0,ANH,LAX
7583,72604.0,UVS,LAX
7584,72611.0,LGB,LAX
7585,72634.0,DTLA,LAX
7586,72639.0,ANH,LAX
7587,72653.0,DTLA,LAX
7588,72661.0,WDHL,LAX
7589,72668.0,ANH,LAX
7590,72680.0,LGB,LAX
7591,72682.0,DTLA,LAX
7592,72686.0,BVH,LAX
7593,72702.0,LGB,LAX
7594,72706.0,ANH,LAX
7595,72706.0,ANH,LAX
7596,72713.0,HWD,LAX
7597,72715.0,DTLA,LAX
7598,72731.0,DTLA,LAX
7599,72733.0,DTLA,LAX
7600,72735.0,HWD,LAX
7601,72736.0,WDHL,LAX
7602,72751.0,HWD,LAX
7603,72765.0,DTLA,LAX
7604,72766.0,HWD,LAX
7605,72778.0,ANH,LAX
7606,72778.0,ANH,LAX
7607,72787.0,ANH,LAX
7608,72790.0,DTLA,LAX
7609,72797.0,ANH,LAX
7610,72810.0,UVS,LAX
7611,72863.0,ANH,LAX
7612,72865.0,LGB,LAX
7613,72865.0,DTLA,LAX
7614,72868.0,PSD,LAX
7615,72868.0,DTLA,LAX
7616,72868.0,HWD,LAX
7617,72880.0,HWD,LAX
7618,72882.0,LGB,LAX
7619,72889.0,LGB,LAX
7620,72890.0,PSD,LAX
7621,72892.0,UVS,LAX
7622,72903.0,DTLA,LAX
7623,72908.0,ANH,LAX
7624,72912.0,WDHL,LAX
7625,72915.0,PSD,LAX
7626,72943.0,DTLA,LAX
7627,72945.0,LGB,LAX
7628,72949.0,PSD,LAX
7629,72957.0,WDHL,LAX
7630,72968.0,ANH,LAX
7631,72974.0,ANH,LAX
7632,72989.0,ANH,LAX
7633,72989.0,DTLA,LAX
7634,72999.0,HWD,LAX
7635,73004.0,WDHL,LAX
7636,73010.0,ANH,LAX
7637,73012.0,WDHL,LAX
7638,73018.0,ANH,LAX
7639,73030.0,ANH,LAX
7640,73034.0,ANH,LAX
7641,73038.0,HWD,LAX
7642,73062.0,WDHL,LAX
7643,73071.0,LGB,LAX
7644,73100.0,ANH,LAX
7645,73100.0,DTLA,LAX
7646,73102.0,PSD,LAX
7647,73102.0,ANH,LAX
7648,73107.0,WDHL,LAX
7649,73114.0,UVS,LAX
7650,73116.0,LGB,LAX
7651,73128.0,UVS,LAX
7652,73154.0,DTLA,LAX
7653,73162.0,WDHL,LAX
7654,73173.0,DTLA,LAX
7655,73178.0,DTLA,LAX
7656,73181.0,HWD,LAX
7657,73184.0,PSD,LAX
7658,73186.0,LGB,LAX
7659,73190.0,LGB,LAX
7660,73195.0,DTLA,LAX
7661,73195.0,PSD,LAX
7662,73199.0,BVH,LAX
7663,73209.0,PSD,LAX
7664,73221.0,WDHL,LAX
7665,73233.0,ANH,LAX
7666,73236.0,HWD,LAX
7667,73239.0,ANH,LAX
7668,73241.0,HWD,LAX
7669,73242.0,DTLA,LAX
7670,73250.0,PSD,LAX
7671,73264.0,DTLA,LAX
7672,73266.0,BVH,LAX
7673,73268.0,WDHL,LAX
7674,73284.0,ANH,LAX
7675,73287.0,DTLA,LAX
7676,73288.0,DTLA,LAX
7677,73292.0,BVH,LAX
7678,73295.0,ANH,LAX
7679,73296.0,HWD,LAX
7680,73304.0,HWD,LAX
7681,73309.0,UVS,LAX
7682,73324.0,ANH,LAX
7683,73332.0,PSD,LAX
7684,73347.0,HWD,LAX
7685,73347.0,ANH,LAX
7686,73351.0,WDHL,LAX
7687,73364.0,BVH,LAX
7688,73372.0,DTLA,LAX
7689,73376.0,DTLA,LAX
7690,73384.0,HWD,LAX
7691,73390.0,ANH,LAX
7692,73400.0,BVH,LAX
7693,73408.0,DTLA,LAX
7694,73416.0,HWD,LAX
7695,73419.0,DTLA,LAX
7696,73423.0,DTLA,LAX
7697,73426.0,WDHL,LAX
7698,73435.0,BVH,LAX
7699,73442.0,DTLA,LAX
7700,73445.0,WDHL,LAX
7701,73447.0,LGB,LAX
7702,73453.0,WDHL,LAX
7703,73454.0,ANH,LAX
7704,73458.0,ANH,LAX
7705,73468.0,ANH,LAX
7706,73470.0,BVH,LAX
7707,73480.0,ANH,LAX
7708,73489.0,DTLA,LAX
7709,73494.0,ANH,LAX
7710,73515.0,DTLA,LAX
7711,73520.0,ANH,LAX
7712,73531.0,HWD,LAX
7713,73534.0,LGB,LAX
7714,73535.0,WDHL,LAX
7715,73539.0,HWD,LAX
7716,73552.0,UVS,LAX
7717,73565.0,PSD,LAX
7718,73579.0,ANH,LAX
7719,73591.0,HWD,LAX
7720,73603.0,ANH,LAX
7721,73605.0,PSD,LAX
7722,73632.0,BVH,LAX
7723,73637.0,HWD,LAX
7724,73642.0,ANH,LAX
7725,73646.0,HWD,LAX
7726,73647.0,WDHL,LAX
7727,73647.0,PSD,LAX
7728,73667.0,DTLA,LAX
7729,73699.0,ANH,LAX
7730,73706.0,DTLA,LAX
7731,73707.0,UVS,LAX
7732,73718.0,ANH,LAX
7733,73723.0,HWD,LAX
7734,73728.0,HWD,LAX
7735,73738.0,BVH,LAX
7736,73741.0,UVS,LAX
7737,73753.0,HWD,LAX
7738,73761.0,DTLA,LAX
7739,73778.0,ANH,LAX
7740,73789.0,ANH,LAX
7741,73797.0,PSD,LAX
7742,73804.0,WDHL,LAX
7743,73829.0,HWD,LAX
7744,73836.0,ANH,LAX
7745,73878.0,BVH,LAX
7746,73896.0,HWD,LAX
7747,73898.0,HWD,LAX
7748,73905.0,ANH,LAX
7749,73914.0,DTLA,LAX
7750,73915.0,HWD,LAX
7751,73918.0,BVH,LAX
7752,73918.0,HWD,LAX
7753,73922.0,WDHL,LAX
7754,73925.0,ANH,LAX
7755,73927.0,BVH,LAX
7756,73939.0,BVH,LAX
7757,73955.0,BVH,LAX
7758,73957.0,LGB,LAX
7759,73974.0,LGB,LAX
7760,73975.0,PSD,LAX
7761,73977.0,ANH,LAX
7762,73985.0,DTLA,LAX
7763,73985.0,LGB,LAX
7764,73990.0,HWD,LAX
7765,73997.0,DTLA,LAX
7766,73999.0,BVH,LAX
7767,74004.0,HWD,LAX
7768,74006.0,HWD,LAX
7769,74012.0,UVS,LAX
7770,74030.0,ANH,LAX
7771,74070.0,LGB,LAX
7772,74077.0,ANH,LAX
7773,74079.0,DTLA,LAX
7774,74090.0,DTLA,LAX
7775,74091.0,ANH,LAX
7776,74092.0,ANH,LAX
7777,74095.0,ANH,LAX
7778,74109.0,LGB,LAX
7779,74113.0,LGB,LAX
7780,74118.0,DTLA,LAX
7781,74121.0,ANH,LAX
7782,74122.0,HWD,LAX
7783,74135.0,PSD,LAX
7784,74136.0,DTLA,LAX
7785,74154.0,PSD,LAX
7786,74157.0,LGB,LAX
7787,74159.0,PSD,LAX
7788,74166.0,LGB,LAX
7789,74181.0,PSD,LAX
7790,74192.0,DTLA,LAX
7791,74192.0,ANH,LAX
7792,74203.0,DTLA,LAX
7793,74204.0,BVH,LAX
7794,74221.0,LGB,LAX
7795,74242.0,HWD,LAX
7796,74244.0,HWD,LAX
7797,74251.0,DTLA,LAX
7798,74251.0,DTLA,LAX
7799,74264.0,ANH,LAX
7800,74270.0,BVH,LAX
7801,74290.0,BVH,LAX
7802,74292.0,HWD,LAX
7803,74296.0,LGB,LAX
7804,74304.0,BVH,LAX
7805,74305.0,LGB,LAX
7806,74309.0,BVH,LAX
7807,74318.0,BVH,LAX
7808,74320.0,WDHL,LAX
7809,74332.0,ANH,LAX
7810,74341.0,ANH,LAX
7811,74348.0,ANH,LAX
7812,74350.0,HWD,LAX
7813,74354.0,ANH,LAX
7814,74363.0,DTLA,LAX
7815,74373.0,BVH,LAX
7816,74380.0,DTLA,LAX
7817,74382.0,BVH,LAX
7818,74383.0,BVH,LAX
7819,74388.0,HWD,LAX
7820,74427.0,UVS,LAX
7821,74441.0,LGB,LAX
7822,74443.0,HWD,LAX
7823,74448.0,PSD,LAX
7824,74455.0,PSD,LAX
7825,74455.0,LGB,LAX
7826,74464.0,ANH,LAX
7827,74468.0,WDHL,LAX
7828,74470.0,PSD,LAX
7829,74471.0,HWD,LAX
7830,74480.0,BVH,LAX
7831,74481.0,PSD,LAX
7832,74482.0,DTLA,LAX
7833,74484.0,BVH,LAX
7834,74486.0,LGB,LAX
7835,74490.0,HWD,LAX
7836,74490.0,HWD,LAX
7837,74490.0,HWD,LAX
7838,74491.0,HWD,LAX
7839,74491.0,HWD,LAX
7840,74493.0,LGB,LAX
7841,74498.0,DTLA,LAX
7842,74499.0,PSD,LAX
7843,74500.0,ANH,LAX
7844,74527.0,ANH,LAX
7845,74533.0,PSD,LAX
7846,74542.0,ANH,LAX
7847,74551.0,WDHL,LAX
7848,74558.0,ANH,LAX
7849,74559.0,DTLA,LAX
7850,74562.0,BVH,LAX
7851,74574.0,LGB,LAX
7852,74591.0,ANH,LAX
7853,74598.0,LGB,LAX
7854,74599.0,BVH,LAX
7855,74601.0,DTLA,LAX
7856,74608.0,ANH,LAX
7857,74615.0,PSD,LAX
7858,74622.0,DTLA,LAX
7859,74626.0,HWD,LAX
7860,74628.0,DTLA,LAX
7861,74629.0,DTLA,LAX
7862,74639.0,DTLA,LAX
7863,74662.0,WDHL,LAX
7864,74667.0,LGB,LAX
7865,74703.0,DTLA,LAX
7866,74707.0,HWD,LAX
7867,74727.0,DTLA,LAX
7868,74729.0,WDHL,LAX
7869,74733.0,LGB,LAX
7870,74742.0,BVH,LAX
7871,74746.0,LGB,LAX
7872,74747.0,DTLA,LAX
7873,74748.0,LGB,LAX
7874,74752.0,ANH,LAX
7875,74762.0,WDHL,LAX
7876,74765.0,UVS,LAX
7877,74771.0,DTLA,LAX
7878,74777.0,DTLA,LAX
7879,74779.0,ANH,LAX
7880,74784.0,PSD,LAX
7881,74784.0,DTLA,LAX
7882,74791.0,ANH,LAX
7883,74792.0,ANH,LAX
7884,74796.0,ANH,LAX
7885,74806.0,ANH,LAX
7886,74809.0,ANH,LAX
7887,74820.0,UVS,LAX
7888,74844.0,ANH,LAX
7889,74845.0,ANH,LAX
7890,74845.0,DTLA,LAX
7891,74849.0,DTLA,LAX
7892,74853.0,WDHL,LAX
7893,74862.0,ANH,LAX
7894,74864.0,PSD,LAX
7895,74871.0,ANH,LAX
7896,74877.0,ANH,LAX
7897,74881.0,HWD,LAX
7898,74887.0,DTLA,LAX
7899,74891.0,DTLA,LAX
7900,74910.0,LGB,LAX
7901,74912.0,ANH,LAX
7902,74914.0,DTLA,LAX
7903,74917.0,PSD,LAX
7904,74936.0,ANH,LAX
7905,74938.0,DTLA,LAX
7906,74938.0,LGB,LAX
7907,74944.0,ANH,LAX
7908,74950.0,ANH,LAX
7909,74955.0,DTLA,LAX
7910,74960.0,DTLA,LAX
7911,74964.0,DTLA,LAX
7912,74976.0,LGB,LAX
7913,74979.0,PSD,LAX
7914,74981.0,ANH,LAX
7915,74986.0,ANH,LAX
7916,75018.0,ANH,LAX
7917,75037.0,DTLA,LAX
7918,75055.0,ANH,LAX
7919,75055.0,PSD,LAX
7920,75055.0,WDHL,LAX
7921,75064.0,LGB,LAX
7922,75088.0,BVH,LAX
7923,75099.0,DTLA,LAX
7924,75102.0,DTLA,LAX
7925,75106.0,DTLA,LAX
7926,75107.0,BVH,LAX
7927,75114.0,LGB,LAX
7928,75140.0,BVH,LAX
7929,75143.0,DTLA,LAX
7930,75146.0,LGB,LAX
7931,75148.0,PSD,LAX
7932,75153.0,ANH,LAX
7933,75166.0,PSD,LAX
7934,75171.0,DTLA,LAX
7935,75176.0,ANH,LAX
7936,75178.0,DTLA,LAX
7937,75189.0,ANH,LAX
7938,75191.0,ANH,LAX
7939,75196.0,DTLA,LAX
7940,75198.0,ANH,LAX
7941,75202.0,WDHL,LAX
7942,75211.0,PSD,LAX
7943,75213.0,UVS,LAX
7944,75221.0,ANH,LAX
7945,75225.0,ANH,LAX
7946,75225.0,LGB,LAX
7947,75227.0,LGB,LAX
7948,75232.0,ANH,LAX
7949,75238.0,ANH,LAX
7950,75241.0,LGB,LAX
7951,75262.0,DTLA,LAX
7952,75269.0,DTLA,LAX
7953,75277.0,UVS,LAX
7954,75283.0,ANH,LAX
7955,75285.0,PSD,LAX
7956,75315.0,DTLA,LAX
7957,75322.0,DTLA,LAX
7958,75322.0,HWD,LAX
7959,75323.0,ANH,LAX
7960,75324.0,DTLA,LAX
7961,75367.0,ANH,LAX
7962,75379.0,UVS,LAX
7963,75387.0,HWD,LAX
7964,75393.0,DTLA,LAX
7965,75404.0,LGB,LAX
7966,75417.0,ANH,LAX
7967,75419.0,WDHL,LAX
7968,75419.0,DTLA,LAX
7969,75421.0,LGB,LAX
7970,75430.0,DTLA,LAX
7971,75435.0,HWD,LAX
7972,75442.0,BVH,LAX
7973,75461.0,LGB,LAX
7974,75476.0,DTLA,LAX
7975,75479.0,UVS,LAX
7976,75482.0,LGB,LAX
7977,75489.0,BVH,LAX
7978,75503.0,DTLA,LAX
7979,75523.0,BVH,LAX
7980,75527.0,ANH,LAX
7981,75528.0,LGB,LAX
7982,75535.0,PSD,LAX
7983,75540.0,ANH,LAX
7984,75546.0,HWD,LAX
7985,75549.0,DTLA,LAX
7986,75555.0,DTLA,LAX
7987,75556.0,DTLA,LAX
7988,75565.0,ANH,LAX
7989,75571.0,PSD,LAX
7990,75578.0,DTLA,LAX
7991,75578.0,ANH,LAX
7992,75590.0,ANH,LAX
7993,75591.0,DTLA,LAX
7994,75591.0,ANH,LAX
7995,75595.0,ANH,LAX
7996,75607.0,HWD,LAX
7997,75615.0,LGB,LAX
7998,75620.0,PSD,LAX
7999,75623.0,DTLA,LAX
8000,75627.0,LGB,LAX
8001,75637.0,ANH,LAX
8002,75640.0,BVH,LAX
8003,75647.0,PSD,LAX
8004,75649.0,UVS,LAX
8005,75657.0,HWD,LAX
8006,75663.0,HWD,LAX
8007,75669.0,HWD,LAX
8008,75694.0,UVS,LAX
8009,75699.0,HWD,LAX
8010,75704.0,LGB,LAX
8011,75706.0,BVH,LAX
8012,75709.0,ANH,LAX
8013,75711.0,DTLA,LAX
8014,75718.0,BVH,LAX
8015,75737.0,WDHL,LAX
8016,75745.0,LGB,LAX
8017,75751.0,WDHL,LAX
8018,75760.0,ANH,LAX
8019,75763.0,WDHL,LAX
8020,75764.0,DTLA,LAX
8021,75767.0,ANH,LAX
8022,75785.0,LGB,LAX
8023,75790.0,HWD,LAX
8024,75791.0,ANH,LAX
8025,75794.0,LGB,LAX
8026,75806.0,UVS,LAX
8027,75811.0,UVS,LAX
8028,75813.0,WDHL,LAX
8029,75820.0,LGB,LAX
8030,75826.0,LGB,LAX
8031,75828.0,ANH,LAX
8032,75837.0,BVH,LAX
8033,75845.0,ANH,LAX
8034,75861.0,ANH,LAX
8035,75869.0,HWD,LAX
8036,75870.0,DTLA,LAX
8037,75873.0,ANH,LAX
8038,75875.0,HWD,LAX
8039,75881.0,LGB,LAX
8040,75885.0,DTLA,LAX
8041,75887.0,DTLA,LAX
8042,75900.0,DTLA,LAX
8043,75927.0,PSD,LAX
8044,75944.0,ANH,LAX
8045,75980.0,BVH,LAX
8046,75981.0,BVH,LAX
8047,75996.0,ANH,LAX
8048,76012.0,WDHL,LAX
8049,76024.0,BVH,LAX
8050,76037.0,BVH,LAX
8051,76040.0,WDHL,LAX
8052,76057.0,ANH,LAX
8053,76064.0,BVH,LAX
8054,76065.0,ANH,LAX
8055,76070.0,PSD,LAX
8056,76071.0,DTLA,LAX
8057,76071.0,ANH,LAX
8058,76078.0,DTLA,LAX
8059,76079.0,LGB,LAX
8060,76081.0,DTLA,LAX
8061,76086.0,ANH,LAX
8062,76089.0,BVH,LAX
8063,76093.0,ANH,LAX
8064,76101.0,HWD,LAX
8065,76103.0,PSD,LAX
8066,76116.0,BVH,LAX
8067,76122.0,ANH,LAX
8068,76155.0,ANH,LAX
8069,76156.0,ANH,LAX
8070,76159.0,UVS,LAX
8071,76162.0,DTLA,LAX
8072,76181.0,DTLA,LAX
8073,76187.0,BVH,LAX
8074,76187.0,DTLA,LAX
8075,76190.0,BVH,LAX
8076,76200.0,HWD,LAX
8077,76210.0,WDHL,LAX
8078,76223.0,DTLA,LAX
8079,76225.0,ANH,LAX
8080,76232.0,ANH,LAX
8081,76243.0,BVH,LAX
8082,76244.0,HWD,LAX
8083,76245.0,LGB,LAX
8084,76246.0,ANH,LAX
8085,76254.0,HWD,LAX
8086,76261.0,DTLA,LAX
8087,76266.0,LGB,LAX
8088,76270.0,ANH,LAX
8089,76305.0,HWD,LAX
8090,76307.0,ANH,LAX
8091,76315.0,BVH,LAX
8092,76316.0,DTLA,LAX
8093,76319.0,DTLA,LAX
8094,76338.0,HWD,LAX
8095,76344.0,HWD,LAX
8096,76354.0,UVS,LAX
8097,76372.0,ANH,LAX
8098,76374.0,DTLA,LAX
8099,76391.0,BVH,LAX
8100,76393.0,UVS,LAX
8101,76406.0,HWD,LAX
8102,76433.0,ANH,LAX
8103,76437.0,ANH,LAX
8104,76441.0,LGB,LAX
8105,76444.0,ANH,LAX
8106,76447.0,UVS,LAX
8107,76451.0,DTLA,LAX
8108,76462.0,ANH,LAX
8109,76469.0,HWD,LAX
8110,76474.0,ANH,LAX
8111,76495.0,WDHL,LAX
8112,76531.0,ANH,LAX
8113,76532.0,HWD,LAX
8114,76538.0,DTLA,LAX
8115,76542.0,BVH,LAX
8116,76542.0,PSD,LAX
8117,76545.0,ANH,LAX
8118,76553.0,DTLA,LAX
8119,76569.0,HWD,LAX
8120,76571.0,LGB,LAX
8121,76573.0,BVH,LAX
8122,76574.0,DTLA,LAX
8123,76577.0,LGB,LAX
8124,76593.0,HWD,LAX
8125,76606.0,BVH,LAX
8126,76613.0,WDHL,LAX
8127,76625.0,DTLA,LAX
8128,76627.0,ANH,LAX
8129,76643.0,HWD,LAX
8130,76646.0,ANH,LAX
8131,76653.0,DTLA,LAX
8132,76657.0,HWD,LAX
8133,76664.0,BVH,LAX
8134,76666.0,LGB,LAX
8135,76701.0,ANH,LAX
8136,76701.0,LGB,LAX
8137,76703.0,BVH,LAX
8138,76706.0,WDHL,LAX
8139,76708.0,DTLA,LAX
8140,76710.0,DTLA,LAX
8141,76720.0,HWD,LAX
8142,76724.0,HWD,LAX
8143,76725.0,DTLA,LAX
8144,76729.0,DTLA,LAX
8145,76729.0,WDHL,LAX
8146,76732.0,DTLA,LAX
8147,76742.0,HWD,LAX
8148,76753.0,HWD,LAX
8149,76753.0,UVS,LAX
8150,76760.0,PSD,LAX
8151,76763.0,UVS,LAX
8152,76767.0,LGB,LAX
8153,76770.0,WDHL,LAX
8154,76773.0,WDHL,LAX
8155,76784.0,ANH,LAX
8156,76789.0,HWD,LAX
8157,76802.0,ANH,LAX
8158,76806.0,ANH,LAX
8159,76808.0,ANH,LAX
8160,76815.0,WDHL,LAX
8161,76830.0,ANH,LAX
8162,76836.0,DTLA,LAX
8163,76845.0,LGB,LAX
8164,76863.0,BVH,LAX
8165,76864.0,UVS,LAX
8166,76869.0,HWD,LAX
8167,76875.0,DTLA,LAX
8168,76885.0,HWD,LAX
8169,76886.0,DTLA,LAX
8170,76899.0,WDHL,LAX
8171,76904.0,HWD,LAX
8172,76910.0,ANH,LAX
8173,76914.0,DTLA,LAX
8174,76943.0,HWD,LAX
8175,76961.0,UVS,LAX
8176,76961.0,DTLA,LAX
8177,76964.0,DTLA,LAX
8178,76969.0,DTLA,LAX
8179,76981.0,DTLA,LAX
8180,76982.0,LGB,LAX
8181,76993.0,HWD,LAX
8182,76996.0,BVH,LAX
8183,76996.0,ANH,LAX
8184,77002.0,BVH,LAX
8185,77004.0,WDHL,LAX
8186,77010.0,DTLA,LAX
8187,77032.0,HWD,LAX
8188,77045.0,HWD,LAX
8189,77050.0,DTLA,LAX
8190,77062.0,ANH,LAX
8191,77088.0,DTLA,LAX
8192,77090.0,ANH,LAX
8193,77100.0,LGB,LAX
8194,77106.0,DTLA,LAX
8195,77108.0,ANH,LAX
8196,77109.0,LGB,LAX
8197,77133.0,DTLA,LAX
8198,77140.0,DTLA,LAX
8199,77150.0,DTLA,LAX
8200,77150.0,ANH,LAX
8201,77152.0,BVH,LAX
8202,77158.0,WDHL,LAX
8203,77183.0,DTLA,LAX
8204,77189.0,HWD,LAX
8205,77196.0,UVS,LAX
8206,77199.0,PSD,LAX
8207,77219.0,HWD,LAX
8208,77229.0,HWD,LAX
8209,77233.0,PSD,LAX
8210,77243.0,ANH,LAX
8211,77256.0,UVS,LAX
8212,77267.0,DTLA,LAX
8213,77281.0,BVH,LAX
8214,77282.0,DTLA,LAX
8215,77293.0,BVH,LAX
8216,77305.0,DTLA,LAX
8217,77308.0,LGB,LAX
8218,77316.0,DTLA,LAX
8219,77324.0,UVS,LAX
8220,77325.0,ANH,LAX
8221,77331.0,LGB,LAX
8222,77349.0,DTLA,LAX
8223,77374.0,DTLA,LAX
8224,77388.0,LGB,LAX
8225,77391.0,BVH,LAX
8226,77395.0,WDHL,LAX
8227,77397.0,HWD,LAX
8228,77407.0,ANH,LAX
8229,77409.0,HWD,LAX
8230,77411.0,HWD,LAX
8231,77413.0,ANH,LAX
8232,77418.0,PSD,LAX
8233,77420.0,DTLA,LAX
8234,77421.0,HWD,LAX
8235,77421.0,HWD,LAX
8236,77426.0,HWD,LAX
8237,77433.0,LGB,LAX
8238,77442.0,DTLA,LAX
8239,77468.0,UVS,LAX
8240,77472.0,LGB,LAX
8241,77473.0,LGB,LAX
8242,77476.0,DTLA,LAX
8243,77487.0,PSD,LAX
8244,77520.0,PSD,LAX
8245,77524.0,UVS,LAX
8246,77529.0,LGB,LAX
8247,77530.0,LGB,LAX
8248,77536.0,PSD,LAX
8249,77542.0,LGB,LAX
8250,77548.0,ANH,LAX
8251,77550.0,BVH,LAX
8252,77566.0,BVH,LAX
8253,77566.0,BVH,LAX
8254,77567.0,UVS,LAX
8255,77569.0,LGB,LAX
8256,77574.0,PSD,LAX
8257,77578.0,ANH,LAX
8258,77588.0,ANH,LAX
8259,77588.0,LGB,LAX
8260,77589.0,DTLA,LAX
8261,77600.0,DTLA,LAX
8262,77604.0,ANH,LAX
8263,77607.0,LGB,LAX
8264,77619.0,WDHL,LAX
8265,77621.0,DTLA,LAX
8266,77632.0,LGB,LAX
8267,77635.0,PSD,LAX
8268,77643.0,DTLA,LAX
8269,77647.0,BVH,LAX
8270,77650.0,DTLA,LAX
8271,77657.0,ANH,LAX
8272,77676.0,HWD,LAX
8273,77679.0,ANH,LAX
8274,77689.0,ANH,LAX
8275,77700.0,WDHL,LAX
8276,77701.0,DTLA,LAX
8277,77708.0,HWD,LAX
8278,77711.0,PSD,LAX
8279,77732.0,DTLA,LAX
8280,77734.0,HWD,LAX
8281,77741.0,HWD,LAX
8282,77759.0,ANH,LAX
8283,77759.0,BVH,LAX
8284,77763.0,WDHL,LAX
8285,77776.0,ANH,LAX
8286,77790.0,DTLA,LAX
8287,77792.0,PSD,LAX
8288,77825.0,ANH,LAX
8289,77825.0,DTLA,LAX
8290,77840.0,HWD,LAX
8291,77845.0,UVS,LAX
8292,77849.0,BVH,LAX
8293,77860.0,BVH,LAX
8294,77862.0,DTLA,LAX
8295,77867.0,ANH,LAX
8296,77868.0,DTLA,LAX
8297,77891.0,HWD,LAX
8298,77903.0,ANH,LAX
8299,77919.0,DTLA,LAX
8300,77925.0,DTLA,LAX
8301,77929.0,ANH,LAX
8302,77930.0,HWD,LAX
8303,77933.0,LGB,LAX
8304,77941.0,WDHL,LAX
8305,77942.0,PSD,LAX
8306,77942.0,ANH,LAX
8307,77948.0,BVH,LAX
8308,77955.0,DTLA,LAX
8309,77970.0,ANH,LAX
8310,77977.0,HWD,LAX
8311,77994.0,DTLA,LAX
8312,77997.0,ANH,LAX
8313,77998.0,ANH,LAX
8314,78003.0,PSD,LAX
8315,78003.0,DTLA,LAX
8316,78006.0,BVH,LAX
8317,78025.0,HWD,LAX
8318,78026.0,HWD,LAX
8319,78034.0,PSD,LAX
8320,78037.0,DTLA,LAX
8321,78043.0,ANH,LAX
8322,78053.0,ANH,LAX
8323,78055.0,BVH,LAX
8324,78064.0,UVS,LAX
8325,78072.0,DTLA,LAX
8326,78078.0,LGB,LAX
8327,78082.0,HWD,LAX
8328,78084.0,UVS,LAX
8329,78087.0,LGB,LAX
8330,78089.0,BVH,LAX
8331,78094.0,DTLA,LAX
8332,78102.0,HWD,LAX
8333,78114.0,DTLA,LAX
8334,78137.0,UVS,LAX
8335,78145.0,HWD,LAX
8336,78148.0,HWD,LAX
8337,78164.0,LGB,LAX
8338,78165.0,HWD,LAX
8339,78171.0,DTLA,LAX
8340,78181.0,ANH,LAX
8341,78187.0,ANH,LAX
8342,78189.0,DTLA,LAX
8343,78189.0,DTLA,LAX
8344,78190.0,DTLA,LAX
8345,78196.0,LGB,LAX
8346,78214.0,BVH,LAX
8347,78219.0,DTLA,LAX
8348,78221.0,ANH,LAX
8349,78222.0,HWD,LAX
8350,78230.0,HWD,LAX
8351,78240.0,DTLA,LAX
8352,78245.0,DTLA,LAX
8353,78254.0,HWD,LAX
8354,78260.0,DTLA,LAX
8355,78266.0,LGB,LAX
8356,78267.0,BVH,LAX
8357,78273.0,ANH,LAX
8358,78283.0,LGB,LAX
8359,78296.0,HWD,LAX
8360,78315.0,HWD,LAX
8361,78324.0,UVS,LAX
8362,78329.0,LGB,LAX
8363,78331.0,DTLA,LAX
8364,78332.0,DTLA,LAX
8365,78332.0,WDHL,LAX
8366,78334.0,DTLA,LAX
8367,78340.0,HWD,LAX
8368,78345.0,HWD,LAX
8369,78351.0,DTLA,LAX
8370,78390.0,HWD,LAX
8371,78392.0,LGB,LAX
8372,78394.0,HWD,LAX
8373,78407.0,DTLA,LAX
8374,78409.0,DTLA,LAX
8375,78427.0,DTLA,LAX
8376,78454.0,LGB,LAX
8377,78460.0,PSD,LAX
8378,78464.0,BVH,LAX
8379,78475.0,UVS,LAX
8380,78482.0,ANH,LAX
8381,78487.0,UVS,LAX
8382,78490.0,DTLA,LAX
8383,78504.0,LGB,LAX
8384,78518.0,ANH,LAX
8385,78518.0,BVH,LAX
8386,78524.0,BVH,LAX
8387,78542.0,HWD,LAX
8388,78547.0,WDHL,LAX
8389,78558.0,DTLA,LAX
8390,78587.0,LGB,LAX
8391,78589.0,HWD,LAX
8392,78594.0,WDHL,LAX
8393,78600.0,ANH,LAX
8394,78601.0,LGB,LAX
8395,78613.0,UVS,LAX
8396,78621.0,DTLA,LAX
8397,78633.0,UVS,LAX
8398,78640.0,DTLA,LAX
8399,78647.0,HWD,LAX
8400,78649.0,ANH,LAX
8401,78662.0,UVS,LAX
8402,78663.0,HWD,LAX
8403,78663.0,BVH,LAX
8404,78666.0,DTLA,LAX
8405,78670.0,LGB,LAX
8406,78675.0,HWD,LAX
8407,78676.0,ANH,LAX
8408,78677.0,PSD,LAX
8409,78684.0,UVS,LAX
8410,78691.0,PSD,LAX
8411,78748.0,BVH,LAX
8412,78758.0,DTLA,LAX
8413,78773.0,HWD,LAX
8414,78777.0,UVS,LAX
8415,78784.0,DTLA,LAX
8416,78793.0,LGB,LAX
8417,78799.0,DTLA,LAX
8418,78800.0,LGB,LAX
8419,78804.0,LGB,LAX
8420,78818.0,HWD,LAX
8421,78819.0,DTLA,LAX
8422,78853.0,LGB,LAX
8423,78855.0,HWD,LAX
8424,78857.0,DTLA,LAX
8425,78862.0,DTLA,LAX
8426,78880.0,PSD,LAX
8427,78891.0,DTLA,LAX
8428,78894.0,HWD,LAX
8429,78895.0,ANH,LAX
8430,78895.0,HWD,LAX
8431,78923.0,LGB,LAX
8432,78927.0,LGB,LAX
8433,78935.0,DTLA,LAX
8434,78950.0,LGB,LAX
8435,78953.0,ANH,LAX
8436,78967.0,DTLA,LAX
8437,78974.0,UVS,LAX
8438,78978.0,WDHL,LAX
8439,78985.0,PSD,LAX
8440,78987.0,LGB,LAX
8441,79004.0,UVS,LAX
8442,79007.0,DTLA,LAX
8443,79013.0,DTLA,LAX
8444,79022.0,UVS,LAX
8445,79027.0,PSD,LAX
8446,79038.0,HWD,LAX
8447,79039.0,DTLA,LAX
8448,79050.0,LGB,LAX
8449,79072.0,DTLA,LAX
8450,79085.0,ANH,LAX
8451,79107.0,UVS,LAX
8452,79108.0,PSD,LAX
8453,79111.0,HWD,LAX
8454,79116.0,LGB,LAX
8455,79152.0,WDHL,LAX
8456,79161.0,ANH,LAX
8457,79182.0,BVH,LAX
8458,79218.0,ANH,LAX
8459,79220.0,ANH,LAX
8460,79222.0,DTLA,LAX
8461,79222.0,LGB,LAX
8462,79224.0,DTLA,LAX
8463,79229.0,PSD,LAX
8464,79241.0,HWD,LAX
8465,79242.0,ANH,LAX
8466,79243.0,LGB,LAX
8467,79243.0,PSD,LAX
8468,79253.0,LGB,LAX
8469,79257.0,HWD,LAX
8470,79259.0,LGB,LAX
8471,79262.0,PSD,LAX
8472,79275.0,LGB,LAX
8473,79281.0,ANH,LAX
8474,79288.0,LGB,LAX
8475,79320.0,HWD,LAX
8476,79345.0,LGB,LAX
8477,79361.0,BVH,LAX
8478,79370.0,DTLA,LAX
8479,79378.0,WDHL,LAX
8480,79395.0,LGB,LAX
8481,79406.0,WDHL,LAX
8482,79411.0,ANH,LAX
8483,79413.0,HWD,LAX
8484,79429.0,BVH,LAX
8485,79429.0,UVS,LAX
8486,79438.0,PSD,LAX
8487,79449.0,HWD,LAX
8488,79455.0,LGB,LAX
8489,79463.0,HWD,LAX
8490,79470.0,ANH,LAX
8491,79485.0,HWD,LAX
8492,79518.0,ANH,LAX
8493,79522.0,DTLA,LAX
8494,79527.0,HWD,LAX
8495,79528.0,WDHL,LAX
8496,79535.0,ANH,LAX
8497,79538.0,UVS,LAX
8498,79548.0,WDHL,LAX
8499,79553.0,HWD,LAX
8500,79560.0,ANH,LAX
8501,79568.0,DTLA,LAX
8502,79574.0,DTLA,LAX
8503,79577.0,HWD,LAX
8504,79589.0,HWD,LAX
8505,79602.0,UVS,LAX
8506,79639.0,ANH,LAX
8507,79659.0,LGB,LAX
8508,79665.0,UVS,LAX
8509,79677.0,DTLA,LAX
8510,79678.0,DTLA,LAX
8511,79681.0,HWD,LAX
8512,79686.0,HWD,LAX
8513,79690.0,DTLA,LAX
8514,79698.0,LGB,LAX
8515,79699.0,UVS,LAX
8516,79701.0,DTLA,LAX
8517,79709.0,HWD,LAX
8518,79714.0,ANH,LAX
8519,79723.0,PSD,LAX
8520,79724.0,DTLA,LAX
8521,79733.0,BVH,LAX
8522,79741.0,ANH,LAX
8523,79749.0,ANH,LAX
8524,79784.0,HWD,LAX
8525,79793.0,WDHL,LAX
8526,79817.0,DTLA,LAX
8527,79825.0,ANH,LAX
8528,79828.0,ANH,LAX
8529,79831.0,DTLA,LAX
8530,79838.0,ANH,LAX
8531,79841.0,ANH,LAX
8532,79855.0,DTLA,LAX
8533,79867.0,BVH,LAX
8534,79884.0,DTLA,LAX
8535,79896.0,ANH,LAX
8536,79898.0,DTLA,LAX
8537,79904.0,BVH,LAX
8538,79914.0,ANH,LAX
8539,79949.0,ANH,LAX
8540,79950.0,ANH,LAX
8541,79957.0,WDHL,LAX
8542,79959.0,ANH,LAX
8543,79978.0,UVS,LAX
8544,79980.0,ANH,LAX
8545,79997.0,DTLA,LAX
8546,80027.0,HWD,LAX
8547,80036.0,ANH,LAX
8548,80083.0,LGB,LAX
8549,80086.0,HWD,LAX
8550,80105.0,DTLA,LAX
8551,80110.0,HWD,LAX
8552,80111.0,BVH,LAX
8553,80115.0,HWD,LAX
8554,80119.0,BVH,LAX
8555,80124.0,BVH,LAX
8556,80124.0,UVS,LAX
8557,80149.0,ANH,LAX
8558,80149.0,PSD,LAX
8559,80153.0,WDHL,LAX
8560,80159.0,HWD,LAX
8561,80169.0,DTLA,LAX
8562,80205.0,HWD,LAX
8563,80261.0,PSD,LAX
8564,80264.0,ANH,LAX
8565,80343.0,BVH,LAX
8566,80358.0,DTLA,LAX
8567,80359.0,HWD,LAX
8568,80385.0,PSD,LAX
8569,80394.0,DTLA,LAX
8570,80400.0,DTLA,LAX
8571,80403.0,BVH,LAX
8572,80420.0,PSD,LAX
8573,80435.0,ANH,LAX
8574,80455.0,HWD,LAX
8575,80457.0,LGB,LAX
8576,80467.0,UVS,LAX
8577,80480.0,PSD,LAX
8578,80486.0,ANH,LAX
8579,80487.0,PSD,LAX
8580,80488.0,ANH,LAX
8581,80493.0,DTLA,LAX
8582,80505.0,LGB,LAX
8583,80513.0,LGB,LAX
8584,80515.0,ANH,LAX
8585,80518.0,LGB,LAX
8586,80544.0,HWD,LAX
8587,80550.0,ANH,LAX
8588,80551.0,WDHL,LAX
8589,80556.0,DTLA,LAX
8590,80559.0,DTLA,LAX
8591,80560.0,HWD,LAX
8592,80583.0,BVH,LAX
8593,80584.0,DTLA,LAX
8594,80595.0,HWD,LAX
8595,80598.0,ANH,LAX
8596,80617.0,BVH,LAX
8597,80619.0,BVH,LAX
8598,80630.0,UVS,LAX
8599,80633.0,PSD,LAX
8600,80653.0,BVH,LAX
8601,80714.0,DTLA,LAX
8602,80721.0,LGB,LAX
8603,80742.0,PSD,LAX
8604,80780.0,LGB,LAX
8605,80791.0,LGB,LAX
8606,80795.0,DTLA,LAX
8607,80804.0,WDHL,LAX
8608,80818.0,ANH,LAX
8609,80835.0,HWD,LAX
8610,80846.0,DTLA,LAX
8611,80854.0,HWD,LAX
8612,80929.0,DTLA,LAX
8613,80939.0,ANH,LAX
8614,80950.0,LGB,LAX
8615,80961.0,DTLA,LAX
8616,80966.0,BVH,LAX
8617,80968.0,WDHL,LAX
8618,81031.0,BVH,LAX
8619,81081.0,ANH,LAX
8620,81093.0,HWD,LAX
8621,81099.0,LGB,LAX
8622,81150.0,DTLA,LAX
8623,81151.0,LGB,LAX
8624,81162.0,DTLA,LAX
8625,81185.0,DTLA,LAX
8626,81188.0,LGB,LAX
8627,81237.0,WDHL,LAX
8628,81238.0,BVH,LAX
8629,81277.0,HWD,LAX
8630,81294.0,DTLA,LAX
8631,81334.0,HWD,LAX
8632,81334.0,HWD,LAX
8633,81377.0,PSD,LAX
8634,81380.0,LGB,LAX
8635,81387.0,HWD,LAX
8636,81417.0,UVS,LAX
8637,81433.0,HWD,LAX
8638,81435.0,ANH,LAX
8639,81439.0,ANH,LAX
8640,81441.0,DTLA,LAX
8641,81469.0,ANH,LAX
8642,81486.0,DTLA,LAX
8643,81495.0,WDHL,LAX
8644,81497.0,BVH,LAX
8645,81504.0,DTLA,LAX
8646,81540.0,PSD,LAX
8647,81541.0,ANH,LAX
8648,81545.0,ANH,LAX
8649,81546.0,ANH,LAX
8650,81552.0,UVS,LAX
8651,81588.0,ANH,LAX
8652,81590.0,ANH,LAX
8653,81592.0,WDHL,LAX
8654,81598.0,BVH,LAX
8655,81606.0,HWD,LAX
8656,81609.0,DTLA,LAX
8657,81613.0,DTLA,LAX
8658,81649.0,LGB,LAX
8659,81656.0,HWD,LAX
8660,81669.0,ANH,LAX
8661,81678.0,BVH,LAX
8662,81695.0,UVS,LAX
8663,81698.0,WDHL,LAX
8664,81701.0,ANH,LAX
8665,81715.0,LGB,LAX
8666,81727.0,BVH,LAX
8667,81740.0,ANH,LAX
8668,81747.0,UVS,LAX
8669,81748.0,DTLA,LAX
8670,81766.0,HWD,LAX
8671,81767.0,PSD,LAX
8672,81773.0,PSD,LAX
8673,81785.0,HWD,LAX
8674,81789.0,HWD,LAX
8675,81792.0,BVH,LAX
8676,81817.0,LGB,LAX
8677,81858.0,UVS,LAX
8678,81862.0,DTLA,LAX
8679,81898.0,ANH,LAX
8680,81916.0,BVH,LAX
8681,81922.0,WDHL,LAX
8682,81926.0,ANH,LAX
8683,81935.0,HWD,LAX
8684,81944.0,ANH,LAX
8685,81962.0,DTLA,LAX
8686,81969.0,HWD,LAX
8687,81971.0,BVH,LAX
8688,81983.0,HWD,LAX
8689,82003.0,DTLA,LAX
8690,82007.0,BVH,LAX
8691,82020.0,HWD,LAX
8692,82022.0,LGB,LAX
8693,82046.0,BVH,LAX
8694,82069.0,ANH,LAX
8695,82104.0,PSD,LAX
8696,82120.0,DTLA,LAX
8697,82150.0,ANH,LAX
8698,82171.0,HWD,LAX
8699,82195.0,ANH,LAX
8700,82198.0,UVS,LAX
8701,82220.0,LGB,LAX
8702,82234.0,ANH,LAX
8703,82238.0,DTLA,LAX
8704,82238.0,ANH,LAX
8705,82256.0,BVH,LAX
8706,82343.0,HWD,LAX
8707,82366.0,HWD,LAX
8708,82376.0,HWD,LAX
8709,82430.0,ANH,LAX
8710,82455.0,DTLA,LAX
8711,82457.0,ANH,LAX
8712,82466.0,HWD,LAX
8713,82466.0,UVS,LAX
8714,82466.0,DTLA,LAX
8715,82479.0,BVH,LAX
8716,82481.0,ANH,LAX
8717,82542.0,BVH,LAX
8718,82549.0,ANH,LAX
8719,82558.0,DTLA,LAX
8720,82599.0,LGB,LAX
8721,82610.0,DTLA,LAX
8722,82616.0,LGB,LAX
8723,82619.0,DTLA,LAX
8724,82650.0,DTLA,LAX
8725,82661.0,ANH,LAX
8726,82670.0,DTLA,LAX
8727,82683.0,PSD,LAX
8728,82685.0,PSD,LAX
8729,82752.0,ANH,LAX
8730,82767.0,ANH,LAX
8731,82772.0,DTLA,LAX
8732,82794.0,HWD,LAX
8733,82800.0,BVH,LAX
8734,82825.0,ANH,LAX
8735,82834.0,PSD,LAX
8736,82855.0,WDHL,LAX
8737,82857.0,HWD,LAX
8738,82859.0,DTLA,LAX
8739,82863.0,HWD,LAX
8740,82885.0,BVH,LAX
8741,82904.0,HWD,LAX
8742,82930.0,ANH,LAX
8743,82935.0,DTLA,LAX
8744,83015.0,UVS,LAX
8745,83027.0,PSD,LAX
8746,83086.0,ANH,LAX
8747,83097.0,ANH,LAX
8748,83099.0,DTLA,LAX
8749,83111.0,ANH,LAX
8750,83113.0,DTLA,LAX
8751,83117.0,WDHL,LAX
8752,83136.0,ANH,LAX
8753,83151.0,ANH,LAX
8754,83152.0,PSD,LAX
8755,83177.0,ANH,LAX
8756,83215.0,WDHL,LAX
8757,83220.0,DTLA,LAX
8758,83220.0,UVS,LAX
8759,83222.0,UVS,LAX
8760,83234.0,ANH,LAX
8761,83252.0,LGB,LAX
8762,83256.0,ANH,LAX
8763,83292.0,WDHL,LAX
8764,83316.0,DTLA,LAX
8765,83329.0,UVS,LAX
8766,83329.0,BVH,LAX
8767,83353.0,HWD,LAX
8768,83377.0,PSD,LAX
8769,83412.0,WDHL,LAX
8770,83443.0,DTLA,LAX
8771,83464.0,ANH,LAX
8772,83521.0,ANH,LAX
8773,83550.0,BVH,LAX
8774,83599.0,DTLA,LAX
8775,83653.0,LGB,LAX
8776,83654.0,HWD,LAX
8777,83678.0,LGB,LAX
8778,83725.0,DTLA,LAX
8779,83746.0,DTLA,LAX
8780,83767.0,HWD,LAX
8781,83782.0,DTLA,LAX
8782,83803.0,ANH,LAX
8783,83809.0,PSD,LAX
8784,83844.0,DTLA,LAX
8785,83861.0,LGB,LAX
8786,83863.0,ANH,LAX
8787,83888.0,DTLA,LAX
8788,83913.0,HWD,LAX
8789,83924.0,BVH,LAX
8790,83949.0,DTLA,LAX
8791,83964.0,HWD,LAX
8792,83984.0,DTLA,LAX
8793,84051.0,DTLA,LAX
8794,84061.0,ANH,LAX
8795,84084.0,HWD,LAX
8796,84085.0,LGB,LAX
8797,84099.0,ANH,LAX
8798,84130.0,DTLA,LAX
8799,84154.0,HWD,LAX
8800,84159.0,HWD,LAX
8801,84187.0,ANH,LAX
8802,84234.0,LGB,LAX
8803,84249.0,BVH,LAX
8804,84263.0,DTLA,LAX
8805,84271.0,LGB,LAX
8806,84286.0,ANH,LAX
8807,84368.0,LGB,LAX
8808,84379.0,DTLA,LAX
8809,84422.0,BVH,LAX
8810,84479.0,DTLA,LAX
8811,84537.0,DTLA,LAX
8812,84600.0,HWD,LAX
8813,84622.0,ANH,LAX
8814,84630.0,HWD,LAX
8815,84664.0,DTLA,LAX
8816,84666.0,BVH,LAX
8817,84900.0,HWD,LAX
8818,85077.0,LGB,LAX
8819,85095.0,HWD,LAX
8820,85107.0,LGB,LAX
8821,85282.0,HWD,LAX
8822,85372.0,DTLA,LAX
8823,85425.0,DTLA,LAX
8824,85466.0,LGB,LAX
8825,85502.0,HWD,LAX
8826,86033.0,DTLA,LAX
8827,86128.0,DTLA,LAX
8828,86265.0,DTLA,LAX
8829,86283.0,HWD,LAX
8830,86314.0,HWD,LAX
8831,86327.0,WDHL,LAX
8832,86334.0,LGB,LAX
8833,86400.0,HWD,LAX
8834,0.0,LAX,LGB
8835,3.0,LAX,UVS
8836,7.0,LAX,LGB
8837,14.0,LAX,HWD
8838,18.0,LAX,DTLA
8839,19.0,LAX,PSD
8840,20.0,LAX,HWD
8841,20.0,LAX,ANH
8842,21.0,LAX,DTLA
8843,23.0,LAX,UVS
8844,27.0,LAX,DTLA
8845,34.0,LAX,ANH
8846,39.0,LAX,DTLA
8847,52.0,LAX,HWD
8848,54.0,LAX,LGB
8849,55.0,LAX,DTLA
8850,57.0,LAX,ANH
8851,58.0,LAX,ANH
8852,64.0,LAX,UVS
8853,69.0,LAX,PSD
8854,78.0,LAX,DTLA
8855,86.0,LAX,DTLA
8856,89.0,LAX,LGB
8857,89.0,LAX,UVS
8858,94.0,LAX,DTLA
8859,97.0,LAX,DTLA
8860,97.0,LAX,PSD
8861,100.0,LAX,ANH
8862,103.0,LAX,BVH
8863,132.0,LAX,HWD
8864,143.0,LAX,PSD
8865,151.0,LAX,HWD
8866,157.0,LAX,DTLA
8867,157.0,LAX,HWD
8868,160.0,LAX,ANH
8869,171.0,LAX,DTLA
8870,176.0,LAX,LGB
8871,191.0,LAX,DTLA
8872,212.0,LAX,DTLA
8873,224.0,LAX,ANH
8874,226.0,LAX,DTLA
8875,233.0,LAX,LGB
8876,234.0,LAX,DTLA
8877,239.0,LAX,HWD
8878,245.0,LAX,BVH
8879,248.0,LAX,ANH
8880,253.0,LAX,LGB
8881,279.0,LAX,PSD
8882,285.0,LAX,HWD
8883,288.0,LAX,HWD
8884,288.0,LAX,HWD
8885,290.0,LAX,PSD
8886,292.0,LAX,WDHL
8887,294.0,LAX,LGB
8888,295.0,LAX,LGB
8889,308.0,LAX,LGB
8890,312.0,LAX,LGB
8891,315.0,LAX,UVS
8892,341.0,LAX,ANH
8893,342.0,LAX,LGB
8894,348.0,LAX,PSD
8895,350.0,LAX,HWD
8896,359.0,LAX,HWD
8897,362.0,LAX,WDHL
8898,369.0,LAX,LGB
8899,385.0,LAX,ANH
8900,390.0,LAX,HWD
8901,405.0,LAX,ANH
8902,427.0,LAX,LGB
8903,431.0,LAX,ANH
8904,447.0,LAX,BVH
8905,469.0,LAX,DTLA
8906,478.0,LAX,DTLA
8907,485.0,LAX,HWD
8908,507.0,LAX,ANH
8909,514.0,LAX,DTLA
8910,520.0,LAX,ANH
8911,529.0,LAX,DTLA
8912,559.0,LAX,WDHL
8913,563.0,LAX,WDHL
8914,570.0,LAX,PSD
8915,581.0,LAX,LGB
8916,587.0,LAX,DTLA
8917,588.0,LAX,HWD
8918,609.0,LAX,LGB
8919,625.0,LAX,HWD
8920,719.0,LAX,PSD
8921,721.0,LAX,BVH
8922,733.0,LAX,DTLA
8923,741.0,LAX,ANH
8924,753.0,LAX,ANH
8925,763.0,LAX,LGB
8926,778.0,LAX,DTLA
8927,789.0,LAX,ANH
8928,795.0,LAX,HWD
8929,814.0,LAX,ANH
8930,816.0,LAX,BVH
8931,827.0,LAX,LGB
8932,827.0,LAX,LGB
8933,842.0,LAX,PSD
8934,844.0,LAX,BVH
8935,853.0,LAX,HWD
8936,855.0,LAX,HWD
8937,859.0,LAX,ANH
8938,860.0,LAX,ANH
8939,866.0,LAX,LGB
8940,868.0,LAX,ANH
8941,903.0,LAX,PSD
8942,910.0,LAX,UVS
8943,920.0,LAX,ANH
8944,924.0,LAX,DTLA
8945,928.0,LAX,HWD
8946,933.0,LAX,HWD
8947,940.0,LAX,HWD
8948,941.0,LAX,LGB
8949,942.0,LAX,WDHL
8950,950.0,LAX,ANH
8951,951.0,LAX,UVS
8952,953.0,LAX,HWD
8953,955.0,LAX,PSD
8954,957.0,LAX,PSD
8955,963.0,LAX,ANH
8956,966.0,LAX,DTLA
8957,967.0,LAX,PSD
8958,972.0,LAX,DTLA
8959,972.0,LAX,PSD
8960,973.0,LAX,UVS
8961,974.0,LAX,BVH
8962,976.0,LAX,BVH
8963,982.0,LAX,LGB
8964,987.0,LAX,BVH
8965,987.0,LAX,LGB
8966,988.0,LAX,UVS
8967,997.0,LAX,DTLA
8968,1000.0,LAX,WDHL
8969,1007.0,LAX,ANH
8970,1010.0,LAX,DTLA
8971,1010.0,LAX,ANH
8972,1010.0,LAX,ANH
8973,1010.0,LAX,WDHL
8974,1018.0,LAX,ANH
8975,1021.0,LAX,WDHL
8976,1029.0,LAX,BVH
8977,1035.0,LAX,ANH
8978,1041.0,LAX,ANH
8979,1051.0,LAX,ANH
8980,1056.0,LAX,ANH
8981,1059.0,LAX,ANH
8982,1078.0,LAX,PSD
8983,1083.0,LAX,BVH
8984,1085.0,LAX,ANH
8985,1088.0,LAX,HWD
8986,1089.0,LAX,DTLA
8987,1092.0,LAX,ANH
8988,1095.0,LAX,LGB
8989,1101.0,LAX,DTLA
8990,1102.0,LAX,PSD
8991,1123.0,LAX,LGB
8992,1169.0,LAX,DTLA
8993,1195.0,LAX,DTLA
8994,1195.0,LAX,ANH
8995,1200.0,LAX,ANH
8996,1204.0,LAX,PSD
8997,1207.0,LAX,PSD
8998,1210.0,LAX,HWD
8999,1213.0,LAX,WDHL
9000,1230.0,LAX,PSD
9001,1232.0,LAX,PSD
9002,1233.0,LAX,ANH
9003,1233.0,LAX,LGB
9004,1240.0,LAX,BVH
9005,1240.0,LAX,BVH
9006,1245.0,LAX,BVH
9007,1246.0,LAX,LGB
9008,1247.0,LAX,PSD
9009,1251.0,LAX,PSD
9010,1254.0,LAX,PSD
9011,1256.0,LAX,LGB
9012,1259.0,LAX,DTLA
9013,1267.0,LAX,LGB
9014,1273.0,LAX,DTLA
9015,1275.0,LAX,ANH
9016,1280.0,LAX,ANH
9017,1285.0,LAX,LGB
9018,1286.0,LAX,ANH
9019,1286.0,LAX,DTLA
9020,1287.0,LAX,HWD
9021,1293.0,LAX,LGB
9022,1301.0,LAX,BVH
9023,1315.0,LAX,PSD
9024,1319.0,LAX,PSD
9025,1329.0,LAX,HWD
9026,1330.0,LAX,ANH
9027,1331.0,LAX,HWD
9028,1332.0,LAX,HWD
9029,1333.0,LAX,DTLA
9030,1337.0,LAX,DTLA
9031,1352.0,LAX,ANH
9032,1353.0,LAX,ANH
9033,1355.0,LAX,BVH
9034,1361.0,LAX,LGB
9035,1373.0,LAX,ANH
9036,1376.0,LAX,HWD
9037,1398.0,LAX,HWD
9038,1409.0,LAX,PSD
9039,1409.0,LAX,UVS
9040,1409.0,LAX,DTLA
9041,1410.0,LAX,HWD
9042,1444.0,LAX,DTLA
9043,1472.0,LAX,HWD
9044,1482.0,LAX,LGB
9045,1502.0,LAX,PSD
9046,1510.0,LAX,HWD
9047,1543.0,LAX,ANH
9048,1549.0,LAX,HWD
9049,1552.0,LAX,BVH
9050,1570.0,LAX,DTLA
9051,1650.0,LAX,LGB
9052,1679.0,LAX,ANH
9053,1705.0,LAX,LGB
9054,1810.0,LAX,DTLA
9055,1825.0,LAX,DTLA
9056,1841.0,LAX,WDHL
9057,1878.0,LAX,HWD
9058,1881.0,LAX,WDHL
9059,1963.0,LAX,DTLA
9060,1966.0,LAX,ANH
9061,1981.0,LAX,ANH
9062,1986.0,LAX,LGB
9063,2029.0,LAX,DTLA
9064,2033.0,LAX,ANH
9065,2042.0,LAX,LGB
9066,2080.0,LAX,UVS
9067,2093.0,LAX,ANH
9068,2112.0,LAX,HWD
9069,2137.0,LAX,ANH
9070,2146.0,LAX,DTLA
9071,2154.0,LAX,HWD
9072,2155.0,LAX,HWD
9073,2180.0,LAX,DTLA
9074,2202.0,LAX,HWD
9075,2218.0,LAX,PSD
9076,2226.0,LAX,HWD
9077,2234.0,LAX,ANH
9078,2242.0,LAX,PSD
9079,2243.0,LAX,HWD
9080,2249.0,LAX,HWD
9081,2253.0,LAX,ANH
9082,2267.0,LAX,PSD
9083,2273.0,LAX,PSD
9084,2280.0,LAX,PSD
9085,2287.0,LAX,DTLA
9086,2289.0,LAX,PSD
9087,2295.0,LAX,ANH
9088,2296.0,LAX,LGB
9089,2310.0,LAX,LGB
9090,2310.0,LAX,HWD
9091,2317.0,LAX,DTLA
9092,2321.0,LAX,HWD
9093,2326.0,LAX,BVH
9094,2330.0,LAX,WDHL
9095,2334.0,LAX,PSD
9096,2338.0,LAX,PSD
9097,2344.0,LAX,HWD
9098,2349.0,LAX,LGB
9099,2351.0,LAX,PSD
9100,2353.0,LAX,DTLA
9101,2353.0,LAX,DTLA
9102,2356.0,LAX,DTLA
9103,2357.0,LAX,ANH
9104,2364.0,LAX,ANH
9105,2384.0,LAX,UVS
9106,2398.0,LAX,PSD
9107,2418.0,LAX,HWD
9108,2418.0,LAX,ANH
9109,2424.0,LAX,DTLA
9110,2444.0,LAX,HWD
9111,2490.0,LAX,ANH
9112,2500.0,LAX,BVH
9113,2524.0,LAX,UVS
9114,2550.0,LAX,BVH
9115,2592.0,LAX,DTLA
9116,2595.0,LAX,HWD
9117,2613.0,LAX,DTLA
9118,2620.0,LAX,DTLA
9119,2624.0,LAX,WDHL
9120,2632.0,LAX,WDHL
9121,2637.0,LAX,DTLA
9122,2645.0,LAX,HWD
9123,2646.0,LAX,DTLA
9124,2659.0,LAX,HWD
9125,2663.0,LAX,BVH
9126,2665.0,LAX,HWD
9127,2667.0,LAX,UVS
9128,2674.0,LAX,UVS
9129,2678.0,LAX,ANH
9130,2679.0,LAX,ANH
9131,2684.0,LAX,DTLA
9132,2685.0,LAX,ANH
9133,2686.0,LAX,BVH
9134,2697.0,LAX,HWD
9135,2702.0,LAX,BVH
9136,2709.0,LAX,PSD
9137,2726.0,LAX,PSD
9138,2730.0,LAX,LGB
9139,2743.0,LAX,DTLA
9140,2743.0,LAX,ANH
9141,2749.0,LAX,HWD
9142,2753.0,LAX,DTLA
9143,2755.0,LAX,DTLA
9144,2758.0,LAX,DTLA
9145,2789.0,LAX,ANH
9146,2791.0,LAX,DTLA
9147,2806.0,LAX,DTLA
9148,2809.0,LAX,HWD
9149,2810.0,LAX,HWD
9150,2814.0,LAX,DTLA
9151,2815.0,LAX,ANH
9152,2815.0,LAX,PSD
9153,2826.0,LAX,LGB
9154,2827.0,LAX,BVH
9155,2833.0,LAX,ANH
9156,2837.0,LAX,DTLA
9157,2846.0,LAX,WDHL
9158,2853.0,LAX,HWD
9159,2855.0,LAX,PSD
9160,2856.0,LAX,HWD
9161,2864.0,LAX,BVH
9162,2868.0,LAX,BVH
9163,2868.0,LAX,UVS
9164,2869.0,LAX,PSD
9165,2871.0,LAX,LGB
9166,2877.0,LAX,DTLA
9167,2893.0,LAX,BVH
9168,2903.0,LAX,WDHL
9169,2912.0,LAX,UVS
9170,2912.0,LAX,ANH
9171,2940.0,LAX,BVH
9172,2998.0,LAX,BVH
9173,3002.0,LAX,DTLA
9174,3042.0,LAX,DTLA
9175,3052.0,LAX,PSD
9176,3054.0,LAX,WDHL
9177,3077.0,LAX,HWD
9178,3077.0,LAX,ANH
9179,3080.0,LAX,BVH
9180,3081.0,LAX,WDHL
9181,3082.0,LAX,ANH
9182,3102.0,LAX,WDHL
9183,3102.0,LAX,PSD
9184,3104.0,LAX,LGB
9185,3111.0,LAX,BVH
9186,3128.0,LAX,WDHL
9187,3136.0,LAX,BVH
9188,3136.0,LAX,DTLA
9189,3138.0,LAX,HWD
9190,3150.0,LAX,ANH
9191,3152.0,LAX,DTLA
9192,3165.0,LAX,PSD
9193,3169.0,LAX,HWD
9194,3171.0,LAX,PSD
9195,3175.0,LAX,PSD
9196,3179.0,LAX,UVS
9197,3189.0,LAX,ANH
9198,3214.0,LAX,ANH
9199,3216.0,LAX,LGB
9200,3259.0,LAX,UVS
9201,3272.0,LAX,DTLA
9202,3279.0,LAX,BVH
9203,3291.0,LAX,UVS
9204,3295.0,LAX,ANH
9205,3304.0,LAX,PSD
9206,3307.0,LAX,BVH
9207,3331.0,LAX,BVH
9208,3332.0,LAX,ANH
9209,3332.0,LAX,LGB
9210,3345.0,LAX,ANH
9211,3345.0,LAX,BVH
9212,3351.0,LAX,ANH
9213,3353.0,LAX,BVH
9214,3365.0,LAX,DTLA
9215,3369.0,LAX,DTLA
9216,3370.0,LAX,BVH
9217,3372.0,LAX,DTLA
9218,3386.0,LAX,PSD
9219,3391.0,LAX,UVS
9220,3392.0,LAX,LGB
9221,3396.0,LAX,LGB
9222,3407.0,LAX,HWD
9223,3409.0,LAX,BVH
9224,3416.0,LAX,BVH
9225,3421.0,LAX,DTLA
9226,3429.0,LAX,HWD
9227,3436.0,LAX,ANH
9228,3441.0,LAX,DTLA
9229,3444.0,LAX,ANH
9230,3447.0,LAX,DTLA
9231,3448.0,LAX,DTLA
9232,3451.0,LAX,DTLA
9233,3461.0,LAX,LGB
9234,3466.0,LAX,DTLA
9235,3466.0,LAX,PSD
9236,3470.0,LAX,WDHL
9237,3503.0,LAX,UVS
9238,3515.0,LAX,DTLA
9239,3526.0,LAX,HWD
9240,3529.0,LAX,ANH
9241,3530.0,LAX,PSD
9242,3546.0,LAX,WDHL
9243,3554.0,LAX,PSD
9244,3555.0,LAX,WDHL
9245,3556.0,LAX,LGB
9246,3681.0,LAX,DTLA
9247,3699.0,LAX,HWD
9248,3734.0,LAX,HWD
9249,3784.0,LAX,LGB
9250,3912.0,LAX,HWD
9251,3936.0,LAX,LGB
9252,3949.0,LAX,DTLA
9253,3954.0,LAX,DTLA
9254,3957.0,LAX,PSD
9255,3968.0,LAX,HWD
9256,3973.0,LAX,LGB
9257,3981.0,LAX,WDHL
9258,3981.0,LAX,ANH
9259,3994.0,LAX,HWD
9260,4039.0,LAX,DTLA
9261,4052.0,LAX,ANH
9262,4065.0,LAX,DTLA
9263,4065.0,LAX,WDHL
9264,4066.0,LAX,DTLA
9265,4069.0,LAX,LGB
9266,4087.0,LAX,HWD
9267,4094.0,LAX,ANH
9268,4108.0,LAX,DTLA
9269,4123.0,LAX,DTLA
9270,4154.0,LAX,UVS
9271,4369.0,LAX,BVH
9272,4370.0,LAX,DTLA
9273,4389.0,LAX,LGB
9274,4400.0,LAX,DTLA
9275,4417.0,LAX,DTLA
9276,4462.0,LAX,LGB
9277,4483.0,LAX,DTLA
9278,4506.0,LAX,DTLA
9279,4522.0,LAX,DTLA
9280,4526.0,LAX,ANH
9281,4529.0,LAX,LGB
9282,4537.0,LAX,HWD
9283,4547.0,LAX,UVS
9284,4549.0,LAX,LGB
9285,4570.0,LAX,ANH
9286,4594.0,LAX,ANH
9287,4598.0,LAX,DTLA
9288,4614.0,LAX,PSD
9289,4618.0,LAX,LGB
9290,4629.0,LAX,LGB
9291,4652.0,LAX,ANH
9292,4653.0,LAX,LGB
9293,4753.0,LAX,ANH
9294,4762.0,LAX,PSD
9295,4834.0,LAX,LGB
9296,4855.0,LAX,DTLA
9297,4865.0,LAX,PSD
9298,4898.0,LAX,LGB
9299,4904.0,LAX,PSD
9300,4914.0,LAX,ANH
9301,4991.0,LAX,HWD
9302,5051.0,LAX,LGB
9303,5075.0,LAX,BVH
9304,5276.0,LAX,HWD
9305,5281.0,LAX,DTLA
9306,5297.0,LAX,HWD
9307,5302.0,LAX,LGB
9308,5322.0,LAX,HWD
9309,5323.0,LAX,HWD
9310,5346.0,LAX,LGB
9311,5362.0,LAX,PSD
9312,5365.0,LAX,BVH
9313,5401.0,LAX,ANH
9314,5407.0,LAX,DTLA
9315,5423.0,LAX,HWD
9316,5454.0,LAX,UVS
9317,5457.0,LAX,LGB
9318,5473.0,LAX,HWD
9319,5492.0,LAX,WDHL
9320,5502.0,LAX,DTLA
9321,5535.0,LAX,DTLA
9322,5538.0,LAX,DTLA
9323,5561.0,LAX,DTLA
9324,5581.0,LAX,WDHL
9325,5584.0,LAX,WDHL
9326,5585.0,LAX,DTLA
9327,5610.0,LAX,WDHL
9328,5612.0,LAX,HWD
9329,5682.0,LAX,UVS
9330,5740.0,LAX,DTLA
9331,5742.0,LAX,BVH
9332,5819.0,LAX,DTLA
9333,6034.0,LAX,ANH
9334,6094.0,LAX,ANH
9335,6117.0,LAX,DTLA
9336,6122.0,LAX,ANH
9337,6176.0,LAX,ANH
9338,6184.0,LAX,DTLA
9339,6189.0,LAX,UVS
9340,6205.0,LAX,DTLA
9341,6216.0,LAX,ANH
9342,6216.0,LAX,HWD
9343,6234.0,LAX,DTLA
9344,6243.0,LAX,HWD
9345,6243.0,LAX,BVH
9346,6270.0,LAX,UVS
9347,6274.0,LAX,LGB
9348,6277.0,LAX,HWD
9349,6280.0,LAX,BVH
9350,6286.0,LAX,HWD
9351,6296.0,LAX,PSD
9352,6297.0,LAX,UVS
9353,6304.0,LAX,DTLA
9354,6313.0,LAX,ANH
9355,6314.0,LAX,BVH
9356,6317.0,LAX,DTLA
9357,6320.0,LAX,HWD
9358,6328.0,LAX,DTLA
9359,6339.0,LAX,PSD
9360,6345.0,LAX,HWD
9361,6346.0,LAX,LGB
9362,6349.0,LAX,BVH
9363,6351.0,LAX,DTLA
9364,6354.0,LAX,ANH
9365,6358.0,LAX,HWD
9366,6362.0,LAX,BVH
9367,6365.0,LAX,LGB
9368,6376.0,LAX,ANH
9369,6388.0,LAX,HWD
9370,6388.0,LAX,DTLA
9371,6391.0,LAX,DTLA
9372,6395.0,LAX,BVH
9373,6427.0,LAX,LGB
9374,6438.0,LAX,DTLA
9375,6446.0,LAX,DTLA
9376,6456.0,LAX,DTLA
9377,6478.0,LAX,HWD
9378,6483.0,LAX,ANH
9379,6505.0,LAX,BVH
9380,6530.0,LAX,ANH
9381,6551.0,LAX,ANH
9382,6555.0,LAX,DTLA
9383,6588.0,LAX,HWD
9384,7512.0,LAX,WDHL
9385,7589.0,LAX,DTLA
9386,7591.0,LAX,LGB
9387,7603.0,LAX,HWD
9388,7731.0,LAX,DTLA
9389,10462.0,LAX,DTLA
9390,10504.0,LAX,DTLA
9391,10535.0,LAX,WDHL
9392,10545.0,LAX,PSD
9393,10575.0,LAX,ANH
9394,10588.0,LAX,PSD
9395,10597.0,LAX,PSD
9396,10633.0,LAX,DTLA
9397,10633.0,LAX,DTLA
9398,10667.0,LAX,WDHL
9399,10725.0,LAX,PSD
9400,12043.0,LAX,LGB
9401,12082.0,LAX,HWD
9402,12098.0,LAX,BVH
9403,12113.0,LAX,HWD
9404,12121.0,LAX,ANH
9405,12121.0,LAX,HWD
9406,12158.0,LAX,UVS
9407,12205.0,LAX,WDHL
9408,12210.0,LAX,BVH
9409,12429.0,LAX,BVH
9410,14679.0,LAX,HWD
9411,14694.0,LAX,HWD
9412,14699.0,LAX,LGB
9413,14732.0,LAX,LGB
9414,14738.0,LAX,UVS
9415,14745.0,LAX,DTLA
9416,14837.0,LAX,LGB
9417,18342.0,LAX,LGB
9418,18342.0,LAX,ANH
9419,18350.0,LAX,BVH
9420,18352.0,LAX,PSD
9421,18382.0,LAX,WDHL
9422,18384.0,LAX,LGB
9423,18385.0,LAX,ANH
9424,18385.0,LAX,UVS
9425,18392.0,LAX,DTLA
9426,18405.0,LAX,PSD
9427,18409.0,LAX,HWD
9428,18427.0,LAX,UVS
9429,18434.0,LAX,DTLA
9430,18438.0,LAX,HWD
9431,18443.0,LAX,DTLA
9432,18453.0,LAX,BVH
9433,18461.0,LAX,ANH
9434,18463.0,LAX,ANH
9435,18473.0,LAX,PSD
9436,18554.0,LAX,DTLA
9437,18598.0,LAX,ANH
9438,18641.0,LAX,ANH
9439,18643.0,LAX,ANH
9440,18675.0,LAX,DTLA
9441,18697.0,LAX,BVH
9442,18729.0,LAX,BVH
9443,18775.0,LAX,BVH
9444,18792.0,LAX,HWD
9445,19588.0,LAX,PSD
9446,19633.0,LAX,LGB
9447,19641.0,LAX,DTLA
9448,19660.0,LAX,ANH
9449,19716.0,LAX,ANH
9450,19749.0,LAX,DTLA
9451,19785.0,LAX,ANH
9452,19828.0,LAX,ANH
9453,20459.0,LAX,ANH
9454,20483.0,LAX,DTLA
9455,20534.0,LAX,BVH
9456,20537.0,LAX,HWD
9457,20581.0,LAX,ANH
9458,20583.0,LAX,PSD
9459,20588.0,LAX,BVH
9460,20588.0,LAX,ANH
9461,20590.0,LAX,LGB
9462,20591.0,LAX,PSD
9463,20605.0,LAX,PSD
9464,20610.0,LAX,ANH
9465,20628.0,LAX,LGB
9466,20637.0,LAX,DTLA
9467,20655.0,LAX,ANH
9468,20662.0,LAX,DTLA
9469,20666.0,LAX,ANH
9470,20679.0,LAX,WDHL
9471,20687.0,LAX,DTLA
9472,20698.0,LAX,ANH
9473,20699.0,LAX,PSD
9474,20724.0,LAX,WDHL
9475,20742.0,LAX,ANH
9476,20745.0,LAX,LGB
9477,20772.0,LAX,HWD
9478,20901.0,LAX,ANH
9479,20904.0,LAX,HWD
9480,20905.0,LAX,ANH
9481,20913.0,LAX,HWD
9482,20922.0,LAX,HWD
9483,20923.0,LAX,DTLA
9484,20927.0,LAX,ANH
9485,20933.0,LAX,UVS
9486,20953.0,LAX,ANH
9487,20971.0,LAX,DTLA
9488,20971.0,LAX,BVH
9489,21015.0,LAX,ANH
9490,21030.0,LAX,BVH
9491,21032.0,LAX,PSD
9492,21041.0,LAX,DTLA
9493,21059.0,LAX,DTLA
9494,21073.0,LAX,DTLA
9495,21087.0,LAX,BVH
9496,21293.0,LAX,DTLA
9497,21317.0,LAX,DTLA
9498,21339.0,LAX,BVH
9499,21342.0,LAX,UVS
9500,21400.0,LAX,ANH
9501,21430.0,LAX,LGB
9502,21534.0,LAX,LGB
9503,21575.0,LAX,UVS
9504,21664.0,LAX,DTLA
9505,21672.0,LAX,ANH
9506,21741.0,LAX,WDHL
9507,21745.0,LAX,HWD
9508,21785.0,LAX,PSD
9509,21800.0,LAX,LGB
9510,21995.0,LAX,DTLA
9511,22016.0,LAX,DTLA
9512,22070.0,LAX,HWD
9513,22090.0,LAX,LGB
9514,22094.0,LAX,WDHL
9515,22098.0,LAX,HWD
9516,22218.0,LAX,DTLA
9517,22316.0,LAX,WDHL
9518,22323.0,LAX,LGB
9519,22426.0,LAX,HWD
9520,22430.0,LAX,UVS
9521,22434.0,LAX,BVH
9522,22531.0,LAX,DTLA
9523,22550.0,LAX,HWD
9524,22566.0,LAX,ANH
9525,22575.0,LAX,HWD
9526,22577.0,LAX,PSD
9527,22621.0,LAX,DTLA
9528,22622.0,LAX,ANH
9529,22638.0,LAX,WDHL
9530,22644.0,LAX,BVH
9531,22645.0,LAX,DTLA
9532,22648.0,LAX,DTLA
9533,22656.0,LAX,LGB
9534,22660.0,LAX,HWD
9535,22663.0,LAX,PSD
9536,22668.0,LAX,PSD
9537,22683.0,LAX,HWD
9538,22685.0,LAX,LGB
9539,22689.0,LAX,ANH
9540,22692.0,LAX,ANH
9541,22700.0,LAX,BVH
9542,22701.0,LAX,PSD
9543,22721.0,LAX,LGB
9544,22721.0,LAX,UVS
9545,22731.0,LAX,LGB
9546,22733.0,LAX,LGB
9547,22751.0,LAX,DTLA
9548,22785.0,LAX,LGB
9549,22791.0,LAX,DTLA
9550,22797.0,LAX,ANH
9551,22801.0,LAX,HWD
9552,22806.0,LAX,HWD
9553,22814.0,LAX,LGB
9554,22817.0,LAX,HWD
9555,22817.0,LAX,HWD
9556,22819.0,LAX,WDHL
9557,22825.0,LAX,DTLA
9558,22832.0,LAX,HWD
9559,22838.0,LAX,ANH
9560,22853.0,LAX,UVS
9561,22855.0,LAX,DTLA
9562,22859.0,LAX,DTLA
9563,22868.0,LAX,LGB
9564,22868.0,LAX,ANH
9565,22871.0,LAX,PSD
9566,22884.0,LAX,DTLA
9567,22887.0,LAX,HWD
9568,22903.0,LAX,ANH
9569,22904.0,LAX,HWD
9570,22914.0,LAX,DTLA
9571,22924.0,LAX,LGB
9572,22936.0,LAX,HWD
9573,22939.0,LAX,BVH
9574,22949.0,LAX,ANH
9575,22971.0,LAX,DTLA
9576,22975.0,LAX,PSD
9577,22976.0,LAX,DTLA
9578,23024.0,LAX,PSD
9579,23052.0,LAX,HWD
9580,23063.0,LAX,UVS
9581,23067.0,LAX,HWD
9582,23077.0,LAX,DTLA
9583,23114.0,LAX,WDHL
9584,23128.0,LAX,HWD
9585,23157.0,LAX,BVH
9586,23163.0,LAX,BVH
9587,23164.0,LAX,BVH
9588,23173.0,LAX,BVH
9589,23184.0,LAX,LGB
9590,23202.0,LAX,BVH
9591,23202.0,LAX,WDHL
9592,23229.0,LAX,ANH
9593,23237.0,LAX,DTLA
9594,23252.0,LAX,DTLA
9595,23264.0,LAX,ANH
9596,23273.0,LAX,BVH
9597,23292.0,LAX,UVS
9598,23359.0,LAX,DTLA
9599,23366.0,LAX,BVH
9600,23412.0,LAX,LGB
9601,23548.0,LAX,HWD
9602,23556.0,LAX,DTLA
9603,23561.0,LAX,WDHL
9604,23577.0,LAX,BVH
9605,23583.0,LAX,ANH
9606,23583.0,LAX,HWD
9607,23584.0,LAX,HWD
9608,23587.0,LAX,HWD
9609,23605.0,LAX,DTLA
9610,23606.0,LAX,DTLA
9611,23609.0,LAX,ANH
9612,23614.0,LAX,BVH
9613,23617.0,LAX,HWD
9614,23623.0,LAX,ANH
9615,23629.0,LAX,ANH
9616,23632.0,LAX,LGB
9617,23636.0,LAX,DTLA
9618,23639.0,LAX,DTLA
9619,23642.0,LAX,HWD
9620,23650.0,LAX,PSD
9621,23650.0,LAX,HWD
9622,23652.0,LAX,LGB
9623,23655.0,LAX,HWD
9624,23658.0,LAX,LGB
9625,23666.0,LAX,HWD
9626,23670.0,LAX,BVH
9627,23670.0,LAX,ANH
9628,23672.0,LAX,ANH
9629,23680.0,LAX,BVH
9630,23680.0,LAX,HWD
9631,23680.0,LAX,ANH
9632,23689.0,LAX,ANH
9633,23690.0,LAX,HWD
9634,23691.0,LAX,DTLA
9635,23695.0,LAX,DTLA
9636,23703.0,LAX,LGB
9637,23703.0,LAX,ANH
9638,23706.0,LAX,ANH
9639,23712.0,LAX,LGB
9640,23720.0,LAX,DTLA
9641,23721.0,LAX,ANH
9642,23721.0,LAX,DTLA
9643,23723.0,LAX,HWD
9644,23736.0,LAX,ANH
9645,23736.0,LAX,DTLA
9646,23750.0,LAX,ANH
9647,23752.0,LAX,DTLA
9648,23779.0,LAX,UVS
9649,23791.0,LAX,PSD
9650,23804.0,LAX,PSD
9651,23813.0,LAX,ANH
9652,23821.0,LAX,PSD
9653,23822.0,LAX,ANH
9654,23829.0,LAX,DTLA
9655,23831.0,LAX,DTLA
9656,23839.0,LAX,ANH
9657,23848.0,LAX,HWD
9658,23851.0,LAX,BVH
9659,23859.0,LAX,DTLA
9660,23931.0,LAX,WDHL
9661,24053.0,LAX,ANH
9662,24129.0,LAX,BVH
9663,24270.0,LAX,PSD
9664,24280.0,LAX,DTLA
9665,24300.0,LAX,WDHL
9666,24335.0,LAX,ANH
9667,24355.0,LAX,ANH
9668,24367.0,LAX,HWD
9669,24381.0,LAX,ANH
9670,24395.0,LAX,UVS
9671,24424.0,LAX,HWD
9672,24429.0,LAX,BVH
9673,24445.0,LAX,DTLA
9674,24453.0,LAX,BVH
9675,24510.0,LAX,HWD
9676,24540.0,LAX,BVH
9677,24637.0,LAX,ANH
9678,24938.0,LAX,ANH
9679,24966.0,LAX,LGB
9680,24966.0,LAX,DTLA
9681,24973.0,LAX,ANH
9682,25016.0,LAX,LGB
9683,25035.0,LAX,WDHL
9684,25147.0,LAX,HWD
9685,25158.0,LAX,LGB
9686,25167.0,LAX,LGB
9687,25170.0,LAX,HWD
9688,25191.0,LAX,PSD
9689,25203.0,LAX,LGB
9690,25212.0,LAX,BVH
9691,25218.0,LAX,DTLA
9692,25222.0,LAX,DTLA
9693,25240.0,LAX,ANH
9694,25257.0,LAX,DTLA
9695,25315.0,LAX,DTLA
9696,25336.0,LAX,LGB
9697,25365.0,LAX,UVS
9698,25376.0,LAX,DTLA
9699,25389.0,LAX,HWD
9700,25401.0,LAX,LGB
9701,25410.0,LAX,DTLA
9702,25413.0,LAX,WDHL
9703,25418.0,LAX,BVH
9704,25422.0,LAX,UVS
9705,25434.0,LAX,HWD
9706,25435.0,LAX,PSD
9707,25438.0,LAX,ANH
9708,25444.0,LAX,HWD
9709,25451.0,LAX,LGB
9710,25452.0,LAX,LGB
9711,25460.0,LAX,LGB
9712,25466.0,LAX,DTLA
9713,25475.0,LAX,DTLA
9714,25483.0,LAX,LGB
9715,25483.0,LAX,BVH
9716,25506.0,LAX,HWD
9717,25508.0,LAX,ANH
9718,25518.0,LAX,HWD
9719,25523.0,LAX,WDHL
9720,25532.0,LAX,HWD
9721,25539.0,LAX,HWD
9722,25544.0,LAX,UVS
9723,25545.0,LAX,DTLA
9724,25585.0,LAX,DTLA
9725,25639.0,LAX,ANH
9726,25644.0,LAX,ANH
9727,25644.0,LAX,PSD
9728,25645.0,LAX,PSD
9729,25645.0,LAX,PSD
9730,25658.0,LAX,HWD
9731,25673.0,LAX,LGB
9732,25707.0,LAX,DTLA
9733,25708.0,LAX,WDHL
9734,25723.0,LAX,BVH
9735,25724.0,LAX,WDHL
9736,25733.0,LAX,ANH
9737,25751.0,LAX,WDHL
9738,25759.0,LAX,LGB
9739,25765.0,LAX,HWD
9740,25767.0,LAX,DTLA
9741,25778.0,LAX,DTLA
9742,25778.0,LAX,ANH
9743,25788.0,LAX,PSD
9744,25794.0,LAX,HWD
9745,25800.0,LAX,PSD
9746,25805.0,LAX,WDHL
9747,25809.0,LAX,DTLA
9748,25810.0,LAX,UVS
9749,25822.0,LAX,DTLA
9750,25834.0,LAX,DTLA
9751,25839.0,LAX,BVH
9752,25865.0,LAX,ANH
9753,25869.0,LAX,HWD
9754,25892.0,LAX,UVS
9755,25907.0,LAX,DTLA
9756,25913.0,LAX,ANH
9757,26003.0,LAX,LGB
9758,26276.0,LAX,LGB
9759,26410.0,LAX,BVH
9760,26419.0,LAX,LGB
9761,26460.0,LAX,ANH
9762,26463.0,LAX,DTLA
9763,26502.0,LAX,UVS
9764,26503.0,LAX,PSD
9765,26525.0,LAX,UVS
9766,26534.0,LAX,DTLA
9767,26536.0,LAX,WDHL
9768,26545.0,LAX,UVS
9769,26581.0,LAX,LGB
9770,26585.0,LAX,ANH
9771,26586.0,LAX,HWD
9772,26599.0,LAX,ANH
9773,26599.0,LAX,LGB
9774,26604.0,LAX,HWD
9775,26618.0,LAX,UVS
9776,26624.0,LAX,DTLA
9777,26631.0,LAX,ANH
9778,26635.0,LAX,DTLA
9779,26636.0,LAX,LGB
9780,26645.0,LAX,LGB
9781,26647.0,LAX,DTLA
9782,26650.0,LAX,PSD
9783,26664.0,LAX,DTLA
9784,26665.0,LAX,DTLA
9785,26668.0,LAX,DTLA
9786,26673.0,LAX,ANH
9787,26677.0,LAX,ANH
9788,26679.0,LAX,ANH
9789,26679.0,LAX,HWD
9790,26682.0,LAX,LGB
9791,26683.0,LAX,ANH
9792,26688.0,LAX,WDHL
9793,26690.0,LAX,HWD
9794,26692.0,LAX,LGB
9795,26692.0,LAX,PSD
9796,26709.0,LAX,UVS
9797,26710.0,LAX,BVH
9798,26713.0,LAX,ANH
9799,26721.0,LAX,DTLA
9800,26723.0,LAX,PSD
9801,26740.0,LAX,DTLA
9802,26754.0,LAX,DTLA
9803,26773.0,LAX,HWD
9804,26779.0,LAX,DTLA
9805,26785.0,LAX,ANH
9806,26788.0,LAX,WDHL
9807,26788.0,LAX,ANH
9808,26792.0,LAX,DTLA
9809,26793.0,LAX,HWD
9810,26796.0,LAX,ANH
9811,26799.0,LAX,ANH
9812,26800.0,LAX,ANH
9813,26805.0,LAX,ANH
9814,26811.0,LAX,DTLA
9815,26817.0,LAX,DTLA
9816,26824.0,LAX,HWD
9817,26827.0,LAX,BVH
9818,26827.0,LAX,ANH
9819,26830.0,LAX,UVS
9820,26831.0,LAX,WDHL
9821,26832.0,LAX,WDHL
9822,26833.0,LAX,DTLA
9823,26835.0,LAX,ANH
9824,26849.0,LAX,ANH
9825,26856.0,LAX,HWD
9826,26857.0,LAX,BVH
9827,26860.0,LAX,PSD
9828,26863.0,LAX,HWD
9829,26865.0,LAX,LGB
9830,26873.0,LAX,DTLA
9831,26876.0,LAX,DTLA
9832,26880.0,LAX,LGB
9833,26892.0,LAX,HWD
9834,26897.0,LAX,HWD
9835,26901.0,LAX,PSD
9836,26905.0,LAX,HWD
9837,26932.0,LAX,DTLA
9838,26938.0,LAX,ANH
9839,26941.0,LAX,PSD
9840,26947.0,LAX,HWD
9841,26958.0,LAX,BVH
9842,26965.0,LAX,PSD
9843,26968.0,LAX,DTLA
9844,26970.0,LAX,ANH
9845,26972.0,LAX,HWD
9846,27000.0,LAX,HWD
9847,27002.0,LAX,HWD
9848,27019.0,LAX,HWD
9849,27023.0,LAX,PSD
9850,27033.0,LAX,ANH
9851,27037.0,LAX,DTLA
9852,27051.0,LAX,DTLA
9853,27054.0,LAX,UVS
9854,27055.0,LAX,HWD
9855,27055.0,LAX,PSD
9856,27056.0,LAX,BVH
9857,27060.0,LAX,DTLA
9858,27065.0,LAX,ANH
9859,27065.0,LAX,ANH
9860,27078.0,LAX,DTLA
9861,27080.0,LAX,DTLA
9862,27089.0,LAX,ANH
9863,27093.0,LAX,DTLA
9864,27163.0,LAX,DTLA
9865,27175.0,LAX,BVH
9866,27228.0,LAX,WDHL
9867,27242.0,LAX,HWD
9868,27250.0,LAX,DTLA
9869,27258.0,LAX,BVH
9870,27262.0,LAX,ANH
9871,27266.0,LAX,DTLA
9872,27274.0,LAX,LGB
9873,27276.0,LAX,LGB
9874,27300.0,LAX,UVS
9875,27314.0,LAX,PSD
9876,27315.0,LAX,BVH
9877,27317.0,LAX,LGB
9878,27320.0,LAX,HWD
9879,27334.0,LAX,ANH
9880,27336.0,LAX,DTLA
9881,27353.0,LAX,HWD
9882,27377.0,LAX,DTLA
9883,27473.0,LAX,PSD
9884,27533.0,LAX,DTLA
9885,27534.0,LAX,BVH
9886,27538.0,LAX,ANH
9887,27539.0,LAX,DTLA
9888,27549.0,LAX,BVH
9889,27597.0,LAX,ANH
9890,27607.0,LAX,DTLA
9891,27609.0,LAX,HWD
9892,27615.0,LAX,HWD
9893,27633.0,LAX,PSD
9894,27639.0,LAX,DTLA
9895,27648.0,LAX,LGB
9896,27661.0,LAX,HWD
9897,27676.0,LAX,DTLA
9898,27700.0,LAX,DTLA
9899,27709.0,LAX,BVH
9900,27710.0,LAX,UVS
9901,27732.0,LAX,HWD
9902,27742.0,LAX,WDHL
9903,27755.0,LAX,PSD
9904,27758.0,LAX,BVH
9905,27796.0,LAX,DTLA
9906,27808.0,LAX,ANH
9907,27809.0,LAX,HWD
9908,27828.0,LAX,WDHL
9909,27838.0,LAX,LGB
9910,27877.0,LAX,HWD
9911,27878.0,LAX,DTLA
9912,27884.0,LAX,DTLA
9913,27888.0,LAX,PSD
9914,27892.0,LAX,ANH
9915,27895.0,LAX,DTLA
9916,27909.0,LAX,WDHL
9917,27911.0,LAX,HWD
9918,27914.0,LAX,WDHL
9919,27915.0,LAX,LGB
9920,27926.0,LAX,ANH
9921,27938.0,LAX,ANH
9922,27943.0,LAX,WDHL
9923,27951.0,LAX,BVH
9924,27961.0,LAX,UVS
9925,27972.0,LAX,ANH
9926,27977.0,LAX,DTLA
9927,27979.0,LAX,ANH
9928,28001.0,LAX,HWD
9929,28004.0,LAX,DTLA
9930,28007.0,LAX,HWD
9931,28010.0,LAX,DTLA
9932,28010.0,LAX,BVH
9933,28011.0,LAX,DTLA
9934,28011.0,LAX,DTLA
9935,28024.0,LAX,HWD
9936,28031.0,LAX,DTLA
9937,28032.0,LAX,PSD
9938,28033.0,LAX,BVH
9939,28038.0,LAX,UVS
9940,28044.0,LAX,DTLA
9941,28051.0,LAX,DTLA
9942,28065.0,LAX,LGB
9943,28074.0,LAX,ANH
9944,28077.0,LAX,WDHL
9945,28084.0,LAX,WDHL
9946,28098.0,LAX,HWD
9947,28101.0,LAX,HWD
9948,28102.0,LAX,HWD
9949,28113.0,LAX,BVH
9950,28113.0,LAX,HWD
9951,28116.0,LAX,DTLA
9952,28122.0,LAX,DTLA
9953,28123.0,LAX,ANH
9954,28124.0,LAX,HWD
9955,28129.0,LAX,DTLA
9956,28135.0,LAX,ANH
9957,28151.0,LAX,ANH
9958,28160.0,LAX,HWD
9959,28171.0,LAX,LGB
9960,28208.0,LAX,DTLA
9961,28210.0,LAX,ANH
9962,28215.0,LAX,ANH
9963,28216.0,LAX,BVH
9964,28218.0,LAX,HWD
9965,28222.0,LAX,PSD
9966,28242.0,LAX,HWD
9967,28252.0,LAX,ANH
9968,28257.0,LAX,PSD
9969,28260.0,LAX,DTLA
9970,28261.0,LAX,DTLA
9971,28262.0,LAX,ANH
9972,28263.0,LAX,WDHL
9973,28268.0,LAX,PSD
9974,28271.0,LAX,HWD
9975,28286.0,LAX,HWD
9976,28286.0,LAX,ANH
9977,28291.0,LAX,ANH
9978,28294.0,LAX,HWD
9979,28297.0,LAX,ANH
9980,28300.0,LAX,LGB
9981,28301.0,LAX,DTLA
9982,28306.0,LAX,HWD
9983,28318.0,LAX,DTLA
9984,28323.0,LAX,LGB
9985,28330.0,LAX,ANH
9986,28333.0,LAX,HWD
9987,28338.0,LAX,DTLA
9988,28340.0,LAX,ANH
9989,28345.0,LAX,HWD
9990,28347.0,LAX,DTLA
9991,28348.0,LAX,ANH
9992,28348.0,LAX,DTLA
9993,28351.0,LAX,ANH
9994,28351.0,LAX,ANH
9995,28352.0,LAX,LGB
9996,28353.0,LAX,ANH
9997,28354.0,LAX,HWD
9998,28358.0,LAX,ANH
9999,28359.0,LAX,ANH
10000,28360.0,LAX,LGB
10001,28367.0,LAX,LGB
10002,28368.0,LAX,WDHL
10003,28369.0,LAX,HWD
10004,28370.0,LAX,LGB
10005,28370.0,LAX,DTLA
10006,28376.0,LAX,WDHL
10007,28377.0,LAX,BVH
10008,28384.0,LAX,DTLA
10009,28392.0,LAX,ANH
10010,28396.0,LAX,DTLA
10011,28399.0,LAX,HWD
10012,28404.0,LAX,DTLA
10013,28409.0,LAX,ANH
10014,28422.0,LAX,LGB
10015,28422.0,LAX,ANH
10016,28426.0,LAX,DTLA
10017,28427.0,LAX,ANH
10018,28436.0,LAX,BVH
10019,28440.0,LAX,WDHL
10020,28450.0,LAX,ANH
10021,28451.0,LAX,BVH
10022,28469.0,LAX,HWD
10023,28477.0,LAX,WDHL
10024,28478.0,LAX,DTLA
10025,28485.0,LAX,DTLA
10026,28516.0,LAX,PSD
10027,28546.0,LAX,ANH
10028,28575.0,LAX,HWD
10029,28613.0,LAX,BVH
10030,28615.0,LAX,ANH
10031,28620.0,LAX,LGB
10032,28640.0,LAX,DTLA
10033,28657.0,LAX,ANH
10034,28659.0,LAX,HWD
10035,28667.0,LAX,LGB
10036,28679.0,LAX,DTLA
10037,28683.0,LAX,DTLA
10038,28716.0,LAX,DTLA
10039,28717.0,LAX,DTLA
10040,28741.0,LAX,PSD
10041,28763.0,LAX,DTLA
10042,28785.0,LAX,UVS
10043,28788.0,LAX,WDHL
10044,28798.0,LAX,BVH
10045,28840.0,LAX,BVH
10046,28853.0,LAX,HWD
10047,28864.0,LAX,ANH
10048,28867.0,LAX,LGB
10049,28894.0,LAX,WDHL
10050,28909.0,LAX,ANH
10051,28918.0,LAX,WDHL
10052,28919.0,LAX,ANH
10053,28926.0,LAX,HWD
10054,28936.0,LAX,LGB
10055,28942.0,LAX,DTLA
10056,28945.0,LAX,LGB
10057,28950.0,LAX,LGB
10058,28962.0,LAX,WDHL
10059,28980.0,LAX,BVH
10060,28995.0,LAX,HWD
10061,29007.0,LAX,LGB
10062,29016.0,LAX,ANH
10063,29025.0,LAX,PSD
10064,29029.0,LAX,HWD
10065,29030.0,LAX,LGB
10066,29032.0,LAX,ANH
10067,29041.0,LAX,DTLA
10068,29045.0,LAX,BVH
10069,29081.0,LAX,WDHL
10070,29095.0,LAX,DTLA
10071,29110.0,LAX,ANH
10072,29120.0,LAX,ANH
10073,29150.0,LAX,ANH
10074,29157.0,LAX,DTLA
10075,29183.0,LAX,DTLA
10076,29226.0,LAX,ANH
10077,29234.0,LAX,ANH
10078,29249.0,LAX,ANH
10079,29252.0,LAX,HWD
10080,29282.0,LAX,DTLA
10081,29288.0,LAX,ANH
10082,29292.0,LAX,LGB
10083,29304.0,LAX,ANH
10084,29304.0,LAX,PSD
10085,29308.0,LAX,PSD
10086,29316.0,LAX,LGB
10087,29339.0,LAX,ANH
10088,29339.0,LAX,DTLA
10089,29345.0,LAX,WDHL
10090,29353.0,LAX,LGB
10091,29353.0,LAX,DTLA
10092,29363.0,LAX,DTLA
10093,29364.0,LAX,DTLA
10094,29365.0,LAX,PSD
10095,29367.0,LAX,ANH
10096,29371.0,LAX,HWD
10097,29401.0,LAX,BVH
10098,29404.0,LAX,ANH
10099,29415.0,LAX,WDHL
10100,29420.0,LAX,BVH
10101,29424.0,LAX,LGB
10102,29429.0,LAX,HWD
10103,29437.0,LAX,WDHL
10104,29443.0,LAX,ANH
10105,29451.0,LAX,ANH
10106,29458.0,LAX,HWD
10107,29458.0,LAX,DTLA
10108,29469.0,LAX,BVH
10109,29475.0,LAX,LGB
10110,29477.0,LAX,HWD
10111,29499.0,LAX,BVH
10112,29507.0,LAX,HWD
10113,29512.0,LAX,HWD
10114,29517.0,LAX,LGB
10115,29523.0,LAX,HWD
10116,29527.0,LAX,DTLA
10117,29529.0,LAX,WDHL
10118,29530.0,LAX,DTLA
10119,29531.0,LAX,DTLA
10120,29536.0,LAX,DTLA
10121,29537.0,LAX,LGB
10122,29540.0,LAX,DTLA
10123,29542.0,LAX,ANH
10124,29543.0,LAX,HWD
10125,29543.0,LAX,DTLA
10126,29548.0,LAX,DTLA
10127,29554.0,LAX,PSD
10128,29556.0,LAX,PSD
10129,29567.0,LAX,DTLA
10130,29570.0,LAX,DTLA
10131,29573.0,LAX,ANH
10132,29581.0,LAX,BVH
10133,29590.0,LAX,BVH
10134,29594.0,LAX,PSD
10135,29605.0,LAX,LGB
10136,29613.0,LAX,LGB
10137,29617.0,LAX,LGB
10138,29621.0,LAX,LGB
10139,29621.0,LAX,ANH
10140,29624.0,LAX,PSD
10141,29633.0,LAX,DTLA
10142,29638.0,LAX,HWD
10143,29642.0,LAX,HWD
10144,29646.0,LAX,LGB
10145,29648.0,LAX,LGB
10146,29651.0,LAX,DTLA
10147,29658.0,LAX,DTLA
10148,29664.0,LAX,DTLA
10149,29670.0,LAX,HWD
10150,29675.0,LAX,ANH
10151,29675.0,LAX,PSD
10152,29677.0,LAX,BVH
10153,29680.0,LAX,BVH
10154,29681.0,LAX,HWD
10155,29681.0,LAX,HWD
10156,29684.0,LAX,ANH
10157,29685.0,LAX,LGB
10158,29686.0,LAX,BVH
10159,29688.0,LAX,WDHL
10160,29696.0,LAX,PSD
10161,29700.0,LAX,BVH
10162,29702.0,LAX,LGB
10163,29721.0,LAX,BVH
10164,29724.0,LAX,DTLA
10165,29739.0,LAX,ANH
10166,29742.0,LAX,ANH
10167,29744.0,LAX,UVS
10168,29748.0,LAX,LGB
10169,29776.0,LAX,DTLA
10170,29782.0,LAX,DTLA
10171,29806.0,LAX,DTLA
10172,29811.0,LAX,ANH
10173,29822.0,LAX,HWD
10174,29823.0,LAX,HWD
10175,29839.0,LAX,BVH
10176,29843.0,LAX,DTLA
10177,29869.0,LAX,HWD
10178,29872.0,LAX,LGB
10179,29882.0,LAX,DTLA
10180,29882.0,LAX,LGB
10181,29894.0,LAX,HWD
10182,29918.0,LAX,DTLA
10183,29924.0,LAX,LGB
10184,29935.0,LAX,ANH
10185,29974.0,LAX,ANH
10186,30107.0,LAX,DTLA
10187,30127.0,LAX,DTLA
10188,30140.0,LAX,HWD
10189,30141.0,LAX,DTLA
10190,30145.0,LAX,HWD
10191,30166.0,LAX,ANH
10192,30174.0,LAX,DTLA
10193,30174.0,LAX,BVH
10194,30175.0,LAX,UVS
10195,30179.0,LAX,HWD
10196,30180.0,LAX,HWD
10197,30182.0,LAX,ANH
10198,30203.0,LAX,WDHL
10199,30239.0,LAX,HWD
10200,30244.0,LAX,PSD
10201,30259.0,LAX,ANH
10202,30263.0,LAX,LGB
10203,30271.0,LAX,DTLA
10204,30273.0,LAX,BVH
10205,30280.0,LAX,HWD
10206,30280.0,LAX,ANH
10207,30280.0,LAX,BVH
10208,30285.0,LAX,WDHL
10209,30286.0,LAX,DTLA
10210,30292.0,LAX,LGB
10211,30307.0,LAX,WDHL
10212,30313.0,LAX,ANH
10213,30317.0,LAX,BVH
10214,30322.0,LAX,DTLA
10215,30323.0,LAX,HWD
10216,30324.0,LAX,DTLA
10217,30334.0,LAX,DTLA
10218,30342.0,LAX,DTLA
10219,30346.0,LAX,WDHL
10220,30348.0,LAX,UVS
10221,30348.0,LAX,ANH
10222,30349.0,LAX,HWD
10223,30352.0,LAX,HWD
10224,30371.0,LAX,DTLA
10225,30378.0,LAX,BVH
10226,30379.0,LAX,LGB
10227,30380.0,LAX,HWD
10228,30381.0,LAX,PSD
10229,30385.0,LAX,ANH
10230,30388.0,LAX,WDHL
10231,30389.0,LAX,BVH
10232,30390.0,LAX,LGB
10233,30401.0,LAX,WDHL
10234,30410.0,LAX,DTLA
10235,30413.0,LAX,LGB
10236,30415.0,LAX,ANH
10237,30416.0,LAX,PSD
10238,30419.0,LAX,HWD
10239,30421.0,LAX,ANH
10240,30423.0,LAX,PSD
10241,30434.0,LAX,PSD
10242,30436.0,LAX,ANH
10243,30447.0,LAX,DTLA
10244,30458.0,LAX,DTLA
10245,30462.0,LAX,UVS
10246,30471.0,LAX,HWD
10247,30482.0,LAX,PSD
10248,30486.0,LAX,DTLA
10249,30486.0,LAX,DTLA
10250,30487.0,LAX,DTLA
10251,30499.0,LAX,UVS
10252,30511.0,LAX,BVH
10253,30541.0,LAX,PSD
10254,30546.0,LAX,DTLA
10255,30549.0,LAX,PSD
10256,30554.0,LAX,HWD
10257,30569.0,LAX,LGB
10258,30570.0,LAX,UVS
10259,30580.0,LAX,PSD
10260,30594.0,LAX,WDHL
10261,30595.0,LAX,ANH
10262,30599.0,LAX,DTLA
10263,30636.0,LAX,ANH
10264,30653.0,LAX,DTLA
10265,30707.0,LAX,UVS
10266,31162.0,LAX,ANH
10267,31173.0,LAX,HWD
10268,31183.0,LAX,DTLA
10269,31239.0,LAX,DTLA
10270,31243.0,LAX,DTLA
10271,31274.0,LAX,PSD
10272,31280.0,LAX,DTLA
10273,31301.0,LAX,LGB
10274,31302.0,LAX,UVS
10275,31303.0,LAX,ANH
10276,31316.0,LAX,UVS
10277,31318.0,LAX,LGB
10278,31319.0,LAX,HWD
10279,31320.0,LAX,DTLA
10280,31333.0,LAX,ANH
10281,31334.0,LAX,LGB
10282,31338.0,LAX,PSD
10283,31351.0,LAX,HWD
10284,31369.0,LAX,ANH
10285,31373.0,LAX,BVH
10286,31373.0,LAX,LGB
10287,31373.0,LAX,ANH
10288,31394.0,LAX,ANH
10289,31411.0,LAX,ANH
10290,31417.0,LAX,ANH
10291,31418.0,LAX,HWD
10292,31421.0,LAX,DTLA
10293,31464.0,LAX,ANH
10294,31465.0,LAX,WDHL
10295,31469.0,LAX,UVS
10296,31483.0,LAX,BVH
10297,31491.0,LAX,HWD
10298,31499.0,LAX,DTLA
10299,31518.0,LAX,BVH
10300,31521.0,LAX,DTLA
10301,31524.0,LAX,PSD
10302,31528.0,LAX,DTLA
10303,31530.0,LAX,HWD
10304,31552.0,LAX,UVS
10305,31559.0,LAX,WDHL
10306,31627.0,LAX,BVH
10307,31630.0,LAX,PSD
10308,31648.0,LAX,LGB
10309,31650.0,LAX,PSD
10310,31662.0,LAX,ANH
10311,31672.0,LAX,PSD
10312,31681.0,LAX,UVS
10313,31683.0,LAX,DTLA
10314,31689.0,LAX,DTLA
10315,31690.0,LAX,PSD
10316,31703.0,LAX,BVH
10317,31706.0,LAX,ANH
10318,31710.0,LAX,LGB
10319,31711.0,LAX,WDHL
10320,31716.0,LAX,HWD
10321,31725.0,LAX,WDHL
10322,31745.0,LAX,DTLA
10323,31749.0,LAX,HWD
10324,31754.0,LAX,HWD
10325,31761.0,LAX,ANH
10326,31763.0,LAX,HWD
10327,31773.0,LAX,PSD
10328,31785.0,LAX,BVH
10329,31786.0,LAX,HWD
10330,31800.0,LAX,HWD
10331,31801.0,LAX,PSD
10332,31808.0,LAX,ANH
10333,31813.0,LAX,DTLA
10334,31819.0,LAX,LGB
10335,31836.0,LAX,HWD
10336,31837.0,LAX,WDHL
10337,31838.0,LAX,DTLA
10338,31845.0,LAX,DTLA
10339,31846.0,LAX,HWD
10340,31853.0,LAX,PSD
10341,31854.0,LAX,DTLA
10342,31856.0,LAX,ANH
10343,31857.0,LAX,DTLA
10344,31861.0,LAX,BVH
10345,31874.0,LAX,HWD
10346,31879.0,LAX,WDHL
10347,31881.0,LAX,ANH
10348,31884.0,LAX,DTLA
10349,31895.0,LAX,ANH
10350,31905.0,LAX,LGB
10351,31906.0,LAX,ANH
10352,31908.0,LAX,DTLA
10353,31909.0,LAX,UVS
10354,31912.0,LAX,ANH
10355,31913.0,LAX,ANH
10356,31914.0,LAX,LGB
10357,31919.0,LAX,ANH
10358,31926.0,LAX,HWD
10359,31927.0,LAX,BVH
10360,31931.0,LAX,BVH
10361,31932.0,LAX,ANH
10362,31937.0,LAX,UVS
10363,31938.0,LAX,HWD
10364,31940.0,LAX,ANH
10365,31946.0,LAX,ANH
10366,31946.0,LAX,ANH
10367,31946.0,LAX,LGB
10368,31952.0,LAX,LGB
10369,31981.0,LAX,ANH
10370,31988.0,LAX,PSD
10371,31989.0,LAX,ANH
10372,31999.0,LAX,DTLA
10373,32001.0,LAX,HWD
10374,32005.0,LAX,WDHL
10375,32021.0,LAX,ANH
10376,32024.0,LAX,DTLA
10377,32025.0,LAX,LGB
10378,32026.0,LAX,UVS
10379,32039.0,LAX,ANH
10380,32042.0,LAX,BVH
10381,32061.0,LAX,ANH
10382,32074.0,LAX,DTLA
10383,32075.0,LAX,ANH
10384,32086.0,LAX,LGB
10385,32095.0,LAX,DTLA
10386,32107.0,LAX,DTLA
10387,32110.0,LAX,DTLA
10388,32111.0,LAX,DTLA
10389,32115.0,LAX,ANH
10390,32119.0,LAX,LGB
10391,32146.0,LAX,LGB
10392,32171.0,LAX,WDHL
10393,32198.0,LAX,HWD
10394,32228.0,LAX,LGB
10395,32229.0,LAX,HWD
10396,32248.0,LAX,DTLA
10397,32253.0,LAX,HWD
10398,32253.0,LAX,DTLA
10399,32256.0,LAX,DTLA
10400,32258.0,LAX,PSD
10401,32286.0,LAX,BVH
10402,32295.0,LAX,HWD
10403,32297.0,LAX,BVH
10404,32316.0,LAX,DTLA
10405,32325.0,LAX,LGB
10406,32346.0,LAX,LGB
10407,32373.0,LAX,ANH
10408,32380.0,LAX,UVS
10409,32408.0,LAX,DTLA
10410,32412.0,LAX,PSD
10411,32429.0,LAX,HWD
10412,32437.0,LAX,ANH
10413,32437.0,LAX,WDHL
10414,32439.0,LAX,ANH
10415,32442.0,LAX,PSD
10416,32448.0,LAX,DTLA
10417,32464.0,LAX,ANH
10418,32465.0,LAX,DTLA
10419,32467.0,LAX,PSD
10420,32469.0,LAX,ANH
10421,32477.0,LAX,DTLA
10422,32479.0,LAX,WDHL
10423,32482.0,LAX,WDHL
10424,32488.0,LAX,ANH
10425,32488.0,LAX,LGB
10426,32495.0,LAX,ANH
10427,32511.0,LAX,DTLA
10428,32512.0,LAX,UVS
10429,32518.0,LAX,PSD
10430,32531.0,LAX,HWD
10431,32532.0,LAX,DTLA
10432,32537.0,LAX,DTLA
10433,32537.0,LAX,HWD
10434,32543.0,LAX,DTLA
10435,32549.0,LAX,UVS
10436,32567.0,LAX,HWD
10437,32573.0,LAX,LGB
10438,32577.0,LAX,DTLA
10439,32587.0,LAX,DTLA
10440,32598.0,LAX,ANH
10441,32599.0,LAX,LGB
10442,32599.0,LAX,DTLA
10443,32612.0,LAX,ANH
10444,32627.0,LAX,DTLA
10445,32649.0,LAX,DTLA
10446,32662.0,LAX,DTLA
10447,32663.0,LAX,DTLA
10448,32665.0,LAX,ANH
10449,32672.0,LAX,PSD
10450,32679.0,LAX,BVH
10451,32681.0,LAX,PSD
10452,32685.0,LAX,DTLA
10453,32685.0,LAX,ANH
10454,32711.0,LAX,DTLA
10455,32712.0,LAX,LGB
10456,32712.0,LAX,ANH
10457,32726.0,LAX,BVH
10458,32738.0,LAX,PSD
10459,32743.0,LAX,DTLA
10460,32750.0,LAX,HWD
10461,32757.0,LAX,ANH
10462,32763.0,LAX,BVH
10463,32769.0,LAX,LGB
10464,32769.0,LAX,DTLA
10465,32775.0,LAX,HWD
10466,32778.0,LAX,BVH
10467,32779.0,LAX,LGB
10468,32791.0,LAX,ANH
10469,32795.0,LAX,UVS
10470,32801.0,LAX,DTLA
10471,32811.0,LAX,DTLA
10472,32822.0,LAX,DTLA
10473,32834.0,LAX,HWD
10474,32838.0,LAX,ANH
10475,32839.0,LAX,ANH
10476,32847.0,LAX,ANH
10477,32850.0,LAX,LGB
10478,32854.0,LAX,HWD
10479,32855.0,LAX,HWD
10480,32861.0,LAX,DTLA
10481,32871.0,LAX,DTLA
10482,32875.0,LAX,LGB
10483,32879.0,LAX,HWD
10484,32886.0,LAX,UVS
10485,32901.0,LAX,DTLA
10486,32906.0,LAX,WDHL
10487,32908.0,LAX,LGB
10488,32909.0,LAX,HWD
10489,32909.0,LAX,ANH
10490,32918.0,LAX,ANH
10491,32926.0,LAX,HWD
10492,32928.0,LAX,LGB
10493,32929.0,LAX,DTLA
10494,32935.0,LAX,HWD
10495,32954.0,LAX,WDHL
10496,32955.0,LAX,LGB
10497,32966.0,LAX,LGB
10498,32967.0,LAX,LGB
10499,32968.0,LAX,LGB
10500,32972.0,LAX,HWD
10501,32976.0,LAX,ANH
10502,33013.0,LAX,ANH
10503,33017.0,LAX,LGB
10504,33019.0,LAX,ANH
10505,33025.0,LAX,UVS
10506,33033.0,LAX,ANH
10507,33067.0,LAX,DTLA
10508,33069.0,LAX,DTLA
10509,33080.0,LAX,BVH
10510,33103.0,LAX,ANH
10511,33109.0,LAX,DTLA
10512,33121.0,LAX,HWD
10513,33125.0,LAX,BVH
10514,33133.0,LAX,DTLA
10515,33137.0,LAX,UVS
10516,33137.0,LAX,PSD
10517,33155.0,LAX,LGB
10518,33158.0,LAX,ANH
10519,33161.0,LAX,ANH
10520,33169.0,LAX,DTLA
10521,33172.0,LAX,LGB
10522,33177.0,LAX,HWD
10523,33185.0,LAX,BVH
10524,33193.0,LAX,DTLA
10525,33198.0,LAX,ANH
10526,33201.0,LAX,BVH
10527,33201.0,LAX,DTLA
10528,33206.0,LAX,BVH
10529,33213.0,LAX,ANH
10530,33225.0,LAX,DTLA
10531,33225.0,LAX,HWD
10532,33228.0,LAX,BVH
10533,33238.0,LAX,ANH
10534,33248.0,LAX,ANH
10535,33251.0,LAX,UVS
10536,33257.0,LAX,PSD
10537,33264.0,LAX,ANH
10538,33269.0,LAX,DTLA
10539,33271.0,LAX,BVH
10540,33272.0,LAX,ANH
10541,33275.0,LAX,DTLA
10542,33278.0,LAX,DTLA
10543,33284.0,LAX,ANH
10544,33285.0,LAX,ANH
10545,33293.0,LAX,HWD
10546,33296.0,LAX,ANH
10547,33298.0,LAX,WDHL
10548,33301.0,LAX,HWD
10549,33302.0,LAX,BVH
10550,33321.0,LAX,DTLA
10551,33331.0,LAX,ANH
10552,33336.0,LAX,PSD
10553,33339.0,LAX,LGB
10554,33348.0,LAX,LGB
10555,33354.0,LAX,HWD
10556,33355.0,LAX,UVS
10557,33360.0,LAX,BVH
10558,33363.0,LAX,UVS
10559,33364.0,LAX,HWD
10560,33373.0,LAX,LGB
10561,33374.0,LAX,HWD
10562,33379.0,LAX,HWD
10563,33379.0,LAX,LGB
10564,33379.0,LAX,ANH
10565,33383.0,LAX,PSD
10566,33396.0,LAX,HWD
10567,33401.0,LAX,DTLA
10568,33407.0,LAX,LGB
10569,33415.0,LAX,DTLA
10570,33421.0,LAX,HWD
10571,33427.0,LAX,ANH
10572,33431.0,LAX,HWD
10573,33434.0,LAX,PSD
10574,33434.0,LAX,ANH
10575,33437.0,LAX,DTLA
10576,33441.0,LAX,ANH
10577,33443.0,LAX,DTLA
10578,33445.0,LAX,LGB
10579,33446.0,LAX,DTLA
10580,33464.0,LAX,PSD
10581,33465.0,LAX,BVH
10582,33493.0,LAX,BVH
10583,33497.0,LAX,ANH
10584,33501.0,LAX,DTLA
10585,33502.0,LAX,PSD
10586,33505.0,LAX,ANH
10587,33505.0,LAX,ANH
10588,33508.0,LAX,HWD
10589,33520.0,LAX,PSD
10590,33527.0,LAX,HWD
10591,33535.0,LAX,LGB
10592,33545.0,LAX,HWD
10593,33554.0,LAX,ANH
10594,33557.0,LAX,ANH
10595,33558.0,LAX,LGB
10596,33574.0,LAX,DTLA
10597,33586.0,LAX,ANH
10598,33589.0,LAX,UVS
10599,33589.0,LAX,UVS
10600,33602.0,LAX,WDHL
10601,33608.0,LAX,DTLA
10602,33614.0,LAX,PSD
10603,33621.0,LAX,LGB
10604,33628.0,LAX,DTLA
10605,33650.0,LAX,DTLA
10606,33651.0,LAX,LGB
10607,33659.0,LAX,LGB
10608,33665.0,LAX,ANH
10609,33670.0,LAX,PSD
10610,33693.0,LAX,DTLA
10611,33696.0,LAX,ANH
10612,33708.0,LAX,BVH
10613,33711.0,LAX,ANH
10614,33713.0,LAX,BVH
10615,33730.0,LAX,DTLA
10616,33734.0,LAX,DTLA
10617,33737.0,LAX,HWD
10618,33737.0,LAX,HWD
10619,33742.0,LAX,LGB
10620,33745.0,LAX,PSD
10621,33749.0,LAX,DTLA
10622,33753.0,LAX,LGB
10623,33758.0,LAX,DTLA
10624,33764.0,LAX,BVH
10625,33773.0,LAX,DTLA
10626,33776.0,LAX,LGB
10627,33781.0,LAX,PSD
10628,33785.0,LAX,DTLA
10629,33788.0,LAX,BVH
10630,33789.0,LAX,DTLA
10631,33793.0,LAX,ANH
10632,33800.0,LAX,ANH
10633,33802.0,LAX,PSD
10634,33802.0,LAX,DTLA
10635,33804.0,LAX,LGB
10636,33808.0,LAX,DTLA
10637,33813.0,LAX,ANH
10638,33815.0,LAX,WDHL
10639,33830.0,LAX,ANH
10640,33834.0,LAX,WDHL
10641,33848.0,LAX,WDHL
10642,33852.0,LAX,ANH
10643,33854.0,LAX,LGB
10644,33855.0,LAX,UVS
10645,33858.0,LAX,BVH
10646,33859.0,LAX,WDHL
10647,33861.0,LAX,ANH
10648,33864.0,LAX,ANH
10649,33871.0,LAX,DTLA
10650,33871.0,LAX,BVH
10651,33878.0,LAX,ANH
10652,33878.0,LAX,ANH
10653,33879.0,LAX,LGB
10654,33880.0,LAX,HWD
10655,33884.0,LAX,DTLA
10656,33885.0,LAX,PSD
10657,33896.0,LAX,WDHL
10658,33898.0,LAX,DTLA
10659,33902.0,LAX,ANH
10660,33907.0,LAX,PSD
10661,33925.0,LAX,HWD
10662,33926.0,LAX,ANH
10663,33930.0,LAX,LGB
10664,33931.0,LAX,DTLA
10665,33931.0,LAX,HWD
10666,33934.0,LAX,HWD
10667,33934.0,LAX,HWD
10668,33936.0,LAX,WDHL
10669,33938.0,LAX,ANH
10670,33940.0,LAX,LGB
10671,33947.0,LAX,ANH
10672,33947.0,LAX,LGB
10673,33949.0,LAX,ANH
10674,33950.0,LAX,HWD
10675,33951.0,LAX,UVS
10676,33954.0,LAX,ANH
10677,33965.0,LAX,LGB
10678,33969.0,LAX,UVS
10679,33978.0,LAX,LGB
10680,33979.0,LAX,UVS
10681,33980.0,LAX,LGB
10682,33982.0,LAX,PSD
10683,33990.0,LAX,PSD
10684,33990.0,LAX,LGB
10685,33991.0,LAX,ANH
10686,34005.0,LAX,PSD
10687,34007.0,LAX,PSD
10688,34012.0,LAX,BVH
10689,34017.0,LAX,DTLA
10690,34019.0,LAX,PSD
10691,34020.0,LAX,LGB
10692,34024.0,LAX,HWD
10693,34038.0,LAX,LGB
10694,34045.0,LAX,PSD
10695,34051.0,LAX,DTLA
10696,34063.0,LAX,DTLA
10697,34070.0,LAX,DTLA
10698,34072.0,LAX,BVH
10699,34077.0,LAX,DTLA
10700,34083.0,LAX,HWD
10701,34095.0,LAX,DTLA
10702,34131.0,LAX,LGB
10703,34135.0,LAX,LGB
10704,34155.0,LAX,LGB
10705,34181.0,LAX,LGB
10706,34183.0,LAX,ANH
10707,34200.0,LAX,LGB
10708,34207.0,LAX,PSD
10709,34234.0,LAX,WDHL
10710,34244.0,LAX,DTLA
10711,34256.0,LAX,ANH
10712,34260.0,LAX,LGB
10713,34261.0,LAX,HWD
10714,34271.0,LAX,PSD
10715,34289.0,LAX,ANH
10716,34299.0,LAX,WDHL
10717,34310.0,LAX,BVH
10718,34322.0,LAX,ANH
10719,34325.0,LAX,DTLA
10720,34328.0,LAX,ANH
10721,34328.0,LAX,ANH
10722,34342.0,LAX,WDHL
10723,34347.0,LAX,DTLA
10724,34348.0,LAX,DTLA
10725,34350.0,LAX,ANH
10726,34351.0,LAX,PSD
10727,34352.0,LAX,PSD
10728,34355.0,LAX,UVS
10729,34362.0,LAX,HWD
10730,34366.0,LAX,LGB
10731,34379.0,LAX,PSD
10732,34381.0,LAX,BVH
10733,34386.0,LAX,ANH
10734,34390.0,LAX,ANH
10735,34400.0,LAX,DTLA
10736,34403.0,LAX,WDHL
10737,34425.0,LAX,BVH
10738,34443.0,LAX,DTLA
10739,34445.0,LAX,HWD
10740,34459.0,LAX,HWD
10741,34462.0,LAX,PSD
10742,34470.0,LAX,BVH
10743,34472.0,LAX,BVH
10744,34485.0,LAX,ANH
10745,34542.0,LAX,LGB
10746,34594.0,LAX,DTLA
10747,34618.0,LAX,PSD
10748,34622.0,LAX,DTLA
10749,34647.0,LAX,BVH
10750,34649.0,LAX,PSD
10751,34659.0,LAX,HWD
10752,34660.0,LAX,HWD
10753,34671.0,LAX,BVH
10754,34683.0,LAX,DTLA
10755,34686.0,LAX,BVH
10756,34694.0,LAX,WDHL
10757,34702.0,LAX,BVH
10758,34703.0,LAX,ANH
10759,34717.0,LAX,LGB
10760,34719.0,LAX,LGB
10761,34721.0,LAX,HWD
10762,34722.0,LAX,WDHL
10763,34733.0,LAX,DTLA
10764,34735.0,LAX,ANH
10765,34737.0,LAX,BVH
10766,34737.0,LAX,LGB
10767,34747.0,LAX,DTLA
10768,34757.0,LAX,DTLA
10769,34762.0,LAX,PSD
10770,34765.0,LAX,ANH
10771,34767.0,LAX,DTLA
10772,34773.0,LAX,HWD
10773,34779.0,LAX,DTLA
10774,34782.0,LAX,UVS
10775,34787.0,LAX,DTLA
10776,34795.0,LAX,BVH
10777,34796.0,LAX,DTLA
10778,34800.0,LAX,PSD
10779,34802.0,LAX,DTLA
10780,34817.0,LAX,ANH
10781,34819.0,LAX,ANH
10782,34824.0,LAX,UVS
10783,34827.0,LAX,ANH
10784,34829.0,LAX,HWD
10785,34831.0,LAX,UVS
10786,34843.0,LAX,ANH
10787,34843.0,LAX,DTLA
10788,34856.0,LAX,BVH
10789,34861.0,LAX,HWD
10790,34866.0,LAX,WDHL
10791,34868.0,LAX,HWD
10792,34883.0,LAX,HWD
10793,34884.0,LAX,ANH
10794,34886.0,LAX,LGB
10795,34897.0,LAX,ANH
10796,34900.0,LAX,HWD
10797,34901.0,LAX,DTLA
10798,34902.0,LAX,BVH
10799,34907.0,LAX,ANH
10800,34911.0,LAX,ANH
10801,34912.0,LAX,ANH
10802,34918.0,LAX,DTLA
10803,34919.0,LAX,LGB
10804,34942.0,LAX,BVH
10805,34957.0,LAX,ANH
10806,34965.0,LAX,ANH
10807,34970.0,LAX,DTLA
10808,34977.0,LAX,HWD
10809,34983.0,LAX,ANH
10810,34983.0,LAX,ANH
10811,34987.0,LAX,ANH
10812,34988.0,LAX,DTLA
10813,34994.0,LAX,PSD
10814,35002.0,LAX,LGB
10815,35004.0,LAX,HWD
10816,35008.0,LAX,DTLA
10817,35011.0,LAX,WDHL
10818,35014.0,LAX,PSD
10819,35021.0,LAX,DTLA
10820,35026.0,LAX,LGB
10821,35029.0,LAX,LGB
10822,35029.0,LAX,WDHL
10823,35032.0,LAX,HWD
10824,35035.0,LAX,DTLA
10825,35036.0,LAX,LGB
10826,35037.0,LAX,DTLA
10827,35040.0,LAX,HWD
10828,35043.0,LAX,HWD
10829,35047.0,LAX,DTLA
10830,35051.0,LAX,LGB
10831,35051.0,LAX,DTLA
10832,35055.0,LAX,PSD
10833,35060.0,LAX,LGB
10834,35061.0,LAX,ANH
10835,35061.0,LAX,WDHL
10836,35063.0,LAX,ANH
10837,35082.0,LAX,DTLA
10838,35085.0,LAX,ANH
10839,35086.0,LAX,DTLA
10840,35096.0,LAX,DTLA
10841,35098.0,LAX,PSD
10842,35115.0,LAX,LGB
10843,35120.0,LAX,DTLA
10844,35121.0,LAX,WDHL
10845,35121.0,LAX,LGB
10846,35124.0,LAX,WDHL
10847,35125.0,LAX,HWD
10848,35177.0,LAX,DTLA
10849,35183.0,LAX,LGB
10850,35193.0,LAX,LGB
10851,35194.0,LAX,ANH
10852,35211.0,LAX,BVH
10853,35215.0,LAX,HWD
10854,35217.0,LAX,HWD
10855,35233.0,LAX,ANH
10856,35243.0,LAX,DTLA
10857,35245.0,LAX,ANH
10858,35245.0,LAX,DTLA
10859,35247.0,LAX,UVS
10860,35256.0,LAX,DTLA
10861,35279.0,LAX,BVH
10862,35280.0,LAX,DTLA
10863,35281.0,LAX,LGB
10864,35290.0,LAX,DTLA
10865,35296.0,LAX,DTLA
10866,35301.0,LAX,HWD
10867,35306.0,LAX,ANH
10868,35309.0,LAX,ANH
10869,35315.0,LAX,ANH
10870,35331.0,LAX,DTLA
10871,35332.0,LAX,DTLA
10872,35340.0,LAX,DTLA
10873,35351.0,LAX,PSD
10874,35356.0,LAX,BVH
10875,35358.0,LAX,DTLA
10876,35361.0,LAX,ANH
10877,35362.0,LAX,LGB
10878,35363.0,LAX,DTLA
10879,35369.0,LAX,PSD
10880,35369.0,LAX,DTLA
10881,35370.0,LAX,BVH
10882,35371.0,LAX,UVS
10883,35395.0,LAX,BVH
10884,35395.0,LAX,BVH
10885,35396.0,LAX,PSD
10886,35397.0,LAX,DTLA
10887,35402.0,LAX,ANH
10888,35415.0,LAX,HWD
10889,35423.0,LAX,BVH
10890,35446.0,LAX,PSD
10891,35448.0,LAX,HWD
10892,35448.0,LAX,ANH
10893,35455.0,LAX,DTLA
10894,35456.0,LAX,PSD
10895,35469.0,LAX,DTLA
10896,35497.0,LAX,HWD
10897,35501.0,LAX,LGB
10898,35515.0,LAX,ANH
10899,35521.0,LAX,DTLA
10900,35527.0,LAX,WDHL
10901,35533.0,LAX,ANH
10902,35536.0,LAX,HWD
10903,35556.0,LAX,UVS
10904,35558.0,LAX,DTLA
10905,35567.0,LAX,LGB
10906,35574.0,LAX,LGB
10907,35581.0,LAX,DTLA
10908,35592.0,LAX,WDHL
10909,35594.0,LAX,BVH
10910,35598.0,LAX,DTLA
10911,35608.0,LAX,BVH
10912,35615.0,LAX,BVH
10913,35652.0,LAX,DTLA
10914,35660.0,LAX,ANH
10915,35660.0,LAX,DTLA
10916,35691.0,LAX,HWD
10917,35693.0,LAX,ANH
10918,35713.0,LAX,DTLA
10919,35714.0,LAX,HWD
10920,35727.0,LAX,HWD
10921,35732.0,LAX,UVS
10922,35747.0,LAX,BVH
10923,35749.0,LAX,WDHL
10924,35750.0,LAX,DTLA
10925,35755.0,LAX,DTLA
10926,35755.0,LAX,DTLA
10927,35777.0,LAX,WDHL
10928,35779.0,LAX,DTLA
10929,35784.0,LAX,LGB
10930,35799.0,LAX,DTLA
10931,35802.0,LAX,BVH
10932,35805.0,LAX,DTLA
10933,35805.0,LAX,LGB
10934,35809.0,LAX,HWD
10935,35810.0,LAX,UVS
10936,35815.0,LAX,HWD
10937,35822.0,LAX,ANH
10938,35833.0,LAX,HWD
10939,35842.0,LAX,ANH
10940,35848.0,LAX,BVH
10941,35853.0,LAX,ANH
10942,35857.0,LAX,HWD
10943,35866.0,LAX,ANH
10944,35868.0,LAX,BVH
10945,35873.0,LAX,BVH
10946,35879.0,LAX,ANH
10947,35879.0,LAX,HWD
10948,35883.0,LAX,PSD
10949,35889.0,LAX,HWD
10950,35896.0,LAX,HWD
10951,35897.0,LAX,LGB
10952,35899.0,LAX,ANH
10953,35901.0,LAX,HWD
10954,35903.0,LAX,ANH
10955,35906.0,LAX,HWD
10956,35912.0,LAX,DTLA
10957,35920.0,LAX,DTLA
10958,35921.0,LAX,LGB
10959,35923.0,LAX,BVH
10960,35924.0,LAX,ANH
10961,35925.0,LAX,HWD
10962,35926.0,LAX,BVH
10963,35928.0,LAX,PSD
10964,35930.0,LAX,PSD
10965,35930.0,LAX,HWD
10966,35931.0,LAX,DTLA
10967,35934.0,LAX,HWD
10968,35935.0,LAX,WDHL
10969,35936.0,LAX,PSD
10970,35939.0,LAX,LGB
10971,35939.0,LAX,HWD
10972,35940.0,LAX,DTLA
10973,35940.0,LAX,DTLA
10974,35941.0,LAX,LGB
10975,35944.0,LAX,LGB
10976,35951.0,LAX,HWD
10977,35951.0,LAX,DTLA
10978,35952.0,LAX,WDHL
10979,35955.0,LAX,BVH
10980,35963.0,LAX,PSD
10981,35968.0,LAX,UVS
10982,35985.0,LAX,HWD
10983,35988.0,LAX,LGB
10984,35988.0,LAX,BVH
10985,35995.0,LAX,BVH
10986,35998.0,LAX,BVH
10987,36001.0,LAX,BVH
10988,36024.0,LAX,HWD
10989,36027.0,LAX,HWD
10990,36027.0,LAX,LGB
10991,36032.0,LAX,DTLA
10992,36039.0,LAX,DTLA
10993,36043.0,LAX,ANH
10994,36051.0,LAX,ANH
10995,36055.0,LAX,BVH
10996,36056.0,LAX,HWD
10997,36056.0,LAX,WDHL
10998,36080.0,LAX,LGB
10999,36090.0,LAX,DTLA
11000,36090.0,LAX,DTLA
11001,36098.0,LAX,BVH
11002,36100.0,LAX,BVH
11003,36112.0,LAX,WDHL
11004,36133.0,LAX,HWD
11005,36134.0,LAX,BVH
11006,36139.0,LAX,HWD
11007,36143.0,LAX,HWD
11008,36145.0,LAX,HWD
11009,36149.0,LAX,DTLA
11010,36153.0,LAX,BVH
11011,36156.0,LAX,BVH
11012,36166.0,LAX,HWD
11013,36172.0,LAX,PSD
11014,36202.0,LAX,LGB
11015,36216.0,LAX,WDHL
11016,36216.0,LAX,LGB
11017,36237.0,LAX,ANH
11018,36245.0,LAX,HWD
11019,36255.0,LAX,HWD
11020,36271.0,LAX,UVS
11021,36281.0,LAX,BVH
11022,36291.0,LAX,ANH
11023,36310.0,LAX,LGB
11024,36317.0,LAX,DTLA
11025,36335.0,LAX,DTLA
11026,36336.0,LAX,HWD
11027,36351.0,LAX,BVH
11028,36354.0,LAX,BVH
11029,36356.0,LAX,DTLA
11030,36461.0,LAX,DTLA
11031,36491.0,LAX,WDHL
11032,36531.0,LAX,DTLA
11033,36543.0,LAX,UVS
11034,36543.0,LAX,ANH
11035,36551.0,LAX,BVH
11036,36559.0,LAX,HWD
11037,36578.0,LAX,PSD
11038,36584.0,LAX,HWD
11039,36584.0,LAX,LGB
11040,36590.0,LAX,ANH
11041,36593.0,LAX,PSD
11042,36596.0,LAX,DTLA
11043,36599.0,LAX,WDHL
11044,36602.0,LAX,PSD
11045,36605.0,LAX,HWD
11046,36607.0,LAX,DTLA
11047,36607.0,LAX,DTLA
11048,36609.0,LAX,ANH
11049,36612.0,LAX,LGB
11050,36617.0,LAX,PSD
11051,36624.0,LAX,BVH
11052,36629.0,LAX,ANH
11053,36638.0,LAX,DTLA
11054,36640.0,LAX,DTLA
11055,36640.0,LAX,PSD
11056,36642.0,LAX,HWD
11057,36652.0,LAX,HWD
11058,36657.0,LAX,UVS
11059,36663.0,LAX,ANH
11060,36663.0,LAX,BVH
11061,36666.0,LAX,ANH
11062,36666.0,LAX,LGB
11063,36670.0,LAX,BVH
11064,36679.0,LAX,DTLA
11065,36679.0,LAX,UVS
11066,36680.0,LAX,PSD
11067,36683.0,LAX,PSD
11068,36687.0,LAX,ANH
11069,36693.0,LAX,PSD
11070,36699.0,LAX,PSD
11071,36702.0,LAX,HWD
11072,36705.0,LAX,ANH
11073,36711.0,LAX,HWD
11074,36712.0,LAX,PSD
11075,36721.0,LAX,PSD
11076,36722.0,LAX,PSD
11077,36726.0,LAX,ANH
11078,36727.0,LAX,UVS
11079,36732.0,LAX,HWD
11080,36735.0,LAX,LGB
11081,36739.0,LAX,LGB
11082,36740.0,LAX,DTLA
11083,36741.0,LAX,ANH
11084,36741.0,LAX,ANH
11085,36749.0,LAX,LGB
11086,36761.0,LAX,HWD
11087,36775.0,LAX,ANH
11088,36794.0,LAX,UVS
11089,36809.0,LAX,LGB
11090,36831.0,LAX,UVS
11091,36837.0,LAX,DTLA
11092,36839.0,LAX,DTLA
11093,36843.0,LAX,ANH
11094,36847.0,LAX,WDHL
11095,36850.0,LAX,HWD
11096,36854.0,LAX,DTLA
11097,36859.0,LAX,BVH
11098,36859.0,LAX,ANH
11099,36866.0,LAX,WDHL
11100,36867.0,LAX,LGB
11101,36869.0,LAX,DTLA
11102,36870.0,LAX,LGB
11103,36871.0,LAX,LGB
11104,36872.0,LAX,HWD
11105,36874.0,LAX,ANH
11106,36875.0,LAX,DTLA
11107,36888.0,LAX,WDHL
11108,36891.0,LAX,DTLA
11109,36893.0,LAX,DTLA
11110,36900.0,LAX,HWD
11111,36909.0,LAX,ANH
11112,36915.0,LAX,ANH
11113,36919.0,LAX,DTLA
11114,36924.0,LAX,DTLA
11115,36925.0,LAX,LGB
11116,36946.0,LAX,DTLA
11117,36946.0,LAX,BVH
11118,36957.0,LAX,UVS
11119,36960.0,LAX,DTLA
11120,36962.0,LAX,DTLA
11121,36968.0,LAX,UVS
11122,36969.0,LAX,LGB
11123,36971.0,LAX,PSD
11124,36972.0,LAX,WDHL
11125,36974.0,LAX,ANH
11126,36978.0,LAX,HWD
11127,36979.0,LAX,WDHL
11128,36994.0,LAX,HWD
11129,36998.0,LAX,PSD
11130,37011.0,LAX,HWD
11131,37032.0,LAX,DTLA
11132,37043.0,LAX,HWD
11133,37061.0,LAX,DTLA
11134,37063.0,LAX,HWD
11135,37069.0,LAX,HWD
11136,37072.0,LAX,UVS
11137,37073.0,LAX,UVS
11138,37093.0,LAX,LGB
11139,37097.0,LAX,BVH
11140,37104.0,LAX,PSD
11141,37112.0,LAX,DTLA
11142,37128.0,LAX,LGB
11143,37155.0,LAX,HWD
11144,37160.0,LAX,UVS
11145,37167.0,LAX,HWD
11146,37218.0,LAX,ANH
11147,37245.0,LAX,WDHL
11148,37246.0,LAX,PSD
11149,37248.0,LAX,LGB
11150,37251.0,LAX,ANH
11151,37255.0,LAX,HWD
11152,37262.0,LAX,LGB
11153,37263.0,LAX,HWD
11154,37265.0,LAX,ANH
11155,37276.0,LAX,HWD
11156,37279.0,LAX,UVS
11157,37281.0,LAX,HWD
11158,37287.0,LAX,WDHL
11159,37288.0,LAX,DTLA
11160,37296.0,LAX,HWD
11161,37313.0,LAX,ANH
11162,37314.0,LAX,ANH
11163,37319.0,LAX,HWD
11164,37334.0,LAX,DTLA
11165,37336.0,LAX,DTLA
11166,37337.0,LAX,ANH
11167,37354.0,LAX,DTLA
11168,37360.0,LAX,ANH
11169,37365.0,LAX,BVH
11170,37372.0,LAX,HWD
11171,37372.0,LAX,ANH
11172,37376.0,LAX,ANH
11173,37379.0,LAX,DTLA
11174,37381.0,LAX,LGB
11175,37389.0,LAX,ANH
11176,37402.0,LAX,HWD
11177,37416.0,LAX,DTLA
11178,37417.0,LAX,LGB
11179,37419.0,LAX,ANH
11180,37441.0,LAX,LGB
11181,37447.0,LAX,PSD
11182,37493.0,LAX,PSD
11183,37507.0,LAX,DTLA
11184,37513.0,LAX,DTLA
11185,37514.0,LAX,UVS
11186,37518.0,LAX,LGB
11187,37522.0,LAX,ANH
11188,37527.0,LAX,BVH
11189,37533.0,LAX,HWD
11190,37542.0,LAX,LGB
11191,37542.0,LAX,HWD
11192,37547.0,LAX,HWD
11193,37576.0,LAX,HWD
11194,37580.0,LAX,HWD
11195,37582.0,LAX,LGB
11196,37586.0,LAX,UVS
11197,37611.0,LAX,ANH
11198,37612.0,LAX,PSD
11199,37614.0,LAX,UVS
11200,37616.0,LAX,UVS
11201,37617.0,LAX,BVH
11202,37630.0,LAX,LGB
11203,37636.0,LAX,DTLA
11204,37639.0,LAX,UVS
11205,37643.0,LAX,LGB
11206,37658.0,LAX,ANH
11207,37661.0,LAX,UVS
11208,37671.0,LAX,DTLA
11209,37688.0,LAX,BVH
11210,37712.0,LAX,LGB
11211,37719.0,LAX,ANH
11212,37720.0,LAX,HWD
11213,37726.0,LAX,PSD
11214,37730.0,LAX,PSD
11215,37742.0,LAX,WDHL
11216,37746.0,LAX,ANH
11217,37748.0,LAX,DTLA
11218,37763.0,LAX,DTLA
11219,37768.0,LAX,LGB
11220,37789.0,LAX,ANH
11221,37795.0,LAX,DTLA
11222,37801.0,LAX,ANH
11223,37803.0,LAX,UVS
11224,37808.0,LAX,PSD
11225,37810.0,LAX,HWD
11226,37811.0,LAX,HWD
11227,37823.0,LAX,DTLA
11228,37828.0,LAX,BVH
11229,37831.0,LAX,ANH
11230,37832.0,LAX,LGB
11231,37832.0,LAX,DTLA
11232,37837.0,LAX,ANH
11233,37838.0,LAX,ANH
11234,37846.0,LAX,PSD
11235,37848.0,LAX,UVS
11236,37850.0,LAX,LGB
11237,37854.0,LAX,LGB
11238,37857.0,LAX,DTLA
11239,37863.0,LAX,DTLA
11240,37871.0,LAX,DTLA
11241,37888.0,LAX,DTLA
11242,37892.0,LAX,WDHL
11243,37903.0,LAX,DTLA
11244,37912.0,LAX,UVS
11245,37912.0,LAX,WDHL
11246,37915.0,LAX,ANH
11247,37921.0,LAX,DTLA
11248,37921.0,LAX,ANH
11249,37924.0,LAX,DTLA
11250,37925.0,LAX,BVH
11251,37928.0,LAX,BVH
11252,37935.0,LAX,ANH
11253,37937.0,LAX,ANH
11254,37938.0,LAX,DTLA
11255,37949.0,LAX,HWD
11256,37953.0,LAX,BVH
11257,37955.0,LAX,ANH
11258,37956.0,LAX,BVH
11259,37967.0,LAX,DTLA
11260,37968.0,LAX,UVS
11261,37972.0,LAX,HWD
11262,37972.0,LAX,LGB
11263,37976.0,LAX,HWD
11264,37979.0,LAX,BVH
11265,37984.0,LAX,WDHL
11266,37995.0,LAX,UVS
11267,37999.0,LAX,DTLA
11268,38004.0,LAX,DTLA
11269,38005.0,LAX,LGB
11270,38006.0,LAX,HWD
11271,38015.0,LAX,ANH
11272,38024.0,LAX,DTLA
11273,38027.0,LAX,ANH
11274,38032.0,LAX,ANH
11275,38050.0,LAX,LGB
11276,38059.0,LAX,HWD
11277,38064.0,LAX,LGB
11278,38065.0,LAX,LGB
11279,38076.0,LAX,HWD
11280,38089.0,LAX,ANH
11281,38090.0,LAX,DTLA
11282,38091.0,LAX,ANH
11283,38118.0,LAX,DTLA
11284,38119.0,LAX,ANH
11285,38125.0,LAX,DTLA
11286,38134.0,LAX,DTLA
11287,38134.0,LAX,ANH
11288,38161.0,LAX,DTLA
11289,38169.0,LAX,HWD
11290,38173.0,LAX,HWD
11291,38176.0,LAX,DTLA
11292,38201.0,LAX,PSD
11293,38214.0,LAX,DTLA
11294,38228.0,LAX,LGB
11295,38230.0,LAX,PSD
11296,38236.0,LAX,DTLA
11297,38239.0,LAX,ANH
11298,38241.0,LAX,WDHL
11299,38255.0,LAX,UVS
11300,38257.0,LAX,UVS
11301,38260.0,LAX,LGB
11302,38262.0,LAX,ANH
11303,38263.0,LAX,BVH
11304,38264.0,LAX,PSD
11305,38265.0,LAX,ANH
11306,38269.0,LAX,LGB
11307,38270.0,LAX,DTLA
11308,38271.0,LAX,HWD
11309,38275.0,LAX,PSD
11310,38279.0,LAX,ANH
11311,38281.0,LAX,LGB
11312,38283.0,LAX,ANH
11313,38284.0,LAX,ANH
11314,38285.0,LAX,WDHL
11315,38286.0,LAX,ANH
11316,38293.0,LAX,BVH
11317,38294.0,LAX,ANH
11318,38296.0,LAX,ANH
11319,38302.0,LAX,DTLA
11320,38305.0,LAX,DTLA
11321,38315.0,LAX,LGB
11322,38316.0,LAX,LGB
11323,38322.0,LAX,HWD
11324,38323.0,LAX,LGB
11325,38324.0,LAX,PSD
11326,38327.0,LAX,DTLA
11327,38340.0,LAX,UVS
11328,38340.0,LAX,BVH
11329,38341.0,LAX,ANH
11330,38355.0,LAX,ANH
11331,38369.0,LAX,BVH
11332,38369.0,LAX,DTLA
11333,38371.0,LAX,HWD
11334,38371.0,LAX,HWD
11335,38378.0,LAX,DTLA
11336,38379.0,LAX,HWD
11337,38383.0,LAX,LGB
11338,38387.0,LAX,DTLA
11339,38398.0,LAX,DTLA
11340,38399.0,LAX,BVH
11341,38400.0,LAX,HWD
11342,38408.0,LAX,ANH
11343,38413.0,LAX,UVS
11344,38414.0,LAX,ANH
11345,38417.0,LAX,ANH
11346,38417.0,LAX,DTLA
11347,38423.0,LAX,PSD
11348,38428.0,LAX,WDHL
11349,38430.0,LAX,LGB
11350,38431.0,LAX,ANH
11351,38433.0,LAX,UVS
11352,38441.0,LAX,UVS
11353,38443.0,LAX,BVH
11354,38451.0,LAX,ANH
11355,38451.0,LAX,UVS
11356,38453.0,LAX,DTLA
11357,38457.0,LAX,ANH
11358,38457.0,LAX,HWD
11359,38469.0,LAX,WDHL
11360,38470.0,LAX,LGB
11361,38477.0,LAX,DTLA
11362,38478.0,LAX,HWD
11363,38485.0,LAX,ANH
11364,38497.0,LAX,LGB
11365,38497.0,LAX,ANH
11366,38509.0,LAX,DTLA
11367,38522.0,LAX,DTLA
11368,38522.0,LAX,UVS
11369,38525.0,LAX,WDHL
11370,38525.0,LAX,LGB
11371,38527.0,LAX,DTLA
11372,38533.0,LAX,DTLA
11373,38545.0,LAX,ANH
11374,38554.0,LAX,HWD
11375,38570.0,LAX,UVS
11376,38578.0,LAX,HWD
11377,38583.0,LAX,LGB
11378,38587.0,LAX,ANH
11379,38589.0,LAX,ANH
11380,38600.0,LAX,HWD
11381,38610.0,LAX,UVS
11382,38614.0,LAX,DTLA
11383,38617.0,LAX,WDHL
11384,38620.0,LAX,HWD
11385,38628.0,LAX,BVH
11386,38631.0,LAX,PSD
11387,38641.0,LAX,HWD
11388,38667.0,LAX,DTLA
11389,38669.0,LAX,BVH
11390,38671.0,LAX,HWD
11391,38673.0,LAX,HWD
11392,38676.0,LAX,UVS
11393,38690.0,LAX,ANH
11394,38695.0,LAX,DTLA
11395,38697.0,LAX,BVH
11396,38703.0,LAX,HWD
11397,38707.0,LAX,DTLA
11398,38708.0,LAX,ANH
11399,38715.0,LAX,DTLA
11400,38715.0,LAX,PSD
11401,38716.0,LAX,ANH
11402,38716.0,LAX,PSD
11403,38716.0,LAX,DTLA
11404,38722.0,LAX,HWD
11405,38723.0,LAX,HWD
11406,38733.0,LAX,WDHL
11407,38742.0,LAX,WDHL
11408,38745.0,LAX,HWD
11409,38747.0,LAX,DTLA
11410,38748.0,LAX,DTLA
11411,38752.0,LAX,WDHL
11412,38753.0,LAX,BVH
11413,38755.0,LAX,DTLA
11414,38755.0,LAX,DTLA
11415,38764.0,LAX,DTLA
11416,38764.0,LAX,ANH
11417,38767.0,LAX,ANH
11418,38774.0,LAX,WDHL
11419,38774.0,LAX,LGB
11420,38782.0,LAX,ANH
11421,38792.0,LAX,LGB
11422,38793.0,LAX,DTLA
11423,38804.0,LAX,LGB
11424,38807.0,LAX,UVS
11425,38807.0,LAX,ANH
11426,38811.0,LAX,LGB
11427,38819.0,LAX,DTLA
11428,38826.0,LAX,PSD
11429,38835.0,LAX,LGB
11430,38842.0,LAX,WDHL
11431,38847.0,LAX,LGB
11432,38847.0,LAX,DTLA
11433,38851.0,LAX,DTLA
11434,38856.0,LAX,UVS
11435,38866.0,LAX,DTLA
11436,38874.0,LAX,HWD
11437,38880.0,LAX,HWD
11438,38880.0,LAX,DTLA
11439,38881.0,LAX,WDHL
11440,38887.0,LAX,WDHL
11441,38890.0,LAX,LGB
11442,38891.0,LAX,HWD
11443,38892.0,LAX,UVS
11444,38905.0,LAX,DTLA
11445,38914.0,LAX,DTLA
11446,38916.0,LAX,ANH
11447,38917.0,LAX,ANH
11448,38918.0,LAX,ANH
11449,38923.0,LAX,DTLA
11450,38924.0,LAX,DTLA
11451,38925.0,LAX,PSD
11452,38935.0,LAX,ANH
11453,38939.0,LAX,ANH
11454,38945.0,LAX,ANH
11455,38947.0,LAX,DTLA
11456,38955.0,LAX,DTLA
11457,38963.0,LAX,LGB
11458,38972.0,LAX,ANH
11459,38985.0,LAX,DTLA
11460,38989.0,LAX,ANH
11461,38991.0,LAX,PSD
11462,38992.0,LAX,DTLA
11463,39007.0,LAX,UVS
11464,39014.0,LAX,PSD
11465,39023.0,LAX,ANH
11466,39089.0,LAX,ANH
11467,39114.0,LAX,BVH
11468,39119.0,LAX,PSD
11469,39180.0,LAX,DTLA
11470,39191.0,LAX,PSD
11471,39224.0,LAX,LGB
11472,39239.0,LAX,LGB
11473,39243.0,LAX,HWD
11474,39312.0,LAX,BVH
11475,39336.0,LAX,UVS
11476,39343.0,LAX,DTLA
11477,39349.0,LAX,BVH
11478,39354.0,LAX,LGB
11479,39368.0,LAX,DTLA
11480,39374.0,LAX,BVH
11481,39391.0,LAX,BVH
11482,39394.0,LAX,DTLA
11483,39404.0,LAX,LGB
11484,39409.0,LAX,UVS
11485,39411.0,LAX,LGB
11486,39413.0,LAX,LGB
11487,39417.0,LAX,DTLA
11488,39423.0,LAX,UVS
11489,39429.0,LAX,HWD
11490,39433.0,LAX,HWD
11491,39434.0,LAX,HWD
11492,39446.0,LAX,ANH
11493,39453.0,LAX,DTLA
11494,39456.0,LAX,WDHL
11495,39462.0,LAX,PSD
11496,39470.0,LAX,UVS
11497,39472.0,LAX,DTLA
11498,39475.0,LAX,LGB
11499,39477.0,LAX,HWD
11500,39480.0,LAX,DTLA
11501,39490.0,LAX,HWD
11502,39500.0,LAX,PSD
11503,39502.0,LAX,ANH
11504,39504.0,LAX,WDHL
11505,39508.0,LAX,PSD
11506,39509.0,LAX,ANH
11507,39517.0,LAX,ANH
11508,39518.0,LAX,ANH
11509,39518.0,LAX,DTLA
11510,39530.0,LAX,ANH
11511,39537.0,LAX,PSD
11512,39545.0,LAX,DTLA
11513,39545.0,LAX,LGB
11514,39546.0,LAX,LGB
11515,39553.0,LAX,ANH
11516,39562.0,LAX,HWD
11517,39568.0,LAX,HWD
11518,39574.0,LAX,LGB
11519,39586.0,LAX,HWD
11520,39592.0,LAX,HWD
11521,39599.0,LAX,LGB
11522,39633.0,LAX,ANH
11523,39635.0,LAX,PSD
11524,39640.0,LAX,LGB
11525,39643.0,LAX,HWD
11526,39643.0,LAX,DTLA
11527,39644.0,LAX,DTLA
11528,39648.0,LAX,ANH
11529,39648.0,LAX,BVH
11530,39659.0,LAX,DTLA
11531,39667.0,LAX,ANH
11532,39670.0,LAX,WDHL
11533,39683.0,LAX,ANH
11534,39686.0,LAX,ANH
11535,39757.0,LAX,DTLA
11536,39771.0,LAX,ANH
11537,39800.0,LAX,LGB
11538,39819.0,LAX,UVS
11539,39841.0,LAX,DTLA
11540,39858.0,LAX,PSD
11541,39914.0,LAX,BVH
11542,39951.0,LAX,DTLA
11543,40087.0,LAX,ANH
11544,40124.0,LAX,PSD
11545,40129.0,LAX,PSD
11546,40134.0,LAX,LGB
11547,40139.0,LAX,BVH
11548,40155.0,LAX,UVS
11549,40169.0,LAX,UVS
11550,40181.0,LAX,HWD
11551,40187.0,LAX,LGB
11552,40190.0,LAX,PSD
11553,40191.0,LAX,DTLA
11554,40222.0,LAX,ANH
11555,40235.0,LAX,WDHL
11556,40236.0,LAX,HWD
11557,40238.0,LAX,UVS
11558,40240.0,LAX,LGB
11559,40247.0,LAX,PSD
11560,40249.0,LAX,LGB
11561,40249.0,LAX,DTLA
11562,40252.0,LAX,ANH
11563,40260.0,LAX,UVS
11564,40268.0,LAX,DTLA
11565,40279.0,LAX,LGB
11566,40295.0,LAX,ANH
11567,40300.0,LAX,BVH
11568,40308.0,LAX,DTLA
11569,40314.0,LAX,ANH
11570,40314.0,LAX,BVH
11571,40320.0,LAX,ANH
11572,40345.0,LAX,LGB
11573,40357.0,LAX,DTLA
11574,40363.0,LAX,LGB
11575,40364.0,LAX,LGB
11576,40387.0,LAX,PSD
11577,40394.0,LAX,WDHL
11578,40426.0,LAX,PSD
11579,40429.0,LAX,ANH
11580,40430.0,LAX,HWD
11581,40434.0,LAX,LGB
11582,40444.0,LAX,ANH
11583,40448.0,LAX,DTLA
11584,40448.0,LAX,HWD
11585,40449.0,LAX,LGB
11586,40449.0,LAX,LGB
11587,40449.0,LAX,DTLA
11588,40454.0,LAX,WDHL
11589,40455.0,LAX,WDHL
11590,40466.0,LAX,BVH
11591,40467.0,LAX,WDHL
11592,40469.0,LAX,DTLA
11593,40471.0,LAX,WDHL
11594,40474.0,LAX,ANH
11595,40488.0,LAX,DTLA
11596,40494.0,LAX,LGB
11597,40501.0,LAX,DTLA
11598,40502.0,LAX,HWD
11599,40505.0,LAX,DTLA
11600,40506.0,LAX,DTLA
11601,40517.0,LAX,LGB
11602,40520.0,LAX,ANH
11603,40520.0,LAX,BVH
11604,40530.0,LAX,UVS
11605,40534.0,LAX,BVH
11606,40540.0,LAX,HWD
11607,40544.0,LAX,WDHL
11608,40563.0,LAX,HWD
11609,40567.0,LAX,DTLA
11610,40567.0,LAX,DTLA
11611,40569.0,LAX,ANH
11612,40572.0,LAX,DTLA
11613,40576.0,LAX,BVH
11614,40578.0,LAX,LGB
11615,40578.0,LAX,BVH
11616,40578.0,LAX,DTLA
11617,40582.0,LAX,HWD
11618,40591.0,LAX,WDHL
11619,40593.0,LAX,HWD
11620,40608.0,LAX,PSD
11621,40614.0,LAX,DTLA
11622,40617.0,LAX,HWD
11623,40622.0,LAX,DTLA
11624,40624.0,LAX,HWD
11625,40635.0,LAX,HWD
11626,40642.0,LAX,DTLA
11627,40649.0,LAX,PSD
11628,40651.0,LAX,PSD
11629,40652.0,LAX,ANH
11630,40658.0,LAX,WDHL
11631,40671.0,LAX,ANH
11632,40673.0,LAX,LGB
11633,40679.0,LAX,BVH
11634,40683.0,LAX,ANH
11635,40684.0,LAX,DTLA
11636,40684.0,LAX,WDHL
11637,40693.0,LAX,LGB
11638,40713.0,LAX,HWD
11639,40716.0,LAX,DTLA
11640,40719.0,LAX,ANH
11641,40723.0,LAX,LGB
11642,40731.0,LAX,DTLA
11643,40735.0,LAX,LGB
11644,40785.0,LAX,DTLA
11645,40799.0,LAX,WDHL
11646,40807.0,LAX,DTLA
11647,40823.0,LAX,PSD
11648,40854.0,LAX,LGB
11649,40854.0,LAX,UVS
11650,40859.0,LAX,WDHL
11651,40863.0,LAX,LGB
11652,40892.0,LAX,UVS
11653,40892.0,LAX,UVS
11654,40900.0,LAX,HWD
11655,40917.0,LAX,LGB
11656,40924.0,LAX,ANH
11657,40942.0,LAX,WDHL
11658,40945.0,LAX,ANH
11659,40946.0,LAX,UVS
11660,40949.0,LAX,PSD
11661,40960.0,LAX,ANH
11662,40960.0,LAX,DTLA
11663,40966.0,LAX,LGB
11664,40967.0,LAX,DTLA
11665,40974.0,LAX,DTLA
11666,40976.0,LAX,BVH
11667,40977.0,LAX,ANH
11668,40988.0,LAX,HWD
11669,40989.0,LAX,ANH
11670,40991.0,LAX,DTLA
11671,41019.0,LAX,HWD
11672,41033.0,LAX,HWD
11673,41039.0,LAX,HWD
11674,41040.0,LAX,PSD
11675,41040.0,LAX,WDHL
11676,41047.0,LAX,ANH
11677,41052.0,LAX,LGB
11678,41060.0,LAX,LGB
11679,41068.0,LAX,WDHL
11680,41069.0,LAX,LGB
11681,41085.0,LAX,PSD
11682,41085.0,LAX,PSD
11683,41086.0,LAX,ANH
11684,41093.0,LAX,HWD
11685,41101.0,LAX,DTLA
11686,41106.0,LAX,DTLA
11687,41119.0,LAX,DTLA
11688,41131.0,LAX,DTLA
11689,41137.0,LAX,DTLA
11690,41156.0,LAX,ANH
11691,41158.0,LAX,DTLA
11692,41167.0,LAX,DTLA
11693,41215.0,LAX,ANH
11694,41247.0,LAX,DTLA
11695,41254.0,LAX,DTLA
11696,41315.0,LAX,DTLA
11697,41334.0,LAX,HWD
11698,41359.0,LAX,BVH
11699,41382.0,LAX,UVS
11700,41390.0,LAX,ANH
11701,41405.0,LAX,ANH
11702,41422.0,LAX,HWD
11703,41424.0,LAX,HWD
11704,41425.0,LAX,WDHL
11705,41425.0,LAX,DTLA
11706,41460.0,LAX,DTLA
11707,41473.0,LAX,ANH
11708,41477.0,LAX,DTLA
11709,41477.0,LAX,PSD
11710,41479.0,LAX,PSD
11711,41488.0,LAX,BVH
11712,41489.0,LAX,ANH
11713,41490.0,LAX,DTLA
11714,41494.0,LAX,BVH
11715,41498.0,LAX,DTLA
11716,41498.0,LAX,PSD
11717,41500.0,LAX,LGB
11718,41505.0,LAX,HWD
11719,41512.0,LAX,DTLA
11720,41515.0,LAX,DTLA
11721,41518.0,LAX,DTLA
11722,41519.0,LAX,ANH
11723,41545.0,LAX,BVH
11724,41556.0,LAX,HWD
11725,41559.0,LAX,LGB
11726,41577.0,LAX,DTLA
11727,41585.0,LAX,ANH
11728,41586.0,LAX,ANH
11729,41592.0,LAX,ANH
11730,41599.0,LAX,HWD
11731,41601.0,LAX,HWD
11732,41622.0,LAX,ANH
11733,41623.0,LAX,DTLA
11734,41626.0,LAX,HWD
11735,41630.0,LAX,ANH
11736,41632.0,LAX,WDHL
11737,41635.0,LAX,UVS
11738,41643.0,LAX,DTLA
11739,41657.0,LAX,WDHL
11740,41662.0,LAX,DTLA
11741,41668.0,LAX,BVH
11742,41675.0,LAX,BVH
11743,41675.0,LAX,ANH
11744,41682.0,LAX,HWD
11745,41684.0,LAX,DTLA
11746,41689.0,LAX,DTLA
11747,41693.0,LAX,HWD
11748,41694.0,LAX,LGB
11749,41698.0,LAX,LGB
11750,41705.0,LAX,PSD
11751,41706.0,LAX,PSD
11752,41727.0,LAX,LGB
11753,41741.0,LAX,DTLA
11754,41743.0,LAX,DTLA
11755,41744.0,LAX,WDHL
11756,41749.0,LAX,LGB
11757,41751.0,LAX,BVH
11758,41753.0,LAX,BVH
11759,41759.0,LAX,UVS
11760,41771.0,LAX,DTLA
11761,41778.0,LAX,UVS
11762,41780.0,LAX,ANH
11763,41784.0,LAX,LGB
11764,41792.0,LAX,PSD
11765,41793.0,LAX,DTLA
11766,41811.0,LAX,DTLA
11767,41811.0,LAX,LGB
11768,41815.0,LAX,BVH
11769,41819.0,LAX,WDHL
11770,41820.0,LAX,LGB
11771,41830.0,LAX,BVH
11772,41834.0,LAX,ANH
11773,41838.0,LAX,DTLA
11774,41844.0,LAX,WDHL
11775,41854.0,LAX,DTLA
11776,41865.0,LAX,LGB
11777,41867.0,LAX,DTLA
11778,41875.0,LAX,UVS
11779,41883.0,LAX,DTLA
11780,41890.0,LAX,ANH
11781,41891.0,LAX,UVS
11782,41893.0,LAX,HWD
11783,41893.0,LAX,UVS
11784,41897.0,LAX,ANH
11785,41909.0,LAX,BVH
11786,41914.0,LAX,ANH
11787,41916.0,LAX,WDHL
11788,41917.0,LAX,UVS
11789,41925.0,LAX,ANH
11790,41925.0,LAX,PSD
11791,41929.0,LAX,ANH
11792,41931.0,LAX,ANH
11793,41938.0,LAX,ANH
11794,41939.0,LAX,BVH
11795,41948.0,LAX,HWD
11796,41966.0,LAX,LGB
11797,41967.0,LAX,ANH
11798,41969.0,LAX,DTLA
11799,41969.0,LAX,ANH
11800,41969.0,LAX,LGB
11801,41969.0,LAX,BVH
11802,41971.0,LAX,LGB
11803,41971.0,LAX,PSD
11804,41972.0,LAX,DTLA
11805,41977.0,LAX,ANH
11806,41980.0,LAX,ANH
11807,41980.0,LAX,WDHL
11808,41984.0,LAX,ANH
11809,42004.0,LAX,LGB
11810,42013.0,LAX,DTLA
11811,42021.0,LAX,HWD
11812,42023.0,LAX,LGB
11813,42029.0,LAX,PSD
11814,42038.0,LAX,LGB
11815,42043.0,LAX,PSD
11816,42049.0,LAX,HWD
11817,42049.0,LAX,DTLA
11818,42053.0,LAX,BVH
11819,42055.0,LAX,ANH
11820,42064.0,LAX,LGB
11821,42067.0,LAX,HWD
11822,42085.0,LAX,WDHL
11823,42094.0,LAX,ANH
11824,42098.0,LAX,HWD
11825,42099.0,LAX,BVH
11826,42111.0,LAX,BVH
11827,42119.0,LAX,UVS
11828,42124.0,LAX,ANH
11829,42125.0,LAX,LGB
11830,42131.0,LAX,ANH
11831,42132.0,LAX,DTLA
11832,42148.0,LAX,PSD
11833,42153.0,LAX,DTLA
11834,42156.0,LAX,HWD
11835,42160.0,LAX,DTLA
11836,42160.0,LAX,HWD
11837,42161.0,LAX,ANH
11838,42171.0,LAX,ANH
11839,42174.0,LAX,DTLA
11840,42181.0,LAX,PSD
11841,42186.0,LAX,ANH
11842,42195.0,LAX,HWD
11843,42200.0,LAX,DTLA
11844,42200.0,LAX,DTLA
11845,42215.0,LAX,ANH
11846,42216.0,LAX,BVH
11847,42220.0,LAX,DTLA
11848,42225.0,LAX,HWD
11849,42227.0,LAX,LGB
11850,42229.0,LAX,HWD
11851,42233.0,LAX,ANH
11852,42235.0,LAX,DTLA
11853,42235.0,LAX,DTLA
11854,42237.0,LAX,WDHL
11855,42239.0,LAX,HWD
11856,42243.0,LAX,HWD
11857,42246.0,LAX,ANH
11858,42251.0,LAX,HWD
11859,42254.0,LAX,DTLA
11860,42263.0,LAX,WDHL
11861,42271.0,LAX,DTLA
11862,42272.0,LAX,DTLA
11863,42280.0,LAX,LGB
11864,42281.0,LAX,BVH
11865,42283.0,LAX,LGB
11866,42287.0,LAX,DTLA
11867,42290.0,LAX,BVH
11868,42305.0,LAX,HWD
11869,42312.0,LAX,DTLA
11870,42318.0,LAX,ANH
11871,42322.0,LAX,BVH
11872,42325.0,LAX,DTLA
11873,42326.0,LAX,HWD
11874,42326.0,LAX,DTLA
11875,42331.0,LAX,LGB
11876,42334.0,LAX,PSD
11877,42337.0,LAX,DTLA
11878,42340.0,LAX,LGB
11879,42340.0,LAX,ANH
11880,42345.0,LAX,HWD
11881,42346.0,LAX,DTLA
11882,42352.0,LAX,ANH
11883,42352.0,LAX,DTLA
11884,42355.0,LAX,LGB
11885,42358.0,LAX,LGB
11886,42360.0,LAX,DTLA
11887,42368.0,LAX,LGB
11888,42371.0,LAX,ANH
11889,42379.0,LAX,PSD
11890,42382.0,LAX,LGB
11891,42384.0,LAX,WDHL
11892,42387.0,LAX,BVH
11893,42395.0,LAX,DTLA
11894,42396.0,LAX,DTLA
11895,42401.0,LAX,DTLA
11896,42402.0,LAX,BVH
11897,42403.0,LAX,HWD
11898,42408.0,LAX,ANH
11899,42409.0,LAX,DTLA
11900,42421.0,LAX,ANH
11901,42422.0,LAX,BVH
11902,42428.0,LAX,ANH
11903,42428.0,LAX,DTLA
11904,42431.0,LAX,DTLA
11905,42432.0,LAX,ANH
11906,42435.0,LAX,ANH
11907,42436.0,LAX,ANH
11908,42441.0,LAX,ANH
11909,42445.0,LAX,ANH
11910,42445.0,LAX,PSD
11911,42447.0,LAX,ANH
11912,42454.0,LAX,PSD
11913,42454.0,LAX,DTLA
11914,42455.0,LAX,UVS
11915,42459.0,LAX,LGB
11916,42461.0,LAX,DTLA
11917,42464.0,LAX,ANH
11918,42474.0,LAX,ANH
11919,42474.0,LAX,ANH
11920,42499.0,LAX,PSD
11921,42499.0,LAX,PSD
11922,42502.0,LAX,UVS
11923,42523.0,LAX,LGB
11924,42531.0,LAX,PSD
11925,42536.0,LAX,WDHL
11926,42545.0,LAX,HWD
11927,42559.0,LAX,LGB
11928,42579.0,LAX,HWD
11929,42581.0,LAX,DTLA
11930,42589.0,LAX,LGB
11931,42591.0,LAX,ANH
11932,42598.0,LAX,BVH
11933,42600.0,LAX,ANH
11934,42601.0,LAX,LGB
11935,42604.0,LAX,HWD
11936,42651.0,LAX,DTLA
11937,42656.0,LAX,UVS
11938,42662.0,LAX,PSD
11939,42683.0,LAX,BVH
11940,42702.0,LAX,LGB
11941,42736.0,LAX,ANH
11942,42741.0,LAX,ANH
11943,42744.0,LAX,DTLA
11944,42744.0,LAX,ANH
11945,42750.0,LAX,UVS
11946,42756.0,LAX,DTLA
11947,42763.0,LAX,ANH
11948,42764.0,LAX,DTLA
11949,42775.0,LAX,ANH
11950,42798.0,LAX,ANH
11951,42843.0,LAX,BVH
11952,42850.0,LAX,LGB
11953,42871.0,LAX,PSD
11954,42928.0,LAX,PSD
11955,42962.0,LAX,BVH
11956,43001.0,LAX,HWD
11957,43002.0,LAX,DTLA
11958,43015.0,LAX,LGB
11959,43054.0,LAX,ANH
11960,43067.0,LAX,LGB
11961,43070.0,LAX,DTLA
11962,43077.0,LAX,HWD
11963,43103.0,LAX,ANH
11964,43109.0,LAX,HWD
11965,43109.0,LAX,PSD
11966,43122.0,LAX,LGB
11967,43125.0,LAX,BVH
11968,43126.0,LAX,ANH
11969,43131.0,LAX,DTLA
11970,43141.0,LAX,UVS
11971,43146.0,LAX,ANH
11972,43154.0,LAX,DTLA
11973,43155.0,LAX,PSD
11974,43162.0,LAX,LGB
11975,43163.0,LAX,HWD
11976,43167.0,LAX,BVH
11977,43181.0,LAX,HWD
11978,43184.0,LAX,HWD
11979,43186.0,LAX,WDHL
11980,43193.0,LAX,PSD
11981,43196.0,LAX,DTLA
11982,43202.0,LAX,UVS
11983,43211.0,LAX,DTLA
11984,43217.0,LAX,UVS
11985,43258.0,LAX,ANH
11986,43267.0,LAX,PSD
11987,43280.0,LAX,DTLA
11988,43281.0,LAX,DTLA
11989,43311.0,LAX,LGB
11990,43314.0,LAX,ANH
11991,43317.0,LAX,PSD
11992,43317.0,LAX,WDHL
11993,43334.0,LAX,UVS
11994,43334.0,LAX,ANH
11995,43344.0,LAX,DTLA
11996,43347.0,LAX,ANH
11997,43366.0,LAX,BVH
11998,43366.0,LAX,DTLA
11999,43369.0,LAX,PSD
12000,43383.0,LAX,PSD
12001,43397.0,LAX,DTLA
12002,43432.0,LAX,DTLA
12003,43435.0,LAX,LGB
12004,43450.0,LAX,ANH
12005,43467.0,LAX,HWD
12006,43489.0,LAX,DTLA
12007,43508.0,LAX,DTLA
12008,43509.0,LAX,DTLA
12009,43510.0,LAX,ANH
12010,43578.0,LAX,PSD
12011,43646.0,LAX,DTLA
12012,43692.0,LAX,WDHL
12013,43695.0,LAX,ANH
12014,43700.0,LAX,DTLA
12015,43728.0,LAX,ANH
12016,43752.0,LAX,PSD
12017,43767.0,LAX,DTLA
12018,43767.0,LAX,HWD
12019,43782.0,LAX,LGB
12020,43811.0,LAX,HWD
12021,43813.0,LAX,DTLA
12022,43826.0,LAX,LGB
12023,43829.0,LAX,LGB
12024,43831.0,LAX,HWD
12025,43852.0,LAX,UVS
12026,43853.0,LAX,LGB
12027,43858.0,LAX,WDHL
12028,43863.0,LAX,DTLA
12029,43868.0,LAX,ANH
12030,43869.0,LAX,ANH
12031,43872.0,LAX,WDHL
12032,43877.0,LAX,PSD
12033,43889.0,LAX,PSD
12034,43901.0,LAX,ANH
12035,43905.0,LAX,HWD
12036,43908.0,LAX,DTLA
12037,43910.0,LAX,ANH
12038,43910.0,LAX,HWD
12039,43920.0,LAX,HWD
12040,43922.0,LAX,ANH
12041,43926.0,LAX,DTLA
12042,43929.0,LAX,DTLA
12043,43929.0,LAX,PSD
12044,43944.0,LAX,BVH
12045,43947.0,LAX,DTLA
12046,43954.0,LAX,PSD
12047,43963.0,LAX,UVS
12048,43965.0,LAX,WDHL
12049,43972.0,LAX,HWD
12050,43979.0,LAX,HWD
12051,43982.0,LAX,LGB
12052,43985.0,LAX,ANH
12053,43985.0,LAX,DTLA
12054,43996.0,LAX,LGB
12055,43997.0,LAX,ANH
12056,44017.0,LAX,UVS
12057,44026.0,LAX,DTLA
12058,44027.0,LAX,UVS
12059,44037.0,LAX,ANH
12060,44096.0,LAX,DTLA
12061,44103.0,LAX,PSD
12062,44106.0,LAX,DTLA
12063,44116.0,LAX,HWD
12064,44148.0,LAX,BVH
12065,44166.0,LAX,DTLA
12066,44180.0,LAX,LGB
12067,44180.0,LAX,LGB
12068,44186.0,LAX,LGB
12069,44187.0,LAX,HWD
12070,44209.0,LAX,BVH
12071,44221.0,LAX,BVH
12072,44245.0,LAX,LGB
12073,44246.0,LAX,PSD
12074,44253.0,LAX,ANH
12075,44263.0,LAX,PSD
12076,44264.0,LAX,BVH
12077,44270.0,LAX,HWD
12078,44270.0,LAX,DTLA
12079,44276.0,LAX,PSD
12080,44277.0,LAX,LGB
12081,44277.0,LAX,DTLA
12082,44286.0,LAX,UVS
12083,44303.0,LAX,DTLA
12084,44312.0,LAX,BVH
12085,44317.0,LAX,PSD
12086,44319.0,LAX,HWD
12087,44320.0,LAX,HWD
12088,44322.0,LAX,UVS
12089,44327.0,LAX,WDHL
12090,44329.0,LAX,HWD
12091,44338.0,LAX,WDHL
12092,44354.0,LAX,DTLA
12093,44359.0,LAX,UVS
12094,44394.0,LAX,LGB
12095,44412.0,LAX,LGB
12096,44420.0,LAX,HWD
12097,44429.0,LAX,LGB
12098,44449.0,LAX,ANH
12099,44472.0,LAX,PSD
12100,44487.0,LAX,BVH
12101,44487.0,LAX,HWD
12102,44497.0,LAX,LGB
12103,44527.0,LAX,ANH
12104,44530.0,LAX,DTLA
12105,44532.0,LAX,DTLA
12106,44546.0,LAX,ANH
12107,44554.0,LAX,LGB
12108,44556.0,LAX,HWD
12109,44565.0,LAX,LGB
12110,44576.0,LAX,ANH
12111,44581.0,LAX,WDHL
12112,44583.0,LAX,LGB
12113,44585.0,LAX,DTLA
12114,44597.0,LAX,UVS
12115,44617.0,LAX,HWD
12116,44633.0,LAX,HWD
12117,44643.0,LAX,DTLA
12118,44650.0,LAX,HWD
12119,44661.0,LAX,ANH
12120,44674.0,LAX,ANH
12121,44700.0,LAX,HWD
12122,44704.0,LAX,LGB
12123,44748.0,LAX,PSD
12124,44756.0,LAX,LGB
12125,44785.0,LAX,ANH
12126,44785.0,LAX,DTLA
12127,44786.0,LAX,BVH
12128,44790.0,LAX,ANH
12129,44793.0,LAX,UVS
12130,44803.0,LAX,ANH
12131,44808.0,LAX,HWD
12132,44816.0,LAX,WDHL
12133,44821.0,LAX,ANH
12134,44826.0,LAX,DTLA
12135,44841.0,LAX,BVH
12136,44851.0,LAX,ANH
12137,44852.0,LAX,PSD
12138,44854.0,LAX,UVS
12139,44859.0,LAX,PSD
12140,44859.0,LAX,ANH
12141,44862.0,LAX,PSD
12142,44864.0,LAX,LGB
12143,44864.0,LAX,ANH
12144,44867.0,LAX,PSD
12145,44871.0,LAX,DTLA
12146,44878.0,LAX,DTLA
12147,44895.0,LAX,ANH
12148,44914.0,LAX,HWD
12149,44924.0,LAX,DTLA
12150,44929.0,LAX,ANH
12151,44933.0,LAX,HWD
12152,44934.0,LAX,LGB
12153,44936.0,LAX,LGB
12154,44938.0,LAX,HWD
12155,44939.0,LAX,ANH
12156,44957.0,LAX,HWD
12157,44958.0,LAX,PSD
12158,44962.0,LAX,ANH
12159,44970.0,LAX,BVH
12160,44973.0,LAX,WDHL
12161,44979.0,LAX,LGB
12162,44993.0,LAX,DTLA
12163,44996.0,LAX,ANH
12164,45003.0,LAX,UVS
12165,45006.0,LAX,DTLA
12166,45011.0,LAX,LGB
12167,45012.0,LAX,PSD
12168,45015.0,LAX,UVS
12169,45024.0,LAX,LGB
12170,45031.0,LAX,LGB
12171,45032.0,LAX,LGB
12172,45036.0,LAX,HWD
12173,45040.0,LAX,ANH
12174,45040.0,LAX,LGB
12175,45042.0,LAX,DTLA
12176,45042.0,LAX,DTLA
12177,45044.0,LAX,DTLA
12178,45044.0,LAX,DTLA
12179,45046.0,LAX,HWD
12180,45051.0,LAX,DTLA
12181,45052.0,LAX,DTLA
12182,45057.0,LAX,PSD
12183,45060.0,LAX,ANH
12184,45063.0,LAX,DTLA
12185,45064.0,LAX,ANH
12186,45074.0,LAX,PSD
12187,45089.0,LAX,BVH
12188,45094.0,LAX,BVH
12189,45103.0,LAX,ANH
12190,45107.0,LAX,LGB
12191,45108.0,LAX,ANH
12192,45111.0,LAX,PSD
12193,45116.0,LAX,DTLA
12194,45121.0,LAX,WDHL
12195,45124.0,LAX,LGB
12196,45146.0,LAX,HWD
12197,45149.0,LAX,LGB
12198,45149.0,LAX,HWD
12199,45167.0,LAX,DTLA
12200,45171.0,LAX,BVH
12201,45181.0,LAX,BVH
12202,45203.0,LAX,ANH
12203,45204.0,LAX,DTLA
12204,45210.0,LAX,HWD
12205,45211.0,LAX,HWD
12206,45212.0,LAX,DTLA
12207,45214.0,LAX,LGB
12208,45214.0,LAX,WDHL
12209,45233.0,LAX,LGB
12210,45239.0,LAX,BVH
12211,45256.0,LAX,ANH
12212,45259.0,LAX,PSD
12213,45325.0,LAX,ANH
12214,45340.0,LAX,WDHL
12215,45351.0,LAX,DTLA
12216,45353.0,LAX,BVH
12217,45355.0,LAX,DTLA
12218,45362.0,LAX,DTLA
12219,45364.0,LAX,HWD
12220,45370.0,LAX,ANH
12221,45374.0,LAX,ANH
12222,45379.0,LAX,ANH
12223,45387.0,LAX,HWD
12224,45402.0,LAX,ANH
12225,45407.0,LAX,HWD
12226,45411.0,LAX,ANH
12227,45421.0,LAX,DTLA
12228,45437.0,LAX,HWD
12229,45451.0,LAX,BVH
12230,45484.0,LAX,WDHL
12231,45498.0,LAX,HWD
12232,45503.0,LAX,ANH
12233,45510.0,LAX,ANH
12234,45524.0,LAX,ANH
12235,45528.0,LAX,ANH
12236,45530.0,LAX,LGB
12237,45537.0,LAX,UVS
12238,45585.0,LAX,BVH
12239,45586.0,LAX,UVS
12240,45588.0,LAX,ANH
12241,45594.0,LAX,WDHL
12242,45620.0,LAX,HWD
12243,45623.0,LAX,PSD
12244,45628.0,LAX,LGB
12245,45638.0,LAX,LGB
12246,45640.0,LAX,LGB
12247,45640.0,LAX,HWD
12248,45656.0,LAX,ANH
12249,45667.0,LAX,ANH
12250,45670.0,LAX,PSD
12251,45670.0,LAX,DTLA
12252,45671.0,LAX,LGB
12253,45672.0,LAX,PSD
12254,45683.0,LAX,ANH
12255,45685.0,LAX,DTLA
12256,45694.0,LAX,DTLA
12257,45697.0,LAX,LGB
12258,45703.0,LAX,DTLA
12259,45709.0,LAX,PSD
12260,45715.0,LAX,LGB
12261,45716.0,LAX,HWD
12262,45716.0,LAX,DTLA
12263,45718.0,LAX,ANH
12264,45720.0,LAX,HWD
12265,45736.0,LAX,WDHL
12266,45738.0,LAX,DTLA
12267,45739.0,LAX,DTLA
12268,45749.0,LAX,DTLA
12269,45750.0,LAX,LGB
12270,45755.0,LAX,ANH
12271,45764.0,LAX,BVH
12272,45768.0,LAX,BVH
12273,45770.0,LAX,PSD
12274,45812.0,LAX,HWD
12275,45818.0,LAX,PSD
12276,45825.0,LAX,LGB
12277,45825.0,LAX,HWD
12278,45839.0,LAX,LGB
12279,45847.0,LAX,LGB
12280,45860.0,LAX,ANH
12281,45867.0,LAX,DTLA
12282,45868.0,LAX,DTLA
12283,45887.0,LAX,PSD
12284,45915.0,LAX,ANH
12285,45915.0,LAX,ANH
12286,45925.0,LAX,HWD
12287,45933.0,LAX,UVS
12288,45945.0,LAX,PSD
12289,45971.0,LAX,DTLA
12290,45984.0,LAX,LGB
12291,45990.0,LAX,ANH
12292,45990.0,LAX,PSD
12293,45991.0,LAX,LGB
12294,46034.0,LAX,LGB
12295,46049.0,LAX,ANH
12296,46089.0,LAX,PSD
12297,46101.0,LAX,WDHL
12298,46108.0,LAX,UVS
12299,46128.0,LAX,WDHL
12300,46128.0,LAX,WDHL
12301,46130.0,LAX,UVS
12302,46132.0,LAX,HWD
12303,46133.0,LAX,UVS
12304,46140.0,LAX,DTLA
12305,46160.0,LAX,PSD
12306,46161.0,LAX,ANH
12307,46172.0,LAX,ANH
12308,46173.0,LAX,BVH
12309,46183.0,LAX,PSD
12310,46186.0,LAX,DTLA
12311,46194.0,LAX,PSD
12312,46195.0,LAX,LGB
12313,46212.0,LAX,DTLA
12314,46214.0,LAX,PSD
12315,46214.0,LAX,DTLA
12316,46234.0,LAX,LGB
12317,46241.0,LAX,ANH
12318,46242.0,LAX,ANH
12319,46245.0,LAX,ANH
12320,46247.0,LAX,BVH
12321,46279.0,LAX,ANH
12322,46296.0,LAX,WDHL
12323,46377.0,LAX,ANH
12324,46439.0,LAX,BVH
12325,46448.0,LAX,UVS
12326,46457.0,LAX,HWD
12327,46465.0,LAX,PSD
12328,46479.0,LAX,DTLA
12329,46484.0,LAX,BVH
12330,46489.0,LAX,HWD
12331,46497.0,LAX,HWD
12332,46518.0,LAX,DTLA
12333,46523.0,LAX,DTLA
12334,46525.0,LAX,HWD
12335,46531.0,LAX,DTLA
12336,46533.0,LAX,HWD
12337,46540.0,LAX,BVH
12338,46545.0,LAX,DTLA
12339,46551.0,LAX,PSD
12340,46552.0,LAX,DTLA
12341,46553.0,LAX,PSD
12342,46555.0,LAX,HWD
12343,46564.0,LAX,BVH
12344,46567.0,LAX,BVH
12345,46570.0,LAX,ANH
12346,46570.0,LAX,DTLA
12347,46572.0,LAX,PSD
12348,46587.0,LAX,ANH
12349,46594.0,LAX,ANH
12350,46606.0,LAX,DTLA
12351,46610.0,LAX,LGB
12352,46623.0,LAX,ANH
12353,46624.0,LAX,HWD
12354,46630.0,LAX,DTLA
12355,46634.0,LAX,DTLA
12356,46639.0,LAX,LGB
12357,46642.0,LAX,BVH
12358,46645.0,LAX,ANH
12359,46648.0,LAX,ANH
12360,46649.0,LAX,PSD
12361,46656.0,LAX,HWD
12362,46656.0,LAX,ANH
12363,46657.0,LAX,DTLA
12364,46660.0,LAX,PSD
12365,46667.0,LAX,LGB
12366,46668.0,LAX,DTLA
12367,46669.0,LAX,ANH
12368,46673.0,LAX,WDHL
12369,46674.0,LAX,ANH
12370,46676.0,LAX,HWD
12371,46685.0,LAX,HWD
12372,46686.0,LAX,HWD
12373,46696.0,LAX,HWD
12374,46705.0,LAX,DTLA
12375,46706.0,LAX,ANH
12376,46707.0,LAX,BVH
12377,46712.0,LAX,DTLA
12378,46725.0,LAX,ANH
12379,46744.0,LAX,DTLA
12380,46745.0,LAX,ANH
12381,46759.0,LAX,ANH
12382,46763.0,LAX,PSD
12383,46768.0,LAX,LGB
12384,46769.0,LAX,LGB
12385,46791.0,LAX,BVH
12386,46818.0,LAX,ANH
12387,46821.0,LAX,ANH
12388,46829.0,LAX,LGB
12389,46834.0,LAX,ANH
12390,46838.0,LAX,HWD
12391,46841.0,LAX,ANH
12392,46865.0,LAX,DTLA
12393,46866.0,LAX,LGB
12394,46871.0,LAX,BVH
12395,46871.0,LAX,DTLA
12396,46873.0,LAX,HWD
12397,46885.0,LAX,DTLA
12398,46886.0,LAX,BVH
12399,46895.0,LAX,HWD
12400,46897.0,LAX,BVH
12401,46900.0,LAX,DTLA
12402,46904.0,LAX,HWD
12403,46904.0,LAX,DTLA
12404,46910.0,LAX,ANH
12405,46915.0,LAX,BVH
12406,46917.0,LAX,UVS
12407,46918.0,LAX,BVH
12408,46925.0,LAX,DTLA
12409,46927.0,LAX,ANH
12410,46938.0,LAX,PSD
12411,46942.0,LAX,DTLA
12412,46950.0,LAX,ANH
12413,46956.0,LAX,DTLA
12414,46956.0,LAX,HWD
12415,46959.0,LAX,PSD
12416,46959.0,LAX,LGB
12417,46963.0,LAX,ANH
12418,46975.0,LAX,LGB
12419,46980.0,LAX,BVH
12420,46994.0,LAX,WDHL
12421,47002.0,LAX,BVH
12422,47005.0,LAX,WDHL
12423,47012.0,LAX,LGB
12424,47033.0,LAX,DTLA
12425,47034.0,LAX,WDHL
12426,47034.0,LAX,DTLA
12427,47038.0,LAX,WDHL
12428,47039.0,LAX,HWD
12429,47042.0,LAX,LGB
12430,47043.0,LAX,DTLA
12431,47047.0,LAX,BVH
12432,47056.0,LAX,ANH
12433,47060.0,LAX,DTLA
12434,47061.0,LAX,ANH
12435,47064.0,LAX,BVH
12436,47064.0,LAX,ANH
12437,47066.0,LAX,ANH
12438,47067.0,LAX,DTLA
12439,47071.0,LAX,ANH
12440,47082.0,LAX,DTLA
12441,47086.0,LAX,ANH
12442,47089.0,LAX,UVS
12443,47106.0,LAX,ANH
12444,47110.0,LAX,LGB
12445,47110.0,LAX,LGB
12446,47111.0,LAX,LGB
12447,47117.0,LAX,HWD
12448,47127.0,LAX,UVS
12449,47129.0,LAX,HWD
12450,47132.0,LAX,ANH
12451,47138.0,LAX,HWD
12452,47145.0,LAX,DTLA
12453,47150.0,LAX,DTLA
12454,47150.0,LAX,WDHL
12455,47151.0,LAX,ANH
12456,47154.0,LAX,PSD
12457,47155.0,LAX,LGB
12458,47156.0,LAX,DTLA
12459,47157.0,LAX,HWD
12460,47159.0,LAX,HWD
12461,47161.0,LAX,LGB
12462,47167.0,LAX,DTLA
12463,47173.0,LAX,UVS
12464,47177.0,LAX,WDHL
12465,47184.0,LAX,HWD
12466,47187.0,LAX,WDHL
12467,47197.0,LAX,LGB
12468,47199.0,LAX,DTLA
12469,47203.0,LAX,HWD
12470,47207.0,LAX,PSD
12471,47210.0,LAX,UVS
12472,47210.0,LAX,HWD
12473,47216.0,LAX,DTLA
12474,47229.0,LAX,DTLA
12475,47230.0,LAX,ANH
12476,47236.0,LAX,PSD
12477,47236.0,LAX,HWD
12478,47255.0,LAX,HWD
12479,47292.0,LAX,DTLA
12480,47303.0,LAX,ANH
12481,47336.0,LAX,HWD
12482,47338.0,LAX,DTLA
12483,47340.0,LAX,HWD
12484,47351.0,LAX,BVH
12485,47369.0,LAX,PSD
12486,47370.0,LAX,ANH
12487,47405.0,LAX,HWD
12488,47437.0,LAX,UVS
12489,47440.0,LAX,DTLA
12490,47441.0,LAX,LGB
12491,47447.0,LAX,LGB
12492,47483.0,LAX,ANH
12493,47495.0,LAX,WDHL
12494,47539.0,LAX,BVH
12495,47540.0,LAX,HWD
12496,47564.0,LAX,DTLA
12497,47573.0,LAX,WDHL
12498,47574.0,LAX,UVS
12499,47584.0,LAX,LGB
12500,47586.0,LAX,DTLA
12501,47586.0,LAX,BVH
12502,47588.0,LAX,PSD
12503,47589.0,LAX,BVH
12504,47592.0,LAX,DTLA
12505,47598.0,LAX,ANH
12506,47599.0,LAX,DTLA
12507,47603.0,LAX,DTLA
12508,47610.0,LAX,DTLA
12509,47615.0,LAX,DTLA
12510,47616.0,LAX,BVH
12511,47619.0,LAX,DTLA
12512,47622.0,LAX,DTLA
12513,47627.0,LAX,BVH
12514,47629.0,LAX,ANH
12515,47631.0,LAX,DTLA
12516,47633.0,LAX,LGB
12517,47655.0,LAX,HWD
12518,47667.0,LAX,ANH
12519,47668.0,LAX,UVS
12520,47668.0,LAX,HWD
12521,47669.0,LAX,DTLA
12522,47673.0,LAX,HWD
12523,47683.0,LAX,ANH
12524,47686.0,LAX,WDHL
12525,47704.0,LAX,LGB
12526,47707.0,LAX,ANH
12527,47711.0,LAX,HWD
12528,47712.0,LAX,LGB
12529,47716.0,LAX,ANH
12530,47718.0,LAX,ANH
12531,47724.0,LAX,LGB
12532,47726.0,LAX,HWD
12533,47727.0,LAX,HWD
12534,47738.0,LAX,BVH
12535,47745.0,LAX,PSD
12536,47747.0,LAX,BVH
12537,47747.0,LAX,ANH
12538,47754.0,LAX,LGB
12539,47754.0,LAX,DTLA
12540,47758.0,LAX,HWD
12541,47763.0,LAX,ANH
12542,47765.0,LAX,BVH
12543,47773.0,LAX,PSD
12544,47773.0,LAX,DTLA
12545,47778.0,LAX,DTLA
12546,47780.0,LAX,ANH
12547,47782.0,LAX,PSD
12548,47786.0,LAX,DTLA
12549,47801.0,LAX,WDHL
12550,47805.0,LAX,HWD
12551,47806.0,LAX,WDHL
12552,47809.0,LAX,LGB
12553,47812.0,LAX,ANH
12554,47813.0,LAX,HWD
12555,47816.0,LAX,LGB
12556,47820.0,LAX,ANH
12557,47823.0,LAX,HWD
12558,47830.0,LAX,DTLA
12559,47833.0,LAX,DTLA
12560,47836.0,LAX,LGB
12561,47839.0,LAX,BVH
12562,47840.0,LAX,LGB
12563,47850.0,LAX,DTLA
12564,47869.0,LAX,UVS
12565,47871.0,LAX,ANH
12566,47878.0,LAX,DTLA
12567,47886.0,LAX,DTLA
12568,47887.0,LAX,UVS
12569,47897.0,LAX,ANH
12570,47901.0,LAX,ANH
12571,47901.0,LAX,UVS
12572,47908.0,LAX,LGB
12573,47918.0,LAX,LGB
12574,47919.0,LAX,HWD
12575,47924.0,LAX,LGB
12576,47930.0,LAX,DTLA
12577,47931.0,LAX,UVS
12578,47937.0,LAX,ANH
12579,47963.0,LAX,HWD
12580,47966.0,LAX,DTLA
12581,47967.0,LAX,ANH
12582,47967.0,LAX,ANH
12583,47977.0,LAX,ANH
12584,47983.0,LAX,PSD
12585,47993.0,LAX,HWD
12586,48018.0,LAX,BVH
12587,48042.0,LAX,WDHL
12588,48059.0,LAX,BVH
12589,48065.0,LAX,ANH
12590,48065.0,LAX,ANH
12591,48071.0,LAX,DTLA
12592,48082.0,LAX,LGB
12593,48085.0,LAX,LGB
12594,48085.0,LAX,ANH
12595,48088.0,LAX,UVS
12596,48091.0,LAX,HWD
12597,48110.0,LAX,HWD
12598,48111.0,LAX,ANH
12599,48125.0,LAX,WDHL
12600,48126.0,LAX,UVS
12601,48158.0,LAX,HWD
12602,48176.0,LAX,LGB
12603,48177.0,LAX,DTLA
12604,48186.0,LAX,DTLA
12605,48186.0,LAX,ANH
12606,48190.0,LAX,DTLA
12607,48196.0,LAX,DTLA
12608,48197.0,LAX,LGB
12609,48217.0,LAX,ANH
12610,48218.0,LAX,HWD
12611,48229.0,LAX,WDHL
12612,48236.0,LAX,ANH
12613,48243.0,LAX,WDHL
12614,48248.0,LAX,LGB
12615,48250.0,LAX,DTLA
12616,48252.0,LAX,UVS
12617,48255.0,LAX,PSD
12618,48261.0,LAX,PSD
12619,48262.0,LAX,DTLA
12620,48263.0,LAX,LGB
12621,48268.0,LAX,WDHL
12622,48275.0,LAX,HWD
12623,48276.0,LAX,HWD
12624,48306.0,LAX,ANH
12625,48307.0,LAX,DTLA
12626,48317.0,LAX,PSD
12627,48320.0,LAX,PSD
12628,48334.0,LAX,HWD
12629,48334.0,LAX,LGB
12630,48337.0,LAX,ANH
12631,48341.0,LAX,ANH
12632,48346.0,LAX,DTLA
12633,48348.0,LAX,DTLA
12634,48358.0,LAX,ANH
12635,48362.0,LAX,PSD
12636,48368.0,LAX,HWD
12637,48423.0,LAX,BVH
12638,48455.0,LAX,DTLA
12639,48461.0,LAX,BVH
12640,48517.0,LAX,HWD
12641,48562.0,LAX,UVS
12642,48590.0,LAX,ANH
12643,48605.0,LAX,DTLA
12644,48612.0,LAX,DTLA
12645,48621.0,LAX,DTLA
12646,48626.0,LAX,LGB
12647,48627.0,LAX,ANH
12648,48631.0,LAX,PSD
12649,48634.0,LAX,PSD
12650,48655.0,LAX,LGB
12651,48658.0,LAX,ANH
12652,48660.0,LAX,BVH
12653,48662.0,LAX,DTLA
12654,48666.0,LAX,DTLA
12655,48671.0,LAX,BVH
12656,48689.0,LAX,DTLA
12657,48689.0,LAX,HWD
12658,48706.0,LAX,ANH
12659,48711.0,LAX,DTLA
12660,48730.0,LAX,UVS
12661,48738.0,LAX,ANH
12662,48740.0,LAX,BVH
12663,48744.0,LAX,HWD
12664,48746.0,LAX,UVS
12665,48746.0,LAX,DTLA
12666,48746.0,LAX,HWD
12667,48746.0,LAX,UVS
12668,48752.0,LAX,HWD
12669,48753.0,LAX,BVH
12670,48754.0,LAX,BVH
12671,48758.0,LAX,HWD
12672,48758.0,LAX,ANH
12673,48763.0,LAX,ANH
12674,48778.0,LAX,ANH
12675,48791.0,LAX,LGB
12676,48797.0,LAX,DTLA
12677,48809.0,LAX,DTLA
12678,48818.0,LAX,UVS
12679,48822.0,LAX,DTLA
12680,48831.0,LAX,ANH
12681,48837.0,LAX,HWD
12682,48893.0,LAX,BVH
12683,48906.0,LAX,LGB
12684,48908.0,LAX,HWD
12685,48931.0,LAX,ANH
12686,48954.0,LAX,PSD
12687,48968.0,LAX,ANH
12688,48984.0,LAX,DTLA
12689,49027.0,LAX,BVH
12690,49031.0,LAX,ANH
12691,49044.0,LAX,ANH
12692,49047.0,LAX,ANH
12693,49050.0,LAX,HWD
12694,49054.0,LAX,ANH
12695,49071.0,LAX,DTLA
12696,49074.0,LAX,ANH
12697,49078.0,LAX,HWD
12698,49096.0,LAX,HWD
12699,49102.0,LAX,LGB
12700,49107.0,LAX,HWD
12701,49108.0,LAX,HWD
12702,49108.0,LAX,PSD
12703,49112.0,LAX,UVS
12704,49117.0,LAX,WDHL
12705,49120.0,LAX,DTLA
12706,49128.0,LAX,WDHL
12707,49157.0,LAX,HWD
12708,49169.0,LAX,BVH
12709,49170.0,LAX,BVH
12710,49173.0,LAX,ANH
12711,49173.0,LAX,DTLA
12712,49179.0,LAX,ANH
12713,49180.0,LAX,HWD
12714,49190.0,LAX,DTLA
12715,49191.0,LAX,DTLA
12716,49198.0,LAX,BVH
12717,49200.0,LAX,UVS
12718,49205.0,LAX,PSD
12719,49207.0,LAX,UVS
12720,49210.0,LAX,HWD
12721,49212.0,LAX,BVH
12722,49215.0,LAX,DTLA
12723,49219.0,LAX,LGB
12724,49219.0,LAX,BVH
12725,49220.0,LAX,DTLA
12726,49233.0,LAX,DTLA
12727,49233.0,LAX,HWD
12728,49249.0,LAX,DTLA
12729,49252.0,LAX,ANH
12730,49275.0,LAX,DTLA
12731,49288.0,LAX,ANH
12732,49293.0,LAX,PSD
12733,49309.0,LAX,BVH
12734,49321.0,LAX,LGB
12735,49341.0,LAX,ANH
12736,49342.0,LAX,DTLA
12737,49364.0,LAX,PSD
12738,49384.0,LAX,DTLA
12739,49387.0,LAX,ANH
12740,49389.0,LAX,UVS
12741,49403.0,LAX,PSD
12742,49411.0,LAX,ANH
12743,49414.0,LAX,PSD
12744,49418.0,LAX,LGB
12745,49424.0,LAX,HWD
12746,49444.0,LAX,ANH
12747,49462.0,LAX,DTLA
12748,49462.0,LAX,DTLA
12749,49482.0,LAX,LGB
12750,49487.0,LAX,DTLA
12751,49493.0,LAX,UVS
12752,49494.0,LAX,PSD
12753,49499.0,LAX,LGB
12754,49503.0,LAX,DTLA
12755,49507.0,LAX,DTLA
12756,49551.0,LAX,HWD
12757,49557.0,LAX,BVH
12758,49558.0,LAX,UVS
12759,49560.0,LAX,DTLA
12760,49564.0,LAX,ANH
12761,49570.0,LAX,UVS
12762,49575.0,LAX,UVS
12763,49576.0,LAX,DTLA
12764,49582.0,LAX,HWD
12765,49586.0,LAX,ANH
12766,49588.0,LAX,ANH
12767,49592.0,LAX,DTLA
12768,49596.0,LAX,BVH
12769,49597.0,LAX,UVS
12770,49610.0,LAX,ANH
12771,49613.0,LAX,HWD
12772,49613.0,LAX,WDHL
12773,49627.0,LAX,ANH
12774,49635.0,LAX,HWD
12775,49639.0,LAX,DTLA
12776,49645.0,LAX,LGB
12777,49648.0,LAX,LGB
12778,49649.0,LAX,ANH
12779,49650.0,LAX,DTLA
12780,49652.0,LAX,UVS
12781,49652.0,LAX,ANH
12782,49658.0,LAX,HWD
12783,49662.0,LAX,DTLA
12784,49665.0,LAX,DTLA
12785,49668.0,LAX,WDHL
12786,49668.0,LAX,ANH
12787,49673.0,LAX,HWD
12788,49676.0,LAX,DTLA
12789,49685.0,LAX,PSD
12790,49695.0,LAX,DTLA
12791,49695.0,LAX,DTLA
12792,49696.0,LAX,DTLA
12793,49697.0,LAX,ANH
12794,49697.0,LAX,HWD
12795,49698.0,LAX,PSD
12796,49698.0,LAX,PSD
12797,49700.0,LAX,LGB
12798,49704.0,LAX,HWD
12799,49707.0,LAX,LGB
12800,49709.0,LAX,HWD
12801,49709.0,LAX,DTLA
12802,49715.0,LAX,HWD
12803,49717.0,LAX,BVH
12804,49718.0,LAX,PSD
12805,49719.0,LAX,BVH
12806,49726.0,LAX,DTLA
12807,49730.0,LAX,ANH
12808,49731.0,LAX,BVH
12809,49731.0,LAX,UVS
12810,49731.0,LAX,ANH
12811,49732.0,LAX,LGB
12812,49734.0,LAX,LGB
12813,49735.0,LAX,WDHL
12814,49737.0,LAX,ANH
12815,49748.0,LAX,PSD
12816,49756.0,LAX,HWD
12817,49756.0,LAX,DTLA
12818,49763.0,LAX,UVS
12819,49779.0,LAX,ANH
12820,49783.0,LAX,HWD
12821,49789.0,LAX,DTLA
12822,49789.0,LAX,PSD
12823,49799.0,LAX,DTLA
12824,49807.0,LAX,HWD
12825,49811.0,LAX,PSD
12826,49823.0,LAX,LGB
12827,49826.0,LAX,UVS
12828,49857.0,LAX,DTLA
12829,49865.0,LAX,HWD
12830,49870.0,LAX,ANH
12831,49904.0,LAX,ANH
12832,49910.0,LAX,HWD
12833,49933.0,LAX,UVS
12834,49936.0,LAX,ANH
12835,49941.0,LAX,LGB
12836,49955.0,LAX,ANH
12837,49968.0,LAX,DTLA
12838,49989.0,LAX,HWD
12839,50319.0,LAX,HWD
12840,50334.0,LAX,LGB
12841,50337.0,LAX,UVS
12842,50341.0,LAX,PSD
12843,50346.0,LAX,DTLA
12844,50399.0,LAX,LGB
12845,50422.0,LAX,BVH
12846,50427.0,LAX,PSD
12847,50434.0,LAX,BVH
12848,50435.0,LAX,DTLA
12849,50459.0,LAX,DTLA
12850,50477.0,LAX,DTLA
12851,50479.0,LAX,ANH
12852,50486.0,LAX,PSD
12853,50487.0,LAX,ANH
12854,50499.0,LAX,DTLA
12855,50506.0,LAX,HWD
12856,50516.0,LAX,DTLA
12857,50520.0,LAX,ANH
12858,50542.0,LAX,BVH
12859,50546.0,LAX,DTLA
12860,50558.0,LAX,ANH
12861,50573.0,LAX,ANH
12862,50575.0,LAX,BVH
12863,50594.0,LAX,BVH
12864,50640.0,LAX,DTLA
12865,50681.0,LAX,ANH
12866,50692.0,LAX,DTLA
12867,50695.0,LAX,HWD
12868,50763.0,LAX,PSD
12869,50766.0,LAX,HWD
12870,50786.0,LAX,DTLA
12871,50843.0,LAX,ANH
12872,50864.0,LAX,LGB
12873,50864.0,LAX,BVH
12874,50881.0,LAX,LGB
12875,50893.0,LAX,HWD
12876,50926.0,LAX,HWD
12877,50935.0,LAX,LGB
12878,50947.0,LAX,LGB
12879,51050.0,LAX,ANH
12880,51069.0,LAX,DTLA
12881,51079.0,LAX,DTLA
12882,51092.0,LAX,UVS
12883,51099.0,LAX,HWD
12884,51112.0,LAX,ANH
12885,51133.0,LAX,DTLA
12886,51135.0,LAX,BVH
12887,51139.0,LAX,LGB
12888,51147.0,LAX,DTLA
12889,51154.0,LAX,DTLA
12890,51159.0,LAX,PSD
12891,51162.0,LAX,LGB
12892,51168.0,LAX,BVH
12893,51185.0,LAX,HWD
12894,51203.0,LAX,HWD
12895,51209.0,LAX,ANH
12896,51218.0,LAX,ANH
12897,51219.0,LAX,DTLA
12898,51225.0,LAX,DTLA
12899,51226.0,LAX,ANH
12900,51231.0,LAX,DTLA
12901,51233.0,LAX,ANH
12902,51235.0,LAX,DTLA
12903,51243.0,LAX,BVH
12904,51246.0,LAX,HWD
12905,51247.0,LAX,ANH
12906,51252.0,LAX,BVH
12907,51257.0,LAX,DTLA
12908,51259.0,LAX,HWD
12909,51260.0,LAX,ANH
12910,51265.0,LAX,BVH
12911,51268.0,LAX,WDHL
12912,51272.0,LAX,ANH
12913,51276.0,LAX,LGB
12914,51279.0,LAX,BVH
12915,51283.0,LAX,DTLA
12916,51287.0,LAX,LGB
12917,51296.0,LAX,UVS
12918,51298.0,LAX,DTLA
12919,51298.0,LAX,ANH
12920,51298.0,LAX,ANH
12921,51302.0,LAX,DTLA
12922,51303.0,LAX,ANH
12923,51311.0,LAX,HWD
12924,51317.0,LAX,HWD
12925,51325.0,LAX,DTLA
12926,51333.0,LAX,ANH
12927,51335.0,LAX,LGB
12928,51345.0,LAX,HWD
12929,51349.0,LAX,ANH
12930,51354.0,LAX,ANH
12931,51361.0,LAX,WDHL
12932,51367.0,LAX,BVH
12933,51369.0,LAX,HWD
12934,51372.0,LAX,ANH
12935,51373.0,LAX,UVS
12936,51379.0,LAX,ANH
12937,51381.0,LAX,HWD
12938,51384.0,LAX,HWD
12939,51394.0,LAX,ANH
12940,51399.0,LAX,BVH
12941,51409.0,LAX,DTLA
12942,51410.0,LAX,HWD
12943,51421.0,LAX,BVH
12944,51423.0,LAX,ANH
12945,51438.0,LAX,DTLA
12946,51440.0,LAX,ANH
12947,51445.0,LAX,BVH
12948,51448.0,LAX,HWD
12949,51449.0,LAX,HWD
12950,51450.0,LAX,HWD
12951,51451.0,LAX,WDHL
12952,51452.0,LAX,BVH
12953,51465.0,LAX,DTLA
12954,51479.0,LAX,HWD
12955,51479.0,LAX,UVS
12956,51481.0,LAX,LGB
12957,51482.0,LAX,DTLA
12958,51489.0,LAX,ANH
12959,51496.0,LAX,DTLA
12960,51501.0,LAX,LGB
12961,51506.0,LAX,ANH
12962,51506.0,LAX,ANH
12963,51512.0,LAX,PSD
12964,51513.0,LAX,DTLA
12965,51517.0,LAX,ANH
12966,51517.0,LAX,DTLA
12967,51521.0,LAX,LGB
12968,51523.0,LAX,LGB
12969,51525.0,LAX,ANH
12970,51529.0,LAX,HWD
12971,51535.0,LAX,WDHL
12972,51535.0,LAX,DTLA
12973,51545.0,LAX,LGB
12974,51546.0,LAX,DTLA
12975,51552.0,LAX,HWD
12976,51552.0,LAX,DTLA
12977,51558.0,LAX,ANH
12978,51561.0,LAX,UVS
12979,51561.0,LAX,WDHL
12980,51563.0,LAX,DTLA
12981,51566.0,LAX,DTLA
12982,51567.0,LAX,PSD
12983,51575.0,LAX,LGB
12984,51579.0,LAX,PSD
12985,51581.0,LAX,LGB
12986,51582.0,LAX,HWD
12987,51590.0,LAX,BVH
12988,51590.0,LAX,DTLA
12989,51601.0,LAX,ANH
12990,51624.0,LAX,ANH
12991,51624.0,LAX,PSD
12992,51628.0,LAX,ANH
12993,51637.0,LAX,BVH
12994,51637.0,LAX,ANH
12995,51637.0,LAX,LGB
12996,51641.0,LAX,HWD
12997,51644.0,LAX,DTLA
12998,51644.0,LAX,DTLA
12999,51651.0,LAX,DTLA
13000,51661.0,LAX,DTLA
13001,51666.0,LAX,WDHL
13002,51668.0,LAX,HWD
13003,51671.0,LAX,ANH
13004,51685.0,LAX,UVS
13005,51722.0,LAX,DTLA
13006,51727.0,LAX,HWD
13007,51729.0,LAX,DTLA
13008,51731.0,LAX,LGB
13009,51732.0,LAX,LGB
13010,51741.0,LAX,DTLA
13011,51742.0,LAX,ANH
13012,51744.0,LAX,HWD
13013,51748.0,LAX,DTLA
13014,51764.0,LAX,BVH
13015,51765.0,LAX,ANH
13016,51765.0,LAX,HWD
13017,51770.0,LAX,ANH
13018,51776.0,LAX,ANH
13019,51786.0,LAX,DTLA
13020,51797.0,LAX,LGB
13021,51797.0,LAX,BVH
13022,51807.0,LAX,DTLA
13023,51810.0,LAX,ANH
13024,51819.0,LAX,ANH
13025,51838.0,LAX,LGB
13026,51840.0,LAX,PSD
13027,51840.0,LAX,DTLA
13028,51851.0,LAX,HWD
13029,51851.0,LAX,WDHL
13030,51864.0,LAX,PSD
13031,51872.0,LAX,PSD
13032,51876.0,LAX,PSD
13033,51885.0,LAX,WDHL
13034,51892.0,LAX,HWD
13035,51899.0,LAX,ANH
13036,51903.0,LAX,HWD
13037,51924.0,LAX,BVH
13038,51938.0,LAX,WDHL
13039,51941.0,LAX,BVH
13040,51947.0,LAX,LGB
13041,51950.0,LAX,PSD
13042,51954.0,LAX,LGB
13043,51972.0,LAX,LGB
13044,51973.0,LAX,LGB
13045,51974.0,LAX,HWD
13046,51975.0,LAX,DTLA
13047,51995.0,LAX,DTLA
13048,52025.0,LAX,HWD
13049,52041.0,LAX,HWD
13050,52058.0,LAX,ANH
13051,52063.0,LAX,LGB
13052,52063.0,LAX,HWD
13053,52063.0,LAX,BVH
13054,52064.0,LAX,HWD
13055,52070.0,LAX,HWD
13056,52079.0,LAX,DTLA
13057,52135.0,LAX,LGB
13058,52138.0,LAX,ANH
13059,52196.0,LAX,BVH
13060,52236.0,LAX,LGB
13061,52265.0,LAX,HWD
13062,52299.0,LAX,LGB
13063,52314.0,LAX,DTLA
13064,52340.0,LAX,DTLA
13065,52343.0,LAX,ANH
13066,52358.0,LAX,LGB
13067,52405.0,LAX,DTLA
13068,52489.0,LAX,HWD
13069,52509.0,LAX,HWD
13070,52603.0,LAX,BVH
13071,52613.0,LAX,HWD
13072,52651.0,LAX,HWD
13073,52715.0,LAX,ANH
13074,52716.0,LAX,PSD
13075,52717.0,LAX,DTLA
13076,52726.0,LAX,LGB
13077,52739.0,LAX,WDHL
13078,52755.0,LAX,ANH
13079,52769.0,LAX,DTLA
13080,52771.0,LAX,DTLA
13081,52781.0,LAX,WDHL
13082,52789.0,LAX,UVS
13083,52791.0,LAX,HWD
13084,52795.0,LAX,ANH
13085,52808.0,LAX,DTLA
13086,52866.0,LAX,ANH
13087,52869.0,LAX,ANH
13088,52871.0,LAX,DTLA
13089,52889.0,LAX,WDHL
13090,52913.0,LAX,BVH
13091,52922.0,LAX,ANH
13092,52937.0,LAX,HWD
13093,52969.0,LAX,UVS
13094,52976.0,LAX,BVH
13095,52980.0,LAX,HWD
13096,52981.0,LAX,ANH
13097,52982.0,LAX,HWD
13098,52995.0,LAX,LGB
13099,52996.0,LAX,BVH
13100,53003.0,LAX,DTLA
13101,53009.0,LAX,PSD
13102,53012.0,LAX,DTLA
13103,53013.0,LAX,ANH
13104,53014.0,LAX,ANH
13105,53017.0,LAX,PSD
13106,53023.0,LAX,ANH
13107,53030.0,LAX,DTLA
13108,53035.0,LAX,UVS
13109,53036.0,LAX,ANH
13110,53043.0,LAX,PSD
13111,53043.0,LAX,DTLA
13112,53049.0,LAX,HWD
13113,53051.0,LAX,HWD
13114,53052.0,LAX,ANH
13115,53055.0,LAX,ANH
13116,53058.0,LAX,BVH
13117,53059.0,LAX,WDHL
13118,53070.0,LAX,HWD
13119,53076.0,LAX,DTLA
13120,53080.0,LAX,LGB
13121,53096.0,LAX,DTLA
13122,53097.0,LAX,DTLA
13123,53099.0,LAX,HWD
13124,53099.0,LAX,ANH
13125,53099.0,LAX,UVS
13126,53101.0,LAX,ANH
13127,53103.0,LAX,DTLA
13128,53110.0,LAX,BVH
13129,53111.0,LAX,LGB
13130,53113.0,LAX,PSD
13131,53122.0,LAX,DTLA
13132,53127.0,LAX,LGB
13133,53132.0,LAX,UVS
13134,53137.0,LAX,ANH
13135,53137.0,LAX,HWD
13136,53138.0,LAX,DTLA
13137,53142.0,LAX,LGB
13138,53142.0,LAX,BVH
13139,53147.0,LAX,ANH
13140,53156.0,LAX,LGB
13141,53157.0,LAX,LGB
13142,53158.0,LAX,PSD
13143,53158.0,LAX,DTLA
13144,53162.0,LAX,ANH
13145,53164.0,LAX,ANH
13146,53167.0,LAX,BVH
13147,53169.0,LAX,ANH
13148,53169.0,LAX,PSD
13149,53172.0,LAX,LGB
13150,53180.0,LAX,BVH
13151,53182.0,LAX,HWD
13152,53183.0,LAX,DTLA
13153,53188.0,LAX,PSD
13154,53200.0,LAX,WDHL
13155,53201.0,LAX,ANH
13156,53206.0,LAX,HWD
13157,53208.0,LAX,ANH
13158,53211.0,LAX,ANH
13159,53212.0,LAX,DTLA
13160,53214.0,LAX,LGB
13161,53214.0,LAX,UVS
13162,53215.0,LAX,LGB
13163,53218.0,LAX,HWD
13164,53220.0,LAX,ANH
13165,53224.0,LAX,DTLA
13166,53225.0,LAX,BVH
13167,53226.0,LAX,LGB
13168,53233.0,LAX,WDHL
13169,53233.0,LAX,HWD
13170,53235.0,LAX,DTLA
13171,53238.0,LAX,WDHL
13172,53243.0,LAX,ANH
13173,53245.0,LAX,LGB
13174,53247.0,LAX,PSD
13175,53251.0,LAX,HWD
13176,53251.0,LAX,DTLA
13177,53251.0,LAX,BVH
13178,53251.0,LAX,ANH
13179,53252.0,LAX,BVH
13180,53260.0,LAX,LGB
13181,53261.0,LAX,DTLA
13182,53266.0,LAX,HWD
13183,53266.0,LAX,LGB
13184,53269.0,LAX,BVH
13185,53277.0,LAX,LGB
13186,53282.0,LAX,ANH
13187,53286.0,LAX,DTLA
13188,53287.0,LAX,ANH
13189,53289.0,LAX,HWD
13190,53293.0,LAX,UVS
13191,53295.0,LAX,LGB
13192,53300.0,LAX,PSD
13193,53307.0,LAX,ANH
13194,53326.0,LAX,PSD
13195,53332.0,LAX,ANH
13196,53333.0,LAX,LGB
13197,53335.0,LAX,HWD
13198,53348.0,LAX,UVS
13199,53350.0,LAX,PSD
13200,53358.0,LAX,BVH
13201,53358.0,LAX,HWD
13202,53375.0,LAX,UVS
13203,53383.0,LAX,BVH
13204,53384.0,LAX,LGB
13205,53386.0,LAX,DTLA
13206,53387.0,LAX,DTLA
13207,53391.0,LAX,BVH
13208,53394.0,LAX,DTLA
13209,53410.0,LAX,ANH
13210,53410.0,LAX,BVH
13211,53418.0,LAX,ANH
13212,53423.0,LAX,HWD
13213,53427.0,LAX,ANH
13214,53427.0,LAX,DTLA
13215,53458.0,LAX,UVS
13216,53464.0,LAX,HWD
13217,53476.0,LAX,LGB
13218,53500.0,LAX,PSD
13219,53531.0,LAX,BVH
13220,53543.0,LAX,DTLA
13221,53547.0,LAX,ANH
13222,53553.0,LAX,BVH
13223,53618.0,LAX,PSD
13224,53648.0,LAX,UVS
13225,53654.0,LAX,LGB
13226,53659.0,LAX,LGB
13227,53661.0,LAX,ANH
13228,53677.0,LAX,DTLA
13229,53689.0,LAX,WDHL
13230,53697.0,LAX,HWD
13231,53702.0,LAX,WDHL
13232,53702.0,LAX,BVH
13233,53707.0,LAX,LGB
13234,53713.0,LAX,HWD
13235,53719.0,LAX,DTLA
13236,53732.0,LAX,DTLA
13237,53734.0,LAX,HWD
13238,53748.0,LAX,DTLA
13239,53756.0,LAX,BVH
13240,53761.0,LAX,BVH
13241,53767.0,LAX,DTLA
13242,53768.0,LAX,DTLA
13243,53772.0,LAX,HWD
13244,53777.0,LAX,HWD
13245,53782.0,LAX,ANH
13246,53785.0,LAX,PSD
13247,53792.0,LAX,ANH
13248,53812.0,LAX,ANH
13249,53835.0,LAX,DTLA
13250,53836.0,LAX,ANH
13251,53839.0,LAX,UVS
13252,53851.0,LAX,HWD
13253,53856.0,LAX,ANH
13254,53857.0,LAX,BVH
13255,53860.0,LAX,PSD
13256,53862.0,LAX,DTLA
13257,53865.0,LAX,PSD
13258,53877.0,LAX,PSD
13259,53877.0,LAX,PSD
13260,53877.0,LAX,HWD
13261,53881.0,LAX,HWD
13262,53891.0,LAX,ANH
13263,53898.0,LAX,DTLA
13264,53904.0,LAX,ANH
13265,53914.0,LAX,LGB
13266,53920.0,LAX,HWD
13267,53927.0,LAX,HWD
13268,53930.0,LAX,LGB
13269,53934.0,LAX,LGB
13270,53941.0,LAX,HWD
13271,53943.0,LAX,HWD
13272,53944.0,LAX,BVH
13273,53945.0,LAX,HWD
13274,53956.0,LAX,DTLA
13275,53958.0,LAX,HWD
13276,53960.0,LAX,LGB
13277,53974.0,LAX,HWD
13278,53975.0,LAX,HWD
13279,53976.0,LAX,DTLA
13280,53980.0,LAX,LGB
13281,53983.0,LAX,BVH
13282,53988.0,LAX,LGB
13283,53995.0,LAX,DTLA
13284,53995.0,LAX,UVS
13285,53997.0,LAX,ANH
13286,54001.0,LAX,LGB
13287,54009.0,LAX,HWD
13288,54010.0,LAX,ANH
13289,54016.0,LAX,DTLA
13290,54018.0,LAX,DTLA
13291,54020.0,LAX,ANH
13292,54020.0,LAX,DTLA
13293,54048.0,LAX,BVH
13294,54056.0,LAX,ANH
13295,54058.0,LAX,HWD
13296,54065.0,LAX,WDHL
13297,54080.0,LAX,HWD
13298,54100.0,LAX,DTLA
13299,54130.0,LAX,WDHL
13300,54141.0,LAX,LGB
13301,54141.0,LAX,LGB
13302,54152.0,LAX,LGB
13303,54158.0,LAX,BVH
13304,54165.0,LAX,DTLA
13305,54185.0,LAX,UVS
13306,54185.0,LAX,WDHL
13307,54194.0,LAX,HWD
13308,54194.0,LAX,LGB
13309,54195.0,LAX,DTLA
13310,54245.0,LAX,HWD
13311,54282.0,LAX,ANH
13312,54282.0,LAX,HWD
13313,54284.0,LAX,DTLA
13314,54285.0,LAX,PSD
13315,54295.0,LAX,WDHL
13316,54319.0,LAX,ANH
13317,54321.0,LAX,ANH
13318,54326.0,LAX,LGB
13319,54338.0,LAX,WDHL
13320,54364.0,LAX,DTLA
13321,54366.0,LAX,LGB
13322,54371.0,LAX,HWD
13323,54376.0,LAX,DTLA
13324,54379.0,LAX,PSD
13325,54383.0,LAX,LGB
13326,54384.0,LAX,PSD
13327,54384.0,LAX,PSD
13328,54393.0,LAX,HWD
13329,54393.0,LAX,HWD
13330,54402.0,LAX,DTLA
13331,54406.0,LAX,LGB
13332,54416.0,LAX,BVH
13333,54420.0,LAX,PSD
13334,54421.0,LAX,BVH
13335,54424.0,LAX,HWD
13336,54427.0,LAX,LGB
13337,54434.0,LAX,PSD
13338,54441.0,LAX,PSD
13339,54443.0,LAX,DTLA
13340,54449.0,LAX,DTLA
13341,54464.0,LAX,WDHL
13342,54469.0,LAX,HWD
13343,54471.0,LAX,HWD
13344,54471.0,LAX,UVS
13345,54473.0,LAX,UVS
13346,54474.0,LAX,DTLA
13347,54477.0,LAX,UVS
13348,54479.0,LAX,BVH
13349,54482.0,LAX,DTLA
13350,54487.0,LAX,LGB
13351,54488.0,LAX,ANH
13352,54492.0,LAX,BVH
13353,54502.0,LAX,PSD
13354,54516.0,LAX,BVH
13355,54525.0,LAX,PSD
13356,54525.0,LAX,DTLA
13357,54527.0,LAX,HWD
13358,54527.0,LAX,LGB
13359,54532.0,LAX,PSD
13360,54533.0,LAX,HWD
13361,54538.0,LAX,PSD
13362,54548.0,LAX,LGB
13363,54549.0,LAX,LGB
13364,54550.0,LAX,DTLA
13365,54553.0,LAX,DTLA
13366,54562.0,LAX,DTLA
13367,54562.0,LAX,PSD
13368,54563.0,LAX,PSD
13369,54567.0,LAX,LGB
13370,54571.0,LAX,HWD
13371,54572.0,LAX,PSD
13372,54573.0,LAX,ANH
13373,54573.0,LAX,BVH
13374,54574.0,LAX,DTLA
13375,54579.0,LAX,WDHL
13376,54580.0,LAX,UVS
13377,54583.0,LAX,HWD
13378,54584.0,LAX,HWD
13379,54585.0,LAX,ANH
13380,54587.0,LAX,DTLA
13381,54594.0,LAX,ANH
13382,54597.0,LAX,UVS
13383,54615.0,LAX,HWD
13384,54617.0,LAX,DTLA
13385,54631.0,LAX,DTLA
13386,54632.0,LAX,ANH
13387,54643.0,LAX,DTLA
13388,54645.0,LAX,HWD
13389,54646.0,LAX,PSD
13390,54650.0,LAX,HWD
13391,54652.0,LAX,WDHL
13392,54654.0,LAX,ANH
13393,54659.0,LAX,WDHL
13394,54660.0,LAX,HWD
13395,54661.0,LAX,PSD
13396,54666.0,LAX,WDHL
13397,54675.0,LAX,HWD
13398,54677.0,LAX,DTLA
13399,54690.0,LAX,BVH
13400,54697.0,LAX,ANH
13401,54703.0,LAX,ANH
13402,54711.0,LAX,DTLA
13403,54726.0,LAX,WDHL
13404,54728.0,LAX,DTLA
13405,54732.0,LAX,LGB
13406,54745.0,LAX,DTLA
13407,54745.0,LAX,HWD
13408,54745.0,LAX,DTLA
13409,54747.0,LAX,ANH
13410,54747.0,LAX,LGB
13411,54751.0,LAX,DTLA
13412,54756.0,LAX,HWD
13413,54756.0,LAX,LGB
13414,54759.0,LAX,UVS
13415,54761.0,LAX,ANH
13416,54762.0,LAX,DTLA
13417,54771.0,LAX,LGB
13418,54782.0,LAX,ANH
13419,54789.0,LAX,UVS
13420,54803.0,LAX,PSD
13421,54820.0,LAX,ANH
13422,54833.0,LAX,DTLA
13423,54880.0,LAX,DTLA
13424,54894.0,LAX,HWD
13425,54898.0,LAX,LGB
13426,54898.0,LAX,PSD
13427,54901.0,LAX,LGB
13428,54910.0,LAX,DTLA
13429,54912.0,LAX,PSD
13430,54914.0,LAX,BVH
13431,54917.0,LAX,UVS
13432,54919.0,LAX,LGB
13433,54927.0,LAX,DTLA
13434,54948.0,LAX,ANH
13435,54951.0,LAX,UVS
13436,54962.0,LAX,PSD
13437,55001.0,LAX,HWD
13438,55015.0,LAX,HWD
13439,55018.0,LAX,LGB
13440,55037.0,LAX,WDHL
13441,55043.0,LAX,ANH
13442,55044.0,LAX,UVS
13443,55049.0,LAX,UVS
13444,55070.0,LAX,UVS
13445,55100.0,LAX,UVS
13446,55108.0,LAX,ANH
13447,55108.0,LAX,HWD
13448,55111.0,LAX,HWD
13449,55111.0,LAX,DTLA
13450,55123.0,LAX,LGB
13451,55125.0,LAX,HWD
13452,55128.0,LAX,DTLA
13453,55152.0,LAX,PSD
13454,55161.0,LAX,ANH
13455,55164.0,LAX,ANH
13456,55166.0,LAX,DTLA
13457,55171.0,LAX,HWD
13458,55174.0,LAX,ANH
13459,55174.0,LAX,PSD
13460,55175.0,LAX,BVH
13461,55175.0,LAX,ANH
13462,55183.0,LAX,WDHL
13463,55193.0,LAX,HWD
13464,55194.0,LAX,DTLA
13465,55200.0,LAX,BVH
13466,55202.0,LAX,DTLA
13467,55202.0,LAX,DTLA
13468,55203.0,LAX,DTLA
13469,55207.0,LAX,BVH
13470,55215.0,LAX,HWD
13471,55222.0,LAX,ANH
13472,55227.0,LAX,ANH
13473,55232.0,LAX,ANH
13474,55238.0,LAX,WDHL
13475,55238.0,LAX,DTLA
13476,55241.0,LAX,PSD
13477,55243.0,LAX,ANH
13478,55244.0,LAX,LGB
13479,55247.0,LAX,ANH
13480,55247.0,LAX,LGB
13481,55248.0,LAX,DTLA
13482,55250.0,LAX,LGB
13483,55254.0,LAX,ANH
13484,55260.0,LAX,DTLA
13485,55260.0,LAX,ANH
13486,55261.0,LAX,ANH
13487,55261.0,LAX,HWD
13488,55262.0,LAX,DTLA
13489,55263.0,LAX,PSD
13490,55263.0,LAX,HWD
13491,55264.0,LAX,DTLA
13492,55271.0,LAX,DTLA
13493,55279.0,LAX,BVH
13494,55282.0,LAX,HWD
13495,55283.0,LAX,HWD
13496,55284.0,LAX,WDHL
13497,55287.0,LAX,PSD
13498,55287.0,LAX,DTLA
13499,55287.0,LAX,LGB
13500,55288.0,LAX,BVH
13501,55288.0,LAX,HWD
13502,55291.0,LAX,PSD
13503,55295.0,LAX,DTLA
13504,55304.0,LAX,ANH
13505,55314.0,LAX,HWD
13506,55315.0,LAX,LGB
13507,55317.0,LAX,ANH
13508,55324.0,LAX,BVH
13509,55327.0,LAX,ANH
13510,55349.0,LAX,LGB
13511,55357.0,LAX,ANH
13512,55360.0,LAX,ANH
13513,55361.0,LAX,HWD
13514,55368.0,LAX,LGB
13515,55369.0,LAX,WDHL
13516,55388.0,LAX,ANH
13517,55391.0,LAX,LGB
13518,55393.0,LAX,LGB
13519,55396.0,LAX,DTLA
13520,55399.0,LAX,UVS
13521,55406.0,LAX,WDHL
13522,55408.0,LAX,BVH
13523,55408.0,LAX,DTLA
13524,55409.0,LAX,PSD
13525,55410.0,LAX,ANH
13526,55422.0,LAX,DTLA
13527,55423.0,LAX,PSD
13528,55426.0,LAX,DTLA
13529,55433.0,LAX,LGB
13530,55444.0,LAX,UVS
13531,55457.0,LAX,DTLA
13532,55458.0,LAX,ANH
13533,55474.0,LAX,LGB
13534,55475.0,LAX,DTLA
13535,55480.0,LAX,PSD
13536,55480.0,LAX,LGB
13537,55481.0,LAX,PSD
13538,55482.0,LAX,DTLA
13539,55484.0,LAX,DTLA
13540,55484.0,LAX,ANH
13541,55486.0,LAX,DTLA
13542,55490.0,LAX,DTLA
13543,55494.0,LAX,DTLA
13544,55495.0,LAX,HWD
13545,55498.0,LAX,PSD
13546,55506.0,LAX,ANH
13547,55509.0,LAX,PSD
13548,55514.0,LAX,WDHL
13549,55516.0,LAX,ANH
13550,55524.0,LAX,DTLA
13551,55533.0,LAX,BVH
13552,55539.0,LAX,PSD
13553,55560.0,LAX,ANH
13554,55562.0,LAX,BVH
13555,55566.0,LAX,DTLA
13556,55575.0,LAX,DTLA
13557,55575.0,LAX,BVH
13558,55580.0,LAX,PSD
13559,55601.0,LAX,UVS
13560,55605.0,LAX,DTLA
13561,55626.0,LAX,HWD
13562,55627.0,LAX,ANH
13563,55631.0,LAX,PSD
13564,55653.0,LAX,LGB
13565,55668.0,LAX,DTLA
13566,55697.0,LAX,DTLA
13567,55700.0,LAX,HWD
13568,55700.0,LAX,DTLA
13569,55707.0,LAX,LGB
13570,55709.0,LAX,WDHL
13571,55717.0,LAX,BVH
13572,55720.0,LAX,LGB
13573,55720.0,LAX,ANH
13574,55722.0,LAX,DTLA
13575,55742.0,LAX,DTLA
13576,55747.0,LAX,ANH
13577,55748.0,LAX,ANH
13578,55750.0,LAX,DTLA
13579,55763.0,LAX,DTLA
13580,55807.0,LAX,PSD
13581,55819.0,LAX,ANH
13582,55826.0,LAX,ANH
13583,55828.0,LAX,WDHL
13584,55842.0,LAX,DTLA
13585,55847.0,LAX,HWD
13586,55848.0,LAX,DTLA
13587,55854.0,LAX,ANH
13588,55865.0,LAX,ANH
13589,55869.0,LAX,DTLA
13590,55874.0,LAX,UVS
13591,55899.0,LAX,PSD
13592,55917.0,LAX,LGB
13593,55935.0,LAX,LGB
13594,55947.0,LAX,DTLA
13595,55951.0,LAX,DTLA
13596,55955.0,LAX,PSD
13597,55961.0,LAX,HWD
13598,55994.0,LAX,ANH
13599,56009.0,LAX,DTLA
13600,56054.0,LAX,HWD
13601,56057.0,LAX,DTLA
13602,56101.0,LAX,DTLA
13603,56101.0,LAX,DTLA
13604,56127.0,LAX,DTLA
13605,56127.0,LAX,HWD
13606,56136.0,LAX,DTLA
13607,56137.0,LAX,HWD
13608,56160.0,LAX,ANH
13609,56169.0,LAX,DTLA
13610,56169.0,LAX,LGB
13611,56173.0,LAX,DTLA
13612,56177.0,LAX,ANH
13613,56183.0,LAX,PSD
13614,56185.0,LAX,HWD
13615,56185.0,LAX,PSD
13616,56192.0,LAX,LGB
13617,56194.0,LAX,DTLA
13618,56219.0,LAX,DTLA
13619,56220.0,LAX,HWD
13620,56225.0,LAX,LGB
13621,56236.0,LAX,ANH
13622,56237.0,LAX,DTLA
13623,56240.0,LAX,ANH
13624,56254.0,LAX,DTLA
13625,56255.0,LAX,PSD
13626,56265.0,LAX,BVH
13627,56267.0,LAX,PSD
13628,56269.0,LAX,WDHL
13629,56271.0,LAX,DTLA
13630,56273.0,LAX,HWD
13631,56278.0,LAX,HWD
13632,56280.0,LAX,HWD
13633,56287.0,LAX,LGB
13634,56288.0,LAX,ANH
13635,56288.0,LAX,BVH
13636,56290.0,LAX,BVH
13637,56291.0,LAX,BVH
13638,56292.0,LAX,UVS
13639,56300.0,LAX,WDHL
13640,56307.0,LAX,LGB
13641,56311.0,LAX,WDHL
13642,56320.0,LAX,HWD
13643,56322.0,LAX,LGB
13644,56325.0,LAX,ANH
13645,56327.0,LAX,HWD
13646,56334.0,LAX,DTLA
13647,56338.0,LAX,HWD
13648,56354.0,LAX,UVS
13649,56359.0,LAX,LGB
13650,56365.0,LAX,HWD
13651,56371.0,LAX,DTLA
13652,56383.0,LAX,ANH
13653,56383.0,LAX,HWD
13654,56398.0,LAX,ANH
13655,56399.0,LAX,HWD
13656,56399.0,LAX,UVS
13657,56402.0,LAX,ANH
13658,56404.0,LAX,UVS
13659,56406.0,LAX,HWD
13660,56410.0,LAX,DTLA
13661,56414.0,LAX,ANH
13662,56416.0,LAX,HWD
13663,56424.0,LAX,DTLA
13664,56429.0,LAX,DTLA
13665,56435.0,LAX,DTLA
13666,56438.0,LAX,LGB
13667,56446.0,LAX,UVS
13668,56466.0,LAX,BVH
13669,56476.0,LAX,ANH
13670,56484.0,LAX,HWD
13671,56486.0,LAX,HWD
13672,56488.0,LAX,HWD
13673,56501.0,LAX,PSD
13674,56505.0,LAX,ANH
13675,56515.0,LAX,DTLA
13676,56532.0,LAX,DTLA
13677,56548.0,LAX,ANH
13678,56592.0,LAX,LGB
13679,56594.0,LAX,ANH
13680,56598.0,LAX,BVH
13681,56605.0,LAX,LGB
13682,56615.0,LAX,DTLA
13683,56628.0,LAX,ANH
13684,56641.0,LAX,HWD
13685,56645.0,LAX,DTLA
13686,56647.0,LAX,DTLA
13687,56657.0,LAX,PSD
13688,56657.0,LAX,ANH
13689,56663.0,LAX,BVH
13690,56667.0,LAX,ANH
13691,56685.0,LAX,DTLA
13692,56685.0,LAX,LGB
13693,56691.0,LAX,DTLA
13694,56694.0,LAX,DTLA
13695,56697.0,LAX,DTLA
13696,56701.0,LAX,PSD
13697,56709.0,LAX,DTLA
13698,56734.0,LAX,ANH
13699,56740.0,LAX,HWD
13700,56742.0,LAX,DTLA
13701,56748.0,LAX,BVH
13702,56763.0,LAX,ANH
13703,56786.0,LAX,PSD
13704,56787.0,LAX,HWD
13705,56789.0,LAX,BVH
13706,56801.0,LAX,ANH
13707,56815.0,LAX,HWD
13708,56817.0,LAX,HWD
13709,56820.0,LAX,ANH
13710,56835.0,LAX,DTLA
13711,56843.0,LAX,UVS
13712,56844.0,LAX,BVH
13713,56845.0,LAX,LGB
13714,56849.0,LAX,DTLA
13715,56851.0,LAX,DTLA
13716,56851.0,LAX,LGB
13717,56858.0,LAX,ANH
13718,56872.0,LAX,DTLA
13719,56878.0,LAX,PSD
13720,56880.0,LAX,PSD
13721,56885.0,LAX,LGB
13722,56886.0,LAX,PSD
13723,56897.0,LAX,ANH
13724,56897.0,LAX,WDHL
13725,56915.0,LAX,BVH
13726,56924.0,LAX,LGB
13727,56924.0,LAX,ANH
13728,56925.0,LAX,PSD
13729,56929.0,LAX,ANH
13730,56935.0,LAX,ANH
13731,56935.0,LAX,PSD
13732,56935.0,LAX,DTLA
13733,56940.0,LAX,ANH
13734,56940.0,LAX,HWD
13735,56949.0,LAX,ANH
13736,56963.0,LAX,ANH
13737,56977.0,LAX,ANH
13738,56978.0,LAX,PSD
13739,56982.0,LAX,HWD
13740,56983.0,LAX,HWD
13741,56989.0,LAX,WDHL
13742,57002.0,LAX,DTLA
13743,57005.0,LAX,LGB
13744,57013.0,LAX,PSD
13745,57034.0,LAX,DTLA
13746,57049.0,LAX,PSD
13747,57056.0,LAX,BVH
13748,57057.0,LAX,WDHL
13749,57088.0,LAX,LGB
13750,57089.0,LAX,DTLA
13751,57092.0,LAX,DTLA
13752,57112.0,LAX,HWD
13753,57125.0,LAX,DTLA
13754,57181.0,LAX,LGB
13755,57183.0,LAX,HWD
13756,57225.0,LAX,BVH
13757,57247.0,LAX,LGB
13758,57251.0,LAX,ANH
13759,57260.0,LAX,HWD
13760,57271.0,LAX,HWD
13761,57309.0,LAX,ANH
13762,57330.0,LAX,ANH
13763,57360.0,LAX,ANH
13764,57367.0,LAX,HWD
13765,57380.0,LAX,DTLA
13766,57383.0,LAX,WDHL
13767,57387.0,LAX,LGB
13768,57389.0,LAX,ANH
13769,57390.0,LAX,ANH
13770,57399.0,LAX,UVS
13771,57422.0,LAX,ANH
13772,57436.0,LAX,HWD
13773,57444.0,LAX,LGB
13774,57450.0,LAX,DTLA
13775,57457.0,LAX,BVH
13776,57466.0,LAX,ANH
13777,57472.0,LAX,DTLA
13778,57473.0,LAX,UVS
13779,57521.0,LAX,BVH
13780,57537.0,LAX,UVS
13781,57560.0,LAX,ANH
13782,57572.0,LAX,HWD
13783,57587.0,LAX,PSD
13784,57599.0,LAX,LGB
13785,57607.0,LAX,DTLA
13786,57609.0,LAX,HWD
13787,57611.0,LAX,ANH
13788,57617.0,LAX,ANH
13789,57619.0,LAX,LGB
13790,57649.0,LAX,HWD
13791,57649.0,LAX,HWD
13792,57654.0,LAX,HWD
13793,57658.0,LAX,HWD
13794,57671.0,LAX,PSD
13795,57681.0,LAX,LGB
13796,57695.0,LAX,DTLA
13797,57719.0,LAX,DTLA
13798,57729.0,LAX,HWD
13799,57731.0,LAX,PSD
13800,57733.0,LAX,DTLA
13801,57745.0,LAX,ANH
13802,57751.0,LAX,HWD
13803,57754.0,LAX,ANH
13804,57782.0,LAX,HWD
13805,57785.0,LAX,LGB
13806,57787.0,LAX,ANH
13807,57801.0,LAX,HWD
13808,57802.0,LAX,ANH
13809,57806.0,LAX,ANH
13810,57807.0,LAX,WDHL
13811,57809.0,LAX,ANH
13812,57813.0,LAX,UVS
13813,57813.0,LAX,DTLA
13814,57815.0,LAX,ANH
13815,57823.0,LAX,DTLA
13816,57826.0,LAX,ANH
13817,57831.0,LAX,ANH
13818,57833.0,LAX,DTLA
13819,57837.0,LAX,HWD
13820,57839.0,LAX,ANH
13821,57841.0,LAX,ANH
13822,57844.0,LAX,DTLA
13823,57848.0,LAX,PSD
13824,57860.0,LAX,ANH
13825,57861.0,LAX,DTLA
13826,57868.0,LAX,PSD
13827,57873.0,LAX,WDHL
13828,57888.0,LAX,DTLA
13829,57893.0,LAX,DTLA
13830,57893.0,LAX,BVH
13831,57895.0,LAX,LGB
13832,57897.0,LAX,BVH
13833,57903.0,LAX,DTLA
13834,57912.0,LAX,ANH
13835,57924.0,LAX,HWD
13836,57929.0,LAX,LGB
13837,57932.0,LAX,PSD
13838,57934.0,LAX,ANH
13839,57941.0,LAX,LGB
13840,57947.0,LAX,ANH
13841,58047.0,LAX,BVH
13842,58088.0,LAX,PSD
13843,58110.0,LAX,DTLA
13844,58168.0,LAX,BVH
13845,58203.0,LAX,DTLA
13846,58207.0,LAX,HWD
13847,58209.0,LAX,BVH
13848,58223.0,LAX,UVS
13849,58226.0,LAX,DTLA
13850,58228.0,LAX,DTLA
13851,58239.0,LAX,HWD
13852,58240.0,LAX,PSD
13853,58240.0,LAX,HWD
13854,58242.0,LAX,HWD
13855,58242.0,LAX,BVH
13856,58250.0,LAX,DTLA
13857,58251.0,LAX,ANH
13858,58254.0,LAX,UVS
13859,58256.0,LAX,PSD
13860,58257.0,LAX,UVS
13861,58257.0,LAX,DTLA
13862,58269.0,LAX,UVS
13863,58271.0,LAX,ANH
13864,58277.0,LAX,HWD
13865,58277.0,LAX,PSD
13866,58278.0,LAX,UVS
13867,58280.0,LAX,DTLA
13868,58282.0,LAX,ANH
13869,58286.0,LAX,DTLA
13870,58289.0,LAX,BVH
13871,58292.0,LAX,DTLA
13872,58298.0,LAX,HWD
13873,58298.0,LAX,WDHL
13874,58307.0,LAX,DTLA
13875,58308.0,LAX,PSD
13876,58315.0,LAX,BVH
13877,58327.0,LAX,LGB
13878,58328.0,LAX,HWD
13879,58332.0,LAX,PSD
13880,58333.0,LAX,ANH
13881,58335.0,LAX,DTLA
13882,58345.0,LAX,HWD
13883,58348.0,LAX,HWD
13884,58353.0,LAX,UVS
13885,58355.0,LAX,LGB
13886,58362.0,LAX,ANH
13887,58362.0,LAX,DTLA
13888,58364.0,LAX,DTLA
13889,58368.0,LAX,DTLA
13890,58383.0,LAX,ANH
13891,58388.0,LAX,DTLA
13892,58393.0,LAX,DTLA
13893,58403.0,LAX,ANH
13894,58403.0,LAX,LGB
13895,58407.0,LAX,DTLA
13896,58408.0,LAX,DTLA
13897,58413.0,LAX,ANH
13898,58435.0,LAX,HWD
13899,58451.0,LAX,BVH
13900,58457.0,LAX,DTLA
13901,58458.0,LAX,ANH
13902,58493.0,LAX,DTLA
13903,58510.0,LAX,HWD
13904,58515.0,LAX,DTLA
13905,58515.0,LAX,BVH
13906,58584.0,LAX,ANH
13907,58590.0,LAX,LGB
13908,58610.0,LAX,ANH
13909,58616.0,LAX,HWD
13910,58624.0,LAX,PSD
13911,58643.0,LAX,LGB
13912,58647.0,LAX,UVS
13913,58653.0,LAX,DTLA
13914,58658.0,LAX,DTLA
13915,58679.0,LAX,PSD
13916,58692.0,LAX,LGB
13917,58697.0,LAX,PSD
13918,58698.0,LAX,PSD
13919,58698.0,LAX,WDHL
13920,58699.0,LAX,ANH
13921,58707.0,LAX,HWD
13922,58711.0,LAX,DTLA
13923,58711.0,LAX,PSD
13924,58748.0,LAX,WDHL
13925,58749.0,LAX,HWD
13926,58751.0,LAX,ANH
13927,58766.0,LAX,WDHL
13928,58772.0,LAX,HWD
13929,58775.0,LAX,DTLA
13930,58789.0,LAX,DTLA
13931,58804.0,LAX,ANH
13932,58806.0,LAX,BVH
13933,58809.0,LAX,WDHL
13934,58811.0,LAX,ANH
13935,58834.0,LAX,PSD
13936,58843.0,LAX,HWD
13937,58845.0,LAX,UVS
13938,58854.0,LAX,HWD
13939,58854.0,LAX,ANH
13940,58855.0,LAX,ANH
13941,58855.0,LAX,DTLA
13942,58869.0,LAX,UVS
13943,58876.0,LAX,PSD
13944,58886.0,LAX,PSD
13945,58909.0,LAX,DTLA
13946,58933.0,LAX,LGB
13947,58943.0,LAX,HWD
13948,58950.0,LAX,ANH
13949,58956.0,LAX,HWD
13950,58959.0,LAX,ANH
13951,58969.0,LAX,DTLA
13952,59060.0,LAX,BVH
13953,59083.0,LAX,ANH
13954,59098.0,LAX,DTLA
13955,59135.0,LAX,BVH
13956,59143.0,LAX,DTLA
13957,59145.0,LAX,PSD
13958,59154.0,LAX,DTLA
13959,59167.0,LAX,DTLA
13960,59169.0,LAX,PSD
13961,59189.0,LAX,HWD
13962,59193.0,LAX,PSD
13963,59194.0,LAX,DTLA
13964,59203.0,LAX,HWD
13965,59203.0,LAX,PSD
13966,59221.0,LAX,DTLA
13967,59228.0,LAX,WDHL
13968,59230.0,LAX,ANH
13969,59239.0,LAX,HWD
13970,59241.0,LAX,DTLA
13971,59248.0,LAX,DTLA
13972,59255.0,LAX,BVH
13973,59259.0,LAX,HWD
13974,59260.0,LAX,ANH
13975,59280.0,LAX,HWD
13976,59280.0,LAX,ANH
13977,59285.0,LAX,ANH
13978,59287.0,LAX,LGB
13979,59305.0,LAX,PSD
13980,59306.0,LAX,ANH
13981,59317.0,LAX,PSD
13982,59317.0,LAX,HWD
13983,59321.0,LAX,PSD
13984,59327.0,LAX,LGB
13985,59331.0,LAX,HWD
13986,59338.0,LAX,UVS
13987,59338.0,LAX,UVS
13988,59341.0,LAX,BVH
13989,59347.0,LAX,HWD
13990,59352.0,LAX,UVS
13991,59361.0,LAX,ANH
13992,59365.0,LAX,ANH
13993,59367.0,LAX,ANH
13994,59372.0,LAX,ANH
13995,59387.0,LAX,BVH
13996,59390.0,LAX,HWD
13997,59392.0,LAX,ANH
13998,59394.0,LAX,DTLA
13999,59395.0,LAX,LGB
14000,59397.0,LAX,HWD
14001,59400.0,LAX,DTLA
14002,59403.0,LAX,HWD
14003,59403.0,LAX,LGB
14004,59409.0,LAX,LGB
14005,59413.0,LAX,PSD
14006,59419.0,LAX,HWD
14007,59424.0,LAX,HWD
14008,59425.0,LAX,PSD
14009,59441.0,LAX,ANH
14010,59447.0,LAX,BVH
14011,59454.0,LAX,ANH
14012,59461.0,LAX,BVH
14013,59468.0,LAX,HWD
14014,59476.0,LAX,LGB
14015,59478.0,LAX,PSD
14016,59483.0,LAX,LGB
14017,59497.0,LAX,ANH
14018,59499.0,LAX,HWD
14019,59502.0,LAX,ANH
14020,59503.0,LAX,HWD
14021,59503.0,LAX,PSD
14022,59506.0,LAX,DTLA
14023,59509.0,LAX,HWD
14024,59511.0,LAX,HWD
14025,59521.0,LAX,HWD
14026,59521.0,LAX,LGB
14027,59522.0,LAX,ANH
14028,59527.0,LAX,WDHL
14029,59528.0,LAX,LGB
14030,59529.0,LAX,PSD
14031,59530.0,LAX,DTLA
14032,59540.0,LAX,UVS
14033,59540.0,LAX,ANH
14034,59546.0,LAX,ANH
14035,59546.0,LAX,HWD
14036,59552.0,LAX,PSD
14037,59552.0,LAX,ANH
14038,59553.0,LAX,DTLA
14039,59556.0,LAX,LGB
14040,59557.0,LAX,WDHL
14041,59562.0,LAX,DTLA
14042,59562.0,LAX,ANH
14043,59565.0,LAX,LGB
14044,59574.0,LAX,ANH
14045,59580.0,LAX,WDHL
14046,59588.0,LAX,HWD
14047,59590.0,LAX,DTLA
14048,59595.0,LAX,LGB
14049,59605.0,LAX,DTLA
14050,59610.0,LAX,DTLA
14051,59611.0,LAX,DTLA
14052,59613.0,LAX,PSD
14053,59623.0,LAX,BVH
14054,59632.0,LAX,DTLA
14055,59639.0,LAX,LGB
14056,59641.0,LAX,BVH
14057,59645.0,LAX,LGB
14058,59648.0,LAX,ANH
14059,59656.0,LAX,DTLA
14060,59661.0,LAX,DTLA
14061,59669.0,LAX,LGB
14062,59672.0,LAX,ANH
14063,59679.0,LAX,HWD
14064,59690.0,LAX,HWD
14065,59692.0,LAX,BVH
14066,59698.0,LAX,LGB
14067,59709.0,LAX,LGB
14068,59719.0,LAX,BVH
14069,59722.0,LAX,LGB
14070,59722.0,LAX,DTLA
14071,59726.0,LAX,ANH
14072,59730.0,LAX,BVH
14073,59732.0,LAX,HWD
14074,59749.0,LAX,WDHL
14075,59752.0,LAX,ANH
14076,59772.0,LAX,WDHL
14077,59779.0,LAX,PSD
14078,59812.0,LAX,PSD
14079,59857.0,LAX,BVH
14080,59864.0,LAX,UVS
14081,59882.0,LAX,PSD
14082,59884.0,LAX,LGB
14083,59887.0,LAX,LGB
14084,59891.0,LAX,HWD
14085,59902.0,LAX,ANH
14086,59915.0,LAX,ANH
14087,59917.0,LAX,BVH
14088,59920.0,LAX,HWD
14089,59920.0,LAX,WDHL
14090,59929.0,LAX,PSD
14091,59931.0,LAX,DTLA
14092,59934.0,LAX,LGB
14093,59941.0,LAX,HWD
14094,59944.0,LAX,PSD
14095,59946.0,LAX,HWD
14096,59955.0,LAX,ANH
14097,59956.0,LAX,ANH
14098,59961.0,LAX,WDHL
14099,59962.0,LAX,ANH
14100,59962.0,LAX,UVS
14101,59970.0,LAX,DTLA
14102,59976.0,LAX,ANH
14103,59978.0,LAX,LGB
14104,59979.0,LAX,PSD
14105,59984.0,LAX,ANH
14106,59985.0,LAX,DTLA
14107,59988.0,LAX,LGB
14108,59991.0,LAX,HWD
14109,59995.0,LAX,PSD
14110,60002.0,LAX,BVH
14111,60009.0,LAX,ANH
14112,60016.0,LAX,ANH
14113,60016.0,LAX,DTLA
14114,60017.0,LAX,PSD
14115,60019.0,LAX,PSD
14116,60019.0,LAX,DTLA
14117,60023.0,LAX,HWD
14118,60024.0,LAX,HWD
14119,60026.0,LAX,PSD
14120,60031.0,LAX,LGB
14121,60042.0,LAX,LGB
14122,60043.0,LAX,PSD
14123,60043.0,LAX,WDHL
14124,60045.0,LAX,DTLA
14125,60054.0,LAX,DTLA
14126,60075.0,LAX,UVS
14127,60077.0,LAX,DTLA
14128,60108.0,LAX,BVH
14129,60108.0,LAX,BVH
14130,60110.0,LAX,DTLA
14131,60114.0,LAX,DTLA
14132,60157.0,LAX,HWD
14133,60158.0,LAX,ANH
14134,60158.0,LAX,DTLA
14135,60173.0,LAX,ANH
14136,60179.0,LAX,ANH
14137,60181.0,LAX,HWD
14138,60183.0,LAX,ANH
14139,60188.0,LAX,PSD
14140,60199.0,LAX,WDHL
14141,60215.0,LAX,ANH
14142,60223.0,LAX,LGB
14143,60237.0,LAX,ANH
14144,60238.0,LAX,HWD
14145,60240.0,LAX,BVH
14146,60250.0,LAX,DTLA
14147,60254.0,LAX,HWD
14148,60256.0,LAX,DTLA
14149,60257.0,LAX,DTLA
14150,60258.0,LAX,DTLA
14151,60266.0,LAX,DTLA
14152,60270.0,LAX,ANH
14153,60270.0,LAX,DTLA
14154,60276.0,LAX,HWD
14155,60278.0,LAX,HWD
14156,60284.0,LAX,DTLA
14157,60284.0,LAX,PSD
14158,60301.0,LAX,UVS
14159,60303.0,LAX,HWD
14160,60307.0,LAX,LGB
14161,60307.0,LAX,LGB
14162,60318.0,LAX,DTLA
14163,60332.0,LAX,PSD
14164,60334.0,LAX,BVH
14165,60341.0,LAX,DTLA
14166,60364.0,LAX,WDHL
14167,60364.0,LAX,DTLA
14168,60373.0,LAX,HWD
14169,60378.0,LAX,ANH
14170,60392.0,LAX,LGB
14171,60402.0,LAX,ANH
14172,60404.0,LAX,LGB
14173,60425.0,LAX,WDHL
14174,60434.0,LAX,LGB
14175,60436.0,LAX,DTLA
14176,60440.0,LAX,BVH
14177,60443.0,LAX,HWD
14178,60508.0,LAX,DTLA
14179,60511.0,LAX,UVS
14180,60520.0,LAX,HWD
14181,60523.0,LAX,ANH
14182,60530.0,LAX,LGB
14183,60545.0,LAX,DTLA
14184,60547.0,LAX,DTLA
14185,60557.0,LAX,UVS
14186,60559.0,LAX,HWD
14187,60566.0,LAX,UVS
14188,60568.0,LAX,LGB
14189,60569.0,LAX,ANH
14190,60570.0,LAX,HWD
14191,60596.0,LAX,DTLA
14192,60611.0,LAX,PSD
14193,60618.0,LAX,DTLA
14194,60625.0,LAX,ANH
14195,60627.0,LAX,HWD
14196,60633.0,LAX,ANH
14197,60643.0,LAX,DTLA
14198,60649.0,LAX,HWD
14199,60650.0,LAX,LGB
14200,60652.0,LAX,ANH
14201,60652.0,LAX,ANH
14202,60656.0,LAX,ANH
14203,60659.0,LAX,WDHL
14204,60661.0,LAX,DTLA
14205,60669.0,LAX,DTLA
14206,60684.0,LAX,DTLA
14207,60685.0,LAX,UVS
14208,60690.0,LAX,HWD
14209,60695.0,LAX,DTLA
14210,60699.0,LAX,PSD
14211,60701.0,LAX,DTLA
14212,60702.0,LAX,HWD
14213,60703.0,LAX,HWD
14214,60705.0,LAX,LGB
14215,60714.0,LAX,ANH
14216,60718.0,LAX,ANH
14217,60724.0,LAX,ANH
14218,60732.0,LAX,PSD
14219,60739.0,LAX,WDHL
14220,60746.0,LAX,ANH
14221,60746.0,LAX,LGB
14222,60748.0,LAX,BVH
14223,60749.0,LAX,LGB
14224,60752.0,LAX,BVH
14225,60754.0,LAX,DTLA
14226,60755.0,LAX,HWD
14227,60756.0,LAX,ANH
14228,60760.0,LAX,DTLA
14229,60769.0,LAX,ANH
14230,60774.0,LAX,HWD
14231,60775.0,LAX,LGB
14232,60775.0,LAX,HWD
14233,60775.0,LAX,ANH
14234,60780.0,LAX,DTLA
14235,60787.0,LAX,ANH
14236,60789.0,LAX,ANH
14237,60807.0,LAX,ANH
14238,60821.0,LAX,ANH
14239,60821.0,LAX,HWD
14240,60825.0,LAX,DTLA
14241,60834.0,LAX,WDHL
14242,60837.0,LAX,HWD
14243,60845.0,LAX,LGB
14244,60848.0,LAX,BVH
14245,60852.0,LAX,WDHL
14246,60858.0,LAX,BVH
14247,60861.0,LAX,LGB
14248,60862.0,LAX,DTLA
14249,60863.0,LAX,LGB
14250,60864.0,LAX,PSD
14251,60864.0,LAX,ANH
14252,60868.0,LAX,LGB
14253,60872.0,LAX,ANH
14254,60873.0,LAX,ANH
14255,60876.0,LAX,ANH
14256,60876.0,LAX,ANH
14257,60879.0,LAX,LGB
14258,60879.0,LAX,DTLA
14259,60892.0,LAX,BVH
14260,60894.0,LAX,DTLA
14261,60906.0,LAX,DTLA
14262,60907.0,LAX,DTLA
14263,60907.0,LAX,UVS
14264,60911.0,LAX,HWD
14265,60911.0,LAX,HWD
14266,60911.0,LAX,HWD
14267,60917.0,LAX,DTLA
14268,60925.0,LAX,BVH
14269,60926.0,LAX,LGB
14270,60933.0,LAX,DTLA
14271,60934.0,LAX,UVS
14272,60935.0,LAX,WDHL
14273,60939.0,LAX,BVH
14274,60945.0,LAX,DTLA
14275,60949.0,LAX,HWD
14276,60949.0,LAX,LGB
14277,60959.0,LAX,ANH
14278,60966.0,LAX,DTLA
14279,60967.0,LAX,DTLA
14280,60970.0,LAX,LGB
14281,60971.0,LAX,DTLA
14282,60972.0,LAX,WDHL
14283,60975.0,LAX,DTLA
14284,60977.0,LAX,WDHL
14285,60988.0,LAX,ANH
14286,60988.0,LAX,ANH
14287,60994.0,LAX,DTLA
14288,61001.0,LAX,PSD
14289,61004.0,LAX,DTLA
14290,61012.0,LAX,DTLA
14291,61020.0,LAX,DTLA
14292,61022.0,LAX,DTLA
14293,61035.0,LAX,ANH
14294,61046.0,LAX,LGB
14295,61061.0,LAX,PSD
14296,61074.0,LAX,UVS
14297,61082.0,LAX,PSD
14298,61085.0,LAX,UVS
14299,61130.0,LAX,DTLA
14300,61148.0,LAX,ANH
14301,61148.0,LAX,UVS
14302,61155.0,LAX,LGB
14303,61159.0,LAX,WDHL
14304,61161.0,LAX,PSD
14305,61161.0,LAX,LGB
14306,61195.0,LAX,ANH
14307,61242.0,LAX,WDHL
14308,61249.0,LAX,ANH
14309,61251.0,LAX,DTLA
14310,61260.0,LAX,PSD
14311,61266.0,LAX,ANH
14312,61267.0,LAX,ANH
14313,61287.0,LAX,ANH
14314,61288.0,LAX,LGB
14315,61293.0,LAX,DTLA
14316,61320.0,LAX,ANH
14317,61322.0,LAX,DTLA
14318,61354.0,LAX,UVS
14319,61361.0,LAX,ANH
14320,61381.0,LAX,BVH
14321,61385.0,LAX,ANH
14322,61389.0,LAX,UVS
14323,61390.0,LAX,BVH
14324,61395.0,LAX,PSD
14325,61402.0,LAX,DTLA
14326,61417.0,LAX,HWD
14327,61420.0,LAX,DTLA
14328,61421.0,LAX,PSD
14329,61425.0,LAX,DTLA
14330,61429.0,LAX,PSD
14331,61433.0,LAX,ANH
14332,61435.0,LAX,HWD
14333,61437.0,LAX,PSD
14334,61437.0,LAX,ANH
14335,61445.0,LAX,ANH
14336,61457.0,LAX,ANH
14337,61475.0,LAX,PSD
14338,61482.0,LAX,HWD
14339,61487.0,LAX,ANH
14340,61491.0,LAX,PSD
14341,61501.0,LAX,BVH
14342,61505.0,LAX,ANH
14343,61507.0,LAX,HWD
14344,61507.0,LAX,BVH
14345,61516.0,LAX,PSD
14346,61517.0,LAX,PSD
14347,61541.0,LAX,HWD
14348,61546.0,LAX,ANH
14349,61549.0,LAX,ANH
14350,61552.0,LAX,DTLA
14351,61555.0,LAX,DTLA
14352,61567.0,LAX,DTLA
14353,61582.0,LAX,ANH
14354,61588.0,LAX,LGB
14355,61588.0,LAX,UVS
14356,61590.0,LAX,DTLA
14357,61594.0,LAX,WDHL
14358,61596.0,LAX,HWD
14359,61600.0,LAX,LGB
14360,61601.0,LAX,DTLA
14361,61603.0,LAX,DTLA
14362,61651.0,LAX,UVS
14363,61656.0,LAX,DTLA
14364,61678.0,LAX,HWD
14365,61682.0,LAX,HWD
14366,61719.0,LAX,LGB
14367,61723.0,LAX,HWD
14368,61729.0,LAX,BVH
14369,61743.0,LAX,BVH
14370,61748.0,LAX,WDHL
14371,61748.0,LAX,BVH
14372,61764.0,LAX,DTLA
14373,61792.0,LAX,LGB
14374,61794.0,LAX,WDHL
14375,61796.0,LAX,PSD
14376,61797.0,LAX,UVS
14377,61808.0,LAX,WDHL
14378,61812.0,LAX,DTLA
14379,61813.0,LAX,HWD
14380,61819.0,LAX,BVH
14381,61828.0,LAX,ANH
14382,61833.0,LAX,LGB
14383,61844.0,LAX,ANH
14384,61846.0,LAX,ANH
14385,61846.0,LAX,HWD
14386,61855.0,LAX,WDHL
14387,61855.0,LAX,DTLA
14388,61865.0,LAX,DTLA
14389,61867.0,LAX,LGB
14390,61870.0,LAX,BVH
14391,61873.0,LAX,ANH
14392,61874.0,LAX,BVH
14393,61875.0,LAX,DTLA
14394,61879.0,LAX,BVH
14395,61896.0,LAX,LGB
14396,61904.0,LAX,PSD
14397,61905.0,LAX,ANH
14398,61911.0,LAX,DTLA
14399,61917.0,LAX,LGB
14400,61918.0,LAX,LGB
14401,61924.0,LAX,ANH
14402,61933.0,LAX,DTLA
14403,61940.0,LAX,ANH
14404,61942.0,LAX,ANH
14405,61942.0,LAX,LGB
14406,61966.0,LAX,HWD
14407,61971.0,LAX,UVS
14408,61972.0,LAX,ANH
14409,61977.0,LAX,DTLA
14410,61983.0,LAX,ANH
14411,61989.0,LAX,LGB
14412,61999.0,LAX,DTLA
14413,62005.0,LAX,WDHL
14414,62008.0,LAX,PSD
14415,62013.0,LAX,DTLA
14416,62024.0,LAX,DTLA
14417,62028.0,LAX,HWD
14418,62032.0,LAX,HWD
14419,62042.0,LAX,BVH
14420,62051.0,LAX,ANH
14421,62054.0,LAX,LGB
14422,62069.0,LAX,BVH
14423,62072.0,LAX,ANH
14424,62081.0,LAX,BVH
14425,62092.0,LAX,ANH
14426,62107.0,LAX,LGB
14427,62127.0,LAX,HWD
14428,62141.0,LAX,ANH
14429,62155.0,LAX,ANH
14430,62158.0,LAX,ANH
14431,62161.0,LAX,HWD
14432,62162.0,LAX,BVH
14433,62170.0,LAX,BVH
14434,62183.0,LAX,WDHL
14435,62187.0,LAX,ANH
14436,62199.0,LAX,BVH
14437,62216.0,LAX,HWD
14438,62220.0,LAX,DTLA
14439,62227.0,LAX,PSD
14440,62264.0,LAX,DTLA
14441,62267.0,LAX,HWD
14442,62269.0,LAX,HWD
14443,62280.0,LAX,DTLA
14444,62282.0,LAX,PSD
14445,62295.0,LAX,LGB
14446,62296.0,LAX,HWD
14447,62309.0,LAX,ANH
14448,62342.0,LAX,ANH
14449,62356.0,LAX,BVH
14450,62357.0,LAX,DTLA
14451,62359.0,LAX,HWD
14452,62362.0,LAX,PSD
14453,62364.0,LAX,UVS
14454,62367.0,LAX,ANH
14455,62369.0,LAX,BVH
14456,62396.0,LAX,ANH
14457,62433.0,LAX,LGB
14458,62436.0,LAX,HWD
14459,62441.0,LAX,DTLA
14460,62455.0,LAX,DTLA
14461,62486.0,LAX,ANH
14462,62493.0,LAX,LGB
14463,62501.0,LAX,WDHL
14464,62503.0,LAX,UVS
14465,62513.0,LAX,HWD
14466,62531.0,LAX,DTLA
14467,62533.0,LAX,LGB
14468,62543.0,LAX,LGB
14469,62556.0,LAX,DTLA
14470,62558.0,LAX,BVH
14471,62561.0,LAX,ANH
14472,62571.0,LAX,ANH
14473,62573.0,LAX,HWD
14474,62573.0,LAX,BVH
14475,62577.0,LAX,HWD
14476,62577.0,LAX,HWD
14477,62580.0,LAX,HWD
14478,62586.0,LAX,PSD
14479,62599.0,LAX,HWD
14480,62610.0,LAX,WDHL
14481,62620.0,LAX,PSD
14482,62621.0,LAX,BVH
14483,62626.0,LAX,DTLA
14484,62628.0,LAX,HWD
14485,62629.0,LAX,ANH
14486,62631.0,LAX,DTLA
14487,62632.0,LAX,DTLA
14488,62634.0,LAX,ANH
14489,62638.0,LAX,DTLA
14490,62639.0,LAX,ANH
14491,62642.0,LAX,ANH
14492,62645.0,LAX,BVH
14493,62650.0,LAX,PSD
14494,62651.0,LAX,ANH
14495,62652.0,LAX,ANH
14496,62654.0,LAX,PSD
14497,62655.0,LAX,DTLA
14498,62660.0,LAX,ANH
14499,62664.0,LAX,PSD
14500,62670.0,LAX,LGB
14501,62675.0,LAX,HWD
14502,62677.0,LAX,LGB
14503,62684.0,LAX,DTLA
14504,62686.0,LAX,ANH
14505,62689.0,LAX,LGB
14506,62690.0,LAX,DTLA
14507,62690.0,LAX,LGB
14508,62697.0,LAX,UVS
14509,62706.0,LAX,DTLA
14510,62711.0,LAX,HWD
14511,62713.0,LAX,PSD
14512,62720.0,LAX,ANH
14513,62729.0,LAX,DTLA
14514,62733.0,LAX,DTLA
14515,62741.0,LAX,ANH
14516,62749.0,LAX,ANH
14517,62750.0,LAX,ANH
14518,62757.0,LAX,WDHL
14519,62763.0,LAX,ANH
14520,62773.0,LAX,LGB
14521,62776.0,LAX,PSD
14522,62782.0,LAX,LGB
14523,62784.0,LAX,WDHL
14524,62790.0,LAX,ANH
14525,62794.0,LAX,BVH
14526,62797.0,LAX,PSD
14527,62811.0,LAX,ANH
14528,62817.0,LAX,HWD
14529,62822.0,LAX,BVH
14530,62833.0,LAX,DTLA
14531,62841.0,LAX,DTLA
14532,62858.0,LAX,LGB
14533,62869.0,LAX,ANH
14534,62870.0,LAX,HWD
14535,62871.0,LAX,BVH
14536,62897.0,LAX,HWD
14537,62932.0,LAX,DTLA
14538,63025.0,LAX,LGB
14539,63151.0,LAX,DTLA
14540,63164.0,LAX,LGB
14541,63174.0,LAX,DTLA
14542,63175.0,LAX,BVH
14543,63177.0,LAX,HWD
14544,63178.0,LAX,DTLA
14545,63178.0,LAX,WDHL
14546,63179.0,LAX,HWD
14547,63184.0,LAX,HWD
14548,63199.0,LAX,ANH
14549,63200.0,LAX,DTLA
14550,63208.0,LAX,HWD
14551,63225.0,LAX,ANH
14552,63232.0,LAX,ANH
14553,63243.0,LAX,LGB
14554,63252.0,LAX,PSD
14555,63256.0,LAX,DTLA
14556,63256.0,LAX,PSD
14557,63264.0,LAX,PSD
14558,63276.0,LAX,DTLA
14559,63281.0,LAX,ANH
14560,63284.0,LAX,DTLA
14561,63304.0,LAX,ANH
14562,63312.0,LAX,PSD
14563,63318.0,LAX,BVH
14564,63319.0,LAX,LGB
14565,63330.0,LAX,HWD
14566,63353.0,LAX,DTLA
14567,63353.0,LAX,ANH
14568,63361.0,LAX,ANH
14569,63366.0,LAX,LGB
14570,63366.0,LAX,ANH
14571,63367.0,LAX,HWD
14572,63371.0,LAX,HWD
14573,63373.0,LAX,ANH
14574,63375.0,LAX,DTLA
14575,63393.0,LAX,PSD
14576,63394.0,LAX,HWD
14577,63394.0,LAX,BVH
14578,63403.0,LAX,LGB
14579,63415.0,LAX,PSD
14580,63418.0,LAX,DTLA
14581,63461.0,LAX,BVH
14582,63477.0,LAX,UVS
14583,63498.0,LAX,DTLA
14584,63512.0,LAX,HWD
14585,63529.0,LAX,LGB
14586,63589.0,LAX,ANH
14587,63593.0,LAX,LGB
14588,63600.0,LAX,LGB
14589,63612.0,LAX,ANH
14590,63633.0,LAX,LGB
14591,63639.0,LAX,PSD
14592,63660.0,LAX,ANH
14593,63675.0,LAX,LGB
14594,63676.0,LAX,ANH
14595,63684.0,LAX,DTLA
14596,63685.0,LAX,PSD
14597,63687.0,LAX,BVH
14598,63689.0,LAX,ANH
14599,63692.0,LAX,PSD
14600,63693.0,LAX,UVS
14601,63694.0,LAX,UVS
14602,63709.0,LAX,BVH
14603,63713.0,LAX,UVS
14604,63716.0,LAX,DTLA
14605,63720.0,LAX,HWD
14606,63726.0,LAX,BVH
14607,63728.0,LAX,LGB
14608,63739.0,LAX,ANH
14609,63740.0,LAX,PSD
14610,63753.0,LAX,BVH
14611,63755.0,LAX,UVS
14612,63756.0,LAX,LGB
14613,63757.0,LAX,LGB
14614,63758.0,LAX,WDHL
14615,63762.0,LAX,BVH
14616,63769.0,LAX,LGB
14617,63772.0,LAX,LGB
14618,63772.0,LAX,PSD
14619,63773.0,LAX,UVS
14620,63777.0,LAX,DTLA
14621,63779.0,LAX,ANH
14622,63779.0,LAX,HWD
14623,63782.0,LAX,WDHL
14624,63787.0,LAX,ANH
14625,63794.0,LAX,DTLA
14626,63802.0,LAX,ANH
14627,63806.0,LAX,LGB
14628,63806.0,LAX,DTLA
14629,63808.0,LAX,PSD
14630,63809.0,LAX,ANH
14631,63811.0,LAX,HWD
14632,63812.0,LAX,WDHL
14633,63814.0,LAX,ANH
14634,63815.0,LAX,PSD
14635,63819.0,LAX,LGB
14636,63822.0,LAX,DTLA
14637,63826.0,LAX,LGB
14638,63829.0,LAX,DTLA
14639,63830.0,LAX,BVH
14640,63839.0,LAX,ANH
14641,63859.0,LAX,DTLA
14642,63863.0,LAX,LGB
14643,63867.0,LAX,UVS
14644,63871.0,LAX,WDHL
14645,63884.0,LAX,DTLA
14646,63885.0,LAX,ANH
14647,63888.0,LAX,DTLA
14648,63888.0,LAX,ANH
14649,63893.0,LAX,DTLA
14650,63897.0,LAX,BVH
14651,63898.0,LAX,ANH
14652,63899.0,LAX,PSD
14653,63902.0,LAX,ANH
14654,63903.0,LAX,DTLA
14655,63904.0,LAX,ANH
14656,63905.0,LAX,DTLA
14657,63914.0,LAX,DTLA
14658,63916.0,LAX,HWD
14659,63919.0,LAX,ANH
14660,63923.0,LAX,HWD
14661,63923.0,LAX,PSD
14662,63926.0,LAX,BVH
14663,63926.0,LAX,BVH
14664,63929.0,LAX,HWD
14665,63932.0,LAX,PSD
14666,63932.0,LAX,DTLA
14667,63936.0,LAX,DTLA
14668,63950.0,LAX,WDHL
14669,63951.0,LAX,DTLA
14670,63955.0,LAX,ANH
14671,63956.0,LAX,ANH
14672,63958.0,LAX,DTLA
14673,63963.0,LAX,DTLA
14674,63963.0,LAX,DTLA
14675,63964.0,LAX,UVS
14676,63969.0,LAX,DTLA
14677,63969.0,LAX,HWD
14678,63972.0,LAX,ANH
14679,63974.0,LAX,DTLA
14680,63975.0,LAX,ANH
14681,63975.0,LAX,HWD
14682,63976.0,LAX,LGB
14683,63978.0,LAX,PSD
14684,63986.0,LAX,UVS
14685,63990.0,LAX,WDHL
14686,63994.0,LAX,DTLA
14687,64002.0,LAX,DTLA
14688,64003.0,LAX,DTLA
14689,64009.0,LAX,LGB
14690,64015.0,LAX,PSD
14691,64019.0,LAX,HWD
14692,64019.0,LAX,HWD
14693,64020.0,LAX,DTLA
14694,64020.0,LAX,ANH
14695,64029.0,LAX,ANH
14696,64037.0,LAX,PSD
14697,64040.0,LAX,PSD
14698,64061.0,LAX,ANH
14699,64065.0,LAX,HWD
14700,64071.0,LAX,WDHL
14701,64072.0,LAX,ANH
14702,64075.0,LAX,UVS
14703,64077.0,LAX,UVS
14704,64078.0,LAX,WDHL
14705,64085.0,LAX,ANH
14706,64086.0,LAX,LGB
14707,64097.0,LAX,ANH
14708,64104.0,LAX,LGB
14709,64105.0,LAX,DTLA
14710,64111.0,LAX,LGB
14711,64112.0,LAX,HWD
14712,64120.0,LAX,UVS
14713,64132.0,LAX,PSD
14714,64136.0,LAX,ANH
14715,64143.0,LAX,BVH
14716,64143.0,LAX,HWD
14717,64144.0,LAX,LGB
14718,64144.0,LAX,DTLA
14719,64145.0,LAX,LGB
14720,64148.0,LAX,HWD
14721,64149.0,LAX,DTLA
14722,64156.0,LAX,WDHL
14723,64161.0,LAX,HWD
14724,64165.0,LAX,PSD
14725,64175.0,LAX,DTLA
14726,64177.0,LAX,HWD
14727,64199.0,LAX,ANH
14728,64200.0,LAX,BVH
14729,64200.0,LAX,DTLA
14730,64200.0,LAX,DTLA
14731,64202.0,LAX,DTLA
14732,64202.0,LAX,DTLA
14733,64205.0,LAX,DTLA
14734,64221.0,LAX,HWD
14735,64221.0,LAX,PSD
14736,64237.0,LAX,HWD
14737,64268.0,LAX,BVH
14738,64283.0,LAX,PSD
14739,64292.0,LAX,DTLA
14740,64297.0,LAX,ANH
14741,64318.0,LAX,DTLA
14742,64323.0,LAX,DTLA
14743,64330.0,LAX,ANH
14744,64345.0,LAX,ANH
14745,64347.0,LAX,HWD
14746,64365.0,LAX,PSD
14747,64391.0,LAX,ANH
14748,64399.0,LAX,ANH
14749,64422.0,LAX,LGB
14750,64436.0,LAX,LGB
14751,64440.0,LAX,LGB
14752,64444.0,LAX,UVS
14753,64472.0,LAX,PSD
14754,64472.0,LAX,DTLA
14755,64472.0,LAX,HWD
14756,64486.0,LAX,BVH
14757,64491.0,LAX,DTLA
14758,64493.0,LAX,DTLA
14759,64503.0,LAX,LGB
14760,64513.0,LAX,BVH
14761,64517.0,LAX,UVS
14762,64520.0,LAX,DTLA
14763,64521.0,LAX,UVS
14764,64531.0,LAX,DTLA
14765,64534.0,LAX,BVH
14766,64541.0,LAX,PSD
14767,64541.0,LAX,LGB
14768,64545.0,LAX,HWD
14769,64548.0,LAX,HWD
14770,64572.0,LAX,HWD
14771,64573.0,LAX,BVH
14772,64587.0,LAX,PSD
14773,64592.0,LAX,ANH
14774,64606.0,LAX,WDHL
14775,64628.0,LAX,UVS
14776,64632.0,LAX,UVS
14777,64637.0,LAX,DTLA
14778,64650.0,LAX,DTLA
14779,64661.0,LAX,BVH
14780,64667.0,LAX,DTLA
14781,64673.0,LAX,DTLA
14782,64674.0,LAX,ANH
14783,64675.0,LAX,BVH
14784,64687.0,LAX,LGB
14785,64708.0,LAX,WDHL
14786,64709.0,LAX,ANH
14787,64729.0,LAX,UVS
14788,64766.0,LAX,ANH
14789,64788.0,LAX,DTLA
14790,64792.0,LAX,HWD
14791,64832.0,LAX,DTLA
14792,64850.0,LAX,UVS
14793,64854.0,LAX,DTLA
14794,64855.0,LAX,WDHL
14795,64856.0,LAX,PSD
14796,64861.0,LAX,DTLA
14797,64867.0,LAX,WDHL
14798,64867.0,LAX,LGB
14799,64868.0,LAX,ANH
14800,64881.0,LAX,LGB
14801,64895.0,LAX,DTLA
14802,64902.0,LAX,DTLA
14803,64902.0,LAX,DTLA
14804,64904.0,LAX,LGB
14805,64913.0,LAX,UVS
14806,64918.0,LAX,BVH
14807,64919.0,LAX,HWD
14808,64922.0,LAX,DTLA
14809,64929.0,LAX,DTLA
14810,64930.0,LAX,ANH
14811,64936.0,LAX,LGB
14812,64941.0,LAX,HWD
14813,64955.0,LAX,BVH
14814,64956.0,LAX,DTLA
14815,64956.0,LAX,ANH
14816,64957.0,LAX,PSD
14817,64961.0,LAX,ANH
14818,64962.0,LAX,BVH
14819,64963.0,LAX,ANH
14820,64966.0,LAX,HWD
14821,64971.0,LAX,UVS
14822,64975.0,LAX,HWD
14823,64975.0,LAX,WDHL
14824,64977.0,LAX,DTLA
14825,64978.0,LAX,HWD
14826,64981.0,LAX,DTLA
14827,64983.0,LAX,ANH
14828,64983.0,LAX,WDHL
14829,64984.0,LAX,BVH
14830,64985.0,LAX,DTLA
14831,64987.0,LAX,DTLA
14832,64987.0,LAX,HWD
14833,64990.0,LAX,ANH
14834,64991.0,LAX,DTLA
14835,64995.0,LAX,ANH
14836,64997.0,LAX,DTLA
14837,64999.0,LAX,ANH
14838,65000.0,LAX,UVS
14839,65004.0,LAX,BVH
14840,65007.0,LAX,LGB
14841,65015.0,LAX,LGB
14842,65017.0,LAX,DTLA
14843,65028.0,LAX,WDHL
14844,65029.0,LAX,HWD
14845,65030.0,LAX,HWD
14846,65033.0,LAX,LGB
14847,65035.0,LAX,DTLA
14848,65035.0,LAX,DTLA
14849,65042.0,LAX,DTLA
14850,65047.0,LAX,UVS
14851,65047.0,LAX,ANH
14852,65054.0,LAX,WDHL
14853,65058.0,LAX,LGB
14854,65059.0,LAX,LGB
14855,65060.0,LAX,LGB
14856,65062.0,LAX,DTLA
14857,65065.0,LAX,DTLA
14858,65067.0,LAX,DTLA
14859,65073.0,LAX,ANH
14860,65074.0,LAX,HWD
14861,65074.0,LAX,ANH
14862,65086.0,LAX,ANH
14863,65088.0,LAX,ANH
14864,65088.0,LAX,HWD
14865,65089.0,LAX,DTLA
14866,65092.0,LAX,ANH
14867,65094.0,LAX,DTLA
14868,65095.0,LAX,LGB
14869,65097.0,LAX,UVS
14870,65098.0,LAX,HWD
14871,65101.0,LAX,UVS
14872,65102.0,LAX,BVH
14873,65109.0,LAX,DTLA
14874,65110.0,LAX,UVS
14875,65112.0,LAX,PSD
14876,65114.0,LAX,ANH
14877,65115.0,LAX,PSD
14878,65119.0,LAX,UVS
14879,65120.0,LAX,DTLA
14880,65121.0,LAX,LGB
14881,65122.0,LAX,LGB
14882,65134.0,LAX,HWD
14883,65139.0,LAX,HWD
14884,65145.0,LAX,HWD
14885,65147.0,LAX,HWD
14886,65158.0,LAX,ANH
14887,65159.0,LAX,UVS
14888,65166.0,LAX,PSD
14889,65191.0,LAX,DTLA
14890,65203.0,LAX,DTLA
14891,65218.0,LAX,LGB
14892,65227.0,LAX,DTLA
14893,65232.0,LAX,BVH
14894,65245.0,LAX,HWD
14895,65330.0,LAX,DTLA
14896,65342.0,LAX,LGB
14897,65361.0,LAX,PSD
14898,65418.0,LAX,LGB
14899,65420.0,LAX,ANH
14900,65448.0,LAX,DTLA
14901,65449.0,LAX,WDHL
14902,65450.0,LAX,ANH
14903,65451.0,LAX,PSD
14904,65453.0,LAX,DTLA
14905,65454.0,LAX,ANH
14906,65464.0,LAX,BVH
14907,65467.0,LAX,LGB
14908,65471.0,LAX,ANH
14909,65471.0,LAX,HWD
14910,65472.0,LAX,DTLA
14911,65489.0,LAX,ANH
14912,65508.0,LAX,HWD
14913,65521.0,LAX,ANH
14914,65533.0,LAX,HWD
14915,65535.0,LAX,PSD
14916,65540.0,LAX,DTLA
14917,65550.0,LAX,PSD
14918,65557.0,LAX,DTLA
14919,65559.0,LAX,LGB
14920,65564.0,LAX,ANH
14921,65566.0,LAX,DTLA
14922,65568.0,LAX,LGB
14923,65574.0,LAX,HWD
14924,65574.0,LAX,LGB
14925,65576.0,LAX,HWD
14926,65577.0,LAX,PSD
14927,65579.0,LAX,DTLA
14928,65582.0,LAX,DTLA
14929,65587.0,LAX,ANH
14930,65591.0,LAX,WDHL
14931,65596.0,LAX,BVH
14932,65600.0,LAX,HWD
14933,65609.0,LAX,LGB
14934,65616.0,LAX,LGB
14935,65619.0,LAX,DTLA
14936,65627.0,LAX,WDHL
14937,65640.0,LAX,DTLA
14938,65641.0,LAX,PSD
14939,65642.0,LAX,DTLA
14940,65648.0,LAX,HWD
14941,65649.0,LAX,HWD
14942,65651.0,LAX,DTLA
14943,65674.0,LAX,ANH
14944,65682.0,LAX,DTLA
14945,65686.0,LAX,DTLA
14946,65702.0,LAX,LGB
14947,65710.0,LAX,ANH
14948,65712.0,LAX,ANH
14949,65715.0,LAX,BVH
14950,65717.0,LAX,ANH
14951,65727.0,LAX,PSD
14952,65731.0,LAX,ANH
14953,65737.0,LAX,ANH
14954,65749.0,LAX,ANH
14955,65751.0,LAX,PSD
14956,65757.0,LAX,PSD
14957,65758.0,LAX,BVH
14958,65762.0,LAX,ANH
14959,65764.0,LAX,DTLA
14960,65766.0,LAX,ANH
14961,65768.0,LAX,WDHL
14962,65770.0,LAX,BVH
14963,65779.0,LAX,UVS
14964,65780.0,LAX,DTLA
14965,65786.0,LAX,DTLA
14966,65793.0,LAX,PSD
14967,65797.0,LAX,ANH
14968,65802.0,LAX,PSD
14969,65804.0,LAX,BVH
14970,65806.0,LAX,LGB
14971,65815.0,LAX,WDHL
14972,65819.0,LAX,UVS
14973,65821.0,LAX,HWD
14974,65823.0,LAX,HWD
14975,65825.0,LAX,BVH
14976,65838.0,LAX,DTLA
14977,65842.0,LAX,DTLA
14978,65844.0,LAX,DTLA
14979,65856.0,LAX,ANH
14980,65861.0,LAX,HWD
14981,65867.0,LAX,ANH
14982,65869.0,LAX,HWD
14983,65872.0,LAX,ANH
14984,65874.0,LAX,HWD
14985,65876.0,LAX,BVH
14986,65878.0,LAX,DTLA
14987,65893.0,LAX,ANH
14988,65905.0,LAX,ANH
14989,65910.0,LAX,DTLA
14990,65925.0,LAX,DTLA
14991,65934.0,LAX,PSD
14992,65960.0,LAX,ANH
14993,65966.0,LAX,UVS
14994,65993.0,LAX,DTLA
14995,66004.0,LAX,PSD
14996,66005.0,LAX,DTLA
14997,66024.0,LAX,DTLA
14998,66055.0,LAX,ANH
14999,66056.0,LAX,LGB
15000,66066.0,LAX,ANH
15001,66069.0,LAX,DTLA
15002,66073.0,LAX,BVH
15003,66076.0,LAX,HWD
15004,66081.0,LAX,ANH
15005,66084.0,LAX,PSD
15006,66106.0,LAX,DTLA
15007,66114.0,LAX,HWD
15008,66117.0,LAX,ANH
15009,66122.0,LAX,HWD
15010,66148.0,LAX,DTLA
15011,66166.0,LAX,ANH
15012,66192.0,LAX,LGB
15013,66193.0,LAX,ANH
15014,66200.0,LAX,UVS
15015,66212.0,LAX,LGB
15016,66216.0,LAX,WDHL
15017,66221.0,LAX,ANH
15018,66229.0,LAX,WDHL
15019,66260.0,LAX,BVH
15020,66266.0,LAX,LGB
15021,66270.0,LAX,DTLA
15022,66279.0,LAX,DTLA
15023,66287.0,LAX,DTLA
15024,66315.0,LAX,HWD
15025,66328.0,LAX,HWD
15026,66381.0,LAX,ANH
15027,66405.0,LAX,DTLA
15028,66416.0,LAX,BVH
15029,66475.0,LAX,DTLA
15030,66476.0,LAX,LGB
15031,66483.0,LAX,PSD
15032,66486.0,LAX,UVS
15033,66487.0,LAX,DTLA
15034,66489.0,LAX,PSD
15035,66495.0,LAX,HWD
15036,66495.0,LAX,DTLA
15037,66508.0,LAX,UVS
15038,66517.0,LAX,WDHL
15039,66525.0,LAX,DTLA
15040,66529.0,LAX,HWD
15041,66537.0,LAX,LGB
15042,66538.0,LAX,ANH
15043,66540.0,LAX,DTLA
15044,66552.0,LAX,ANH
15045,66559.0,LAX,ANH
15046,66565.0,LAX,DTLA
15047,66580.0,LAX,ANH
15048,66601.0,LAX,BVH
15049,66606.0,LAX,HWD
15050,66609.0,LAX,HWD
15051,66616.0,LAX,ANH
15052,66617.0,LAX,WDHL
15053,66618.0,LAX,DTLA
15054,66621.0,LAX,PSD
15055,66622.0,LAX,BVH
15056,66631.0,LAX,BVH
15057,66632.0,LAX,DTLA
15058,66640.0,LAX,ANH
15059,66644.0,LAX,ANH
15060,66657.0,LAX,LGB
15061,66657.0,LAX,ANH
15062,66659.0,LAX,LGB
15063,66663.0,LAX,PSD
15064,66663.0,LAX,DTLA
15065,66676.0,LAX,HWD
15066,66678.0,LAX,ANH
15067,66680.0,LAX,DTLA
15068,66681.0,LAX,HWD
15069,66684.0,LAX,BVH
15070,66688.0,LAX,LGB
15071,66691.0,LAX,ANH
15072,66692.0,LAX,WDHL
15073,66692.0,LAX,ANH
15074,66693.0,LAX,BVH
15075,66695.0,LAX,HWD
15076,66697.0,LAX,HWD
15077,66699.0,LAX,DTLA
15078,66707.0,LAX,LGB
15079,66712.0,LAX,PSD
15080,66714.0,LAX,DTLA
15081,66714.0,LAX,DTLA
15082,66726.0,LAX,LGB
15083,66730.0,LAX,DTLA
15084,66730.0,LAX,LGB
15085,66733.0,LAX,DTLA
15086,66737.0,LAX,HWD
15087,66744.0,LAX,HWD
15088,66744.0,LAX,UVS
15089,66747.0,LAX,HWD
15090,66754.0,LAX,DTLA
15091,66754.0,LAX,BVH
15092,66757.0,LAX,PSD
15093,66760.0,LAX,BVH
15094,66765.0,LAX,HWD
15095,66767.0,LAX,HWD
15096,66767.0,LAX,DTLA
15097,66777.0,LAX,ANH
15098,66778.0,LAX,HWD
15099,66787.0,LAX,ANH
15100,66794.0,LAX,DTLA
15101,66795.0,LAX,PSD
15102,66810.0,LAX,ANH
15103,66831.0,LAX,WDHL
15104,66833.0,LAX,HWD
15105,66839.0,LAX,PSD
15106,66855.0,LAX,BVH
15107,66859.0,LAX,LGB
15108,66863.0,LAX,LGB
15109,66880.0,LAX,HWD
15110,66883.0,LAX,ANH
15111,66887.0,LAX,DTLA
15112,66905.0,LAX,HWD
15113,66911.0,LAX,BVH
15114,66919.0,LAX,PSD
15115,66956.0,LAX,DTLA
15116,66959.0,LAX,BVH
15117,66972.0,LAX,HWD
15118,66973.0,LAX,PSD
15119,66974.0,LAX,DTLA
15120,66982.0,LAX,BVH
15121,66989.0,LAX,DTLA
15122,66995.0,LAX,UVS
15123,67018.0,LAX,UVS
15124,67023.0,LAX,HWD
15125,67025.0,LAX,HWD
15126,67026.0,LAX,DTLA
15127,67028.0,LAX,PSD
15128,67037.0,LAX,WDHL
15129,67045.0,LAX,DTLA
15130,67046.0,LAX,DTLA
15131,67071.0,LAX,ANH
15132,67071.0,LAX,UVS
15133,67079.0,LAX,HWD
15134,67080.0,LAX,BVH
15135,67100.0,LAX,ANH
15136,67113.0,LAX,ANH
15137,67144.0,LAX,HWD
15138,67154.0,LAX,PSD
15139,67156.0,LAX,ANH
15140,67180.0,LAX,BVH
15141,67200.0,LAX,PSD
15142,67202.0,LAX,HWD
15143,67246.0,LAX,WDHL
15144,67268.0,LAX,ANH
15145,67292.0,LAX,PSD
15146,67317.0,LAX,DTLA
15147,67328.0,LAX,HWD
15148,67353.0,LAX,BVH
15149,67353.0,LAX,BVH
15150,67393.0,LAX,DTLA
15151,67428.0,LAX,PSD
15152,67436.0,LAX,ANH
15153,67436.0,LAX,HWD
15154,67437.0,LAX,ANH
15155,67454.0,LAX,ANH
15156,67459.0,LAX,WDHL
15157,67463.0,LAX,ANH
15158,67481.0,LAX,DTLA
15159,67482.0,LAX,ANH
15160,67484.0,LAX,WDHL
15161,67490.0,LAX,HWD
15162,67490.0,LAX,LGB
15163,67494.0,LAX,DTLA
15164,67496.0,LAX,DTLA
15165,67497.0,LAX,ANH
15166,67499.0,LAX,ANH
15167,67500.0,LAX,WDHL
15168,67515.0,LAX,HWD
15169,67516.0,LAX,UVS
15170,67517.0,LAX,WDHL
15171,67531.0,LAX,ANH
15172,67535.0,LAX,DTLA
15173,67536.0,LAX,WDHL
15174,67541.0,LAX,LGB
15175,67542.0,LAX,DTLA
15176,67544.0,LAX,ANH
15177,67555.0,LAX,HWD
15178,67556.0,LAX,PSD
15179,67561.0,LAX,DTLA
15180,67565.0,LAX,WDHL
15181,67572.0,LAX,PSD
15182,67581.0,LAX,LGB
15183,67594.0,LAX,ANH
15184,67600.0,LAX,ANH
15185,67608.0,LAX,HWD
15186,67614.0,LAX,ANH
15187,67629.0,LAX,DTLA
15188,67636.0,LAX,ANH
15189,67640.0,LAX,ANH
15190,67646.0,LAX,LGB
15191,67653.0,LAX,LGB
15192,67663.0,LAX,PSD
15193,67665.0,LAX,BVH
15194,67668.0,LAX,HWD
15195,67670.0,LAX,LGB
15196,67677.0,LAX,WDHL
15197,67679.0,LAX,ANH
15198,67679.0,LAX,ANH
15199,67682.0,LAX,BVH
15200,67685.0,LAX,ANH
15201,67694.0,LAX,DTLA
15202,67710.0,LAX,ANH
15203,67713.0,LAX,UVS
15204,67738.0,LAX,ANH
15205,67749.0,LAX,PSD
15206,67784.0,LAX,HWD
15207,67796.0,LAX,LGB
15208,67810.0,LAX,WDHL
15209,67818.0,LAX,HWD
15210,67845.0,LAX,LGB
15211,67867.0,LAX,LGB
15212,67880.0,LAX,DTLA
15213,67914.0,LAX,ANH
15214,67962.0,LAX,HWD
15215,67963.0,LAX,DTLA
15216,67967.0,LAX,LGB
15217,67990.0,LAX,ANH
15218,67994.0,LAX,DTLA
15219,68013.0,LAX,ANH
15220,68018.0,LAX,ANH
15221,68028.0,LAX,HWD
15222,68030.0,LAX,ANH
15223,68042.0,LAX,WDHL
15224,68043.0,LAX,DTLA
15225,68043.0,LAX,WDHL
15226,68046.0,LAX,HWD
15227,68048.0,LAX,DTLA
15228,68052.0,LAX,ANH
15229,68054.0,LAX,ANH
15230,68056.0,LAX,DTLA
15231,68063.0,LAX,LGB
15232,68072.0,LAX,ANH
15233,68076.0,LAX,DTLA
15234,68101.0,LAX,ANH
15235,68104.0,LAX,PSD
15236,68106.0,LAX,DTLA
15237,68110.0,LAX,DTLA
15238,68113.0,LAX,WDHL
15239,68119.0,LAX,DTLA
15240,68120.0,LAX,DTLA
15241,68126.0,LAX,DTLA
15242,68131.0,LAX,DTLA
15243,68133.0,LAX,WDHL
15244,68137.0,LAX,HWD
15245,68149.0,LAX,UVS
15246,68168.0,LAX,ANH
15247,68168.0,LAX,DTLA
15248,68183.0,LAX,DTLA
15249,68188.0,LAX,ANH
15250,68190.0,LAX,DTLA
15251,68209.0,LAX,DTLA
15252,68239.0,LAX,WDHL
15253,68240.0,LAX,LGB
15254,68249.0,LAX,LGB
15255,68250.0,LAX,DTLA
15256,68252.0,LAX,ANH
15257,68256.0,LAX,LGB
15258,68282.0,LAX,WDHL
15259,68286.0,LAX,BVH
15260,68287.0,LAX,PSD
15261,68296.0,LAX,ANH
15262,68298.0,LAX,DTLA
15263,68314.0,LAX,DTLA
15264,68321.0,LAX,DTLA
15265,68325.0,LAX,ANH
15266,68332.0,LAX,DTLA
15267,68332.0,LAX,ANH
15268,68351.0,LAX,HWD
15269,68358.0,LAX,DTLA
15270,68392.0,LAX,WDHL
15271,68394.0,LAX,DTLA
15272,68417.0,LAX,LGB
15273,68420.0,LAX,ANH
15274,68439.0,LAX,UVS
15275,68442.0,LAX,DTLA
15276,68445.0,LAX,UVS
15277,68447.0,LAX,DTLA
15278,68469.0,LAX,BVH
15279,68469.0,LAX,LGB
15280,68481.0,LAX,LGB
15281,68490.0,LAX,ANH
15282,68499.0,LAX,PSD
15283,68504.0,LAX,UVS
15284,68518.0,LAX,HWD
15285,68530.0,LAX,PSD
15286,68537.0,LAX,PSD
15287,68538.0,LAX,PSD
15288,68544.0,LAX,ANH
15289,68547.0,LAX,DTLA
15290,68553.0,LAX,LGB
15291,68555.0,LAX,DTLA
15292,68563.0,LAX,WDHL
15293,68579.0,LAX,UVS
15294,68579.0,LAX,HWD
15295,68581.0,LAX,HWD
15296,68583.0,LAX,DTLA
15297,68583.0,LAX,DTLA
15298,68584.0,LAX,ANH
15299,68597.0,LAX,HWD
15300,68603.0,LAX,DTLA
15301,68618.0,LAX,WDHL
15302,68620.0,LAX,ANH
15303,68633.0,LAX,ANH
15304,68634.0,LAX,DTLA
15305,68636.0,LAX,LGB
15306,68646.0,LAX,DTLA
15307,68648.0,LAX,ANH
15308,68654.0,LAX,PSD
15309,68654.0,LAX,DTLA
15310,68657.0,LAX,HWD
15311,68662.0,LAX,ANH
15312,68665.0,LAX,LGB
15313,68671.0,LAX,ANH
15314,68673.0,LAX,HWD
15315,68700.0,LAX,LGB
15316,68710.0,LAX,LGB
15317,68720.0,LAX,DTLA
15318,68733.0,LAX,ANH
15319,68741.0,LAX,DTLA
15320,68750.0,LAX,HWD
15321,68775.0,LAX,DTLA
15322,68783.0,LAX,DTLA
15323,68794.0,LAX,LGB
15324,68799.0,LAX,DTLA
15325,68809.0,LAX,BVH
15326,68823.0,LAX,ANH
15327,68825.0,LAX,HWD
15328,68830.0,LAX,ANH
15329,68837.0,LAX,UVS
15330,68852.0,LAX,LGB
15331,68855.0,LAX,ANH
15332,68861.0,LAX,ANH
15333,68861.0,LAX,BVH
15334,68882.0,LAX,DTLA
15335,68901.0,LAX,LGB
15336,68904.0,LAX,LGB
15337,68910.0,LAX,ANH
15338,68917.0,LAX,ANH
15339,68917.0,LAX,LGB
15340,68918.0,LAX,PSD
15341,68921.0,LAX,DTLA
15342,68927.0,LAX,ANH
15343,68930.0,LAX,DTLA
15344,68931.0,LAX,DTLA
15345,68932.0,LAX,ANH
15346,68934.0,LAX,DTLA
15347,68936.0,LAX,DTLA
15348,68940.0,LAX,UVS
15349,68963.0,LAX,UVS
15350,68964.0,LAX,BVH
15351,68966.0,LAX,HWD
15352,68972.0,LAX,HWD
15353,68977.0,LAX,DTLA
15354,68979.0,LAX,LGB
15355,68990.0,LAX,ANH
15356,68995.0,LAX,ANH
15357,68998.0,LAX,HWD
15358,68998.0,LAX,WDHL
15359,68999.0,LAX,HWD
15360,69001.0,LAX,DTLA
15361,69007.0,LAX,ANH
15362,69008.0,LAX,DTLA
15363,69012.0,LAX,UVS
15364,69014.0,LAX,DTLA
15365,69014.0,LAX,DTLA
15366,69019.0,LAX,HWD
15367,69021.0,LAX,ANH
15368,69032.0,LAX,LGB
15369,69044.0,LAX,DTLA
15370,69045.0,LAX,DTLA
15371,69046.0,LAX,WDHL
15372,69046.0,LAX,HWD
15373,69048.0,LAX,LGB
15374,69055.0,LAX,BVH
15375,69059.0,LAX,HWD
15376,69063.0,LAX,DTLA
15377,69067.0,LAX,ANH
15378,69069.0,LAX,ANH
15379,69072.0,LAX,ANH
15380,69074.0,LAX,ANH
15381,69088.0,LAX,WDHL
15382,69093.0,LAX,DTLA
15383,69108.0,LAX,HWD
15384,69114.0,LAX,DTLA
15385,69120.0,LAX,DTLA
15386,69121.0,LAX,BVH
15387,69126.0,LAX,LGB
15388,69128.0,LAX,DTLA
15389,69137.0,LAX,UVS
15390,69142.0,LAX,DTLA
15391,69145.0,LAX,HWD
15392,69148.0,LAX,HWD
15393,69149.0,LAX,HWD
15394,69149.0,LAX,DTLA
15395,69150.0,LAX,PSD
15396,69152.0,LAX,ANH
15397,69153.0,LAX,HWD
15398,69154.0,LAX,BVH
15399,69156.0,LAX,LGB
15400,69162.0,LAX,DTLA
15401,69181.0,LAX,HWD
15402,69185.0,LAX,HWD
15403,69187.0,LAX,ANH
15404,69187.0,LAX,BVH
15405,69196.0,LAX,ANH
15406,69196.0,LAX,LGB
15407,69214.0,LAX,HWD
15408,69221.0,LAX,UVS
15409,69224.0,LAX,HWD
15410,69225.0,LAX,BVH
15411,69227.0,LAX,LGB
15412,69231.0,LAX,DTLA
15413,69234.0,LAX,HWD
15414,69242.0,LAX,DTLA
15415,69250.0,LAX,BVH
15416,69263.0,LAX,ANH
15417,69270.0,LAX,HWD
15418,69275.0,LAX,PSD
15419,69276.0,LAX,ANH
15420,69280.0,LAX,LGB
15421,69288.0,LAX,BVH
15422,69289.0,LAX,HWD
15423,69290.0,LAX,HWD
15424,69299.0,LAX,BVH
15425,69300.0,LAX,DTLA
15426,69308.0,LAX,ANH
15427,69314.0,LAX,HWD
15428,69322.0,LAX,ANH
15429,69334.0,LAX,ANH
15430,69343.0,LAX,BVH
15431,69344.0,LAX,DTLA
15432,69356.0,LAX,ANH
15433,69364.0,LAX,WDHL
15434,69372.0,LAX,DTLA
15435,69381.0,LAX,HWD
15436,69393.0,LAX,ANH
15437,69396.0,LAX,WDHL
15438,69405.0,LAX,LGB
15439,69419.0,LAX,HWD
15440,69421.0,LAX,DTLA
15441,69430.0,LAX,ANH
15442,69447.0,LAX,HWD
15443,69453.0,LAX,HWD
15444,69455.0,LAX,ANH
15445,69479.0,LAX,BVH
15446,69479.0,LAX,ANH
15447,69491.0,LAX,ANH
15448,69501.0,LAX,PSD
15449,69503.0,LAX,LGB
15450,69530.0,LAX,HWD
15451,69537.0,LAX,ANH
15452,69582.0,LAX,PSD
15453,69583.0,LAX,HWD
15454,69584.0,LAX,PSD
15455,69605.0,LAX,DTLA
15456,69606.0,LAX,HWD
15457,69611.0,LAX,PSD
15458,69629.0,LAX,DTLA
15459,69631.0,LAX,ANH
15460,69633.0,LAX,PSD
15461,69634.0,LAX,DTLA
15462,69639.0,LAX,ANH
15463,69639.0,LAX,PSD
15464,69641.0,LAX,PSD
15465,69645.0,LAX,DTLA
15466,69655.0,LAX,ANH
15467,69660.0,LAX,HWD
15468,69661.0,LAX,ANH
15469,69666.0,LAX,ANH
15470,69666.0,LAX,WDHL
15471,69670.0,LAX,LGB
15472,69675.0,LAX,HWD
15473,69675.0,LAX,DTLA
15474,69676.0,LAX,LGB
15475,69686.0,LAX,UVS
15476,69691.0,LAX,HWD
15477,69699.0,LAX,DTLA
15478,69712.0,LAX,UVS
15479,69718.0,LAX,DTLA
15480,69719.0,LAX,DTLA
15481,69719.0,LAX,ANH
15482,69721.0,LAX,ANH
15483,69724.0,LAX,ANH
15484,69732.0,LAX,DTLA
15485,69734.0,LAX,DTLA
15486,69737.0,LAX,WDHL
15487,69738.0,LAX,ANH
15488,69744.0,LAX,HWD
15489,69747.0,LAX,DTLA
15490,69749.0,LAX,LGB
15491,69750.0,LAX,HWD
15492,69756.0,LAX,DTLA
15493,69765.0,LAX,WDHL
15494,69777.0,LAX,PSD
15495,69778.0,LAX,BVH
15496,69791.0,LAX,HWD
15497,69793.0,LAX,HWD
15498,69802.0,LAX,LGB
15499,69806.0,LAX,UVS
15500,69815.0,LAX,PSD
15501,69817.0,LAX,HWD
15502,69819.0,LAX,LGB
15503,69822.0,LAX,WDHL
15504,69825.0,LAX,DTLA
15505,69826.0,LAX,PSD
15506,69828.0,LAX,HWD
15507,69829.0,LAX,DTLA
15508,69829.0,LAX,DTLA
15509,69836.0,LAX,ANH
15510,69839.0,LAX,ANH
15511,69850.0,LAX,LGB
15512,69866.0,LAX,PSD
15513,69870.0,LAX,DTLA
15514,69871.0,LAX,HWD
15515,69871.0,LAX,PSD
15516,69871.0,LAX,HWD
15517,69875.0,LAX,BVH
15518,69876.0,LAX,ANH
15519,69884.0,LAX,DTLA
15520,69907.0,LAX,PSD
15521,69913.0,LAX,DTLA
15522,69913.0,LAX,ANH
15523,69914.0,LAX,DTLA
15524,69916.0,LAX,ANH
15525,69920.0,LAX,LGB
15526,69921.0,LAX,HWD
15527,69922.0,LAX,WDHL
15528,69925.0,LAX,ANH
15529,69931.0,LAX,UVS
15530,69932.0,LAX,HWD
15531,69936.0,LAX,ANH
15532,69937.0,LAX,HWD
15533,69937.0,LAX,PSD
15534,69937.0,LAX,WDHL
15535,69941.0,LAX,PSD
15536,69947.0,LAX,DTLA
15537,69947.0,LAX,LGB
15538,69948.0,LAX,BVH
15539,69952.0,LAX,DTLA
15540,69952.0,LAX,PSD
15541,69956.0,LAX,HWD
15542,69963.0,LAX,HWD
15543,69965.0,LAX,BVH
15544,69966.0,LAX,DTLA
15545,69967.0,LAX,DTLA
15546,69974.0,LAX,LGB
15547,69977.0,LAX,WDHL
15548,69983.0,LAX,LGB
15549,69984.0,LAX,ANH
15550,69984.0,LAX,LGB
15551,69985.0,LAX,UVS
15552,69991.0,LAX,PSD
15553,69993.0,LAX,UVS
15554,69999.0,LAX,ANH
15555,70005.0,LAX,DTLA
15556,70006.0,LAX,LGB
15557,70010.0,LAX,LGB
15558,70014.0,LAX,DTLA
15559,70016.0,LAX,HWD
15560,70020.0,LAX,HWD
15561,70024.0,LAX,LGB
15562,70025.0,LAX,LGB
15563,70026.0,LAX,ANH
15564,70032.0,LAX,WDHL
15565,70037.0,LAX,ANH
15566,70044.0,LAX,ANH
15567,70045.0,LAX,DTLA
15568,70071.0,LAX,LGB
15569,70072.0,LAX,WDHL
15570,70077.0,LAX,DTLA
15571,70078.0,LAX,LGB
15572,70083.0,LAX,WDHL
15573,70089.0,LAX,HWD
15574,70093.0,LAX,ANH
15575,70093.0,LAX,ANH
15576,70098.0,LAX,LGB
15577,70099.0,LAX,DTLA
15578,70099.0,LAX,WDHL
15579,70111.0,LAX,ANH
15580,70125.0,LAX,ANH
15581,70130.0,LAX,LGB
15582,70132.0,LAX,ANH
15583,70143.0,LAX,BVH
15584,70148.0,LAX,HWD
15585,70150.0,LAX,WDHL
15586,70159.0,LAX,PSD
15587,70166.0,LAX,LGB
15588,70170.0,LAX,WDHL
15589,70181.0,LAX,HWD
15590,70185.0,LAX,ANH
15591,70188.0,LAX,LGB
15592,70188.0,LAX,WDHL
15593,70204.0,LAX,DTLA
15594,70209.0,LAX,LGB
15595,70212.0,LAX,BVH
15596,70216.0,LAX,ANH
15597,70244.0,LAX,ANH
15598,70244.0,LAX,ANH
15599,70258.0,LAX,UVS
15600,70277.0,LAX,LGB
15601,70288.0,LAX,PSD
15602,70302.0,LAX,BVH
15603,70304.0,LAX,DTLA
15604,70309.0,LAX,DTLA
15605,70315.0,LAX,DTLA
15606,70315.0,LAX,HWD
15607,70318.0,LAX,PSD
15608,70329.0,LAX,DTLA
15609,70329.0,LAX,PSD
15610,70334.0,LAX,UVS
15611,70348.0,LAX,LGB
15612,70349.0,LAX,LGB
15613,70359.0,LAX,LGB
15614,70359.0,LAX,HWD
15615,70390.0,LAX,DTLA
15616,70391.0,LAX,DTLA
15617,70398.0,LAX,ANH
15618,70399.0,LAX,HWD
15619,70401.0,LAX,BVH
15620,70402.0,LAX,ANH
15621,70403.0,LAX,BVH
15622,70411.0,LAX,LGB
15623,70411.0,LAX,HWD
15624,70420.0,LAX,ANH
15625,70424.0,LAX,HWD
15626,70427.0,LAX,DTLA
15627,70431.0,LAX,HWD
15628,70448.0,LAX,DTLA
15629,70459.0,LAX,LGB
15630,70475.0,LAX,LGB
15631,70482.0,LAX,DTLA
15632,70483.0,LAX,DTLA
15633,70488.0,LAX,ANH
15634,70489.0,LAX,DTLA
15635,70496.0,LAX,HWD
15636,70497.0,LAX,UVS
15637,70498.0,LAX,ANH
15638,70508.0,LAX,DTLA
15639,70512.0,LAX,ANH
15640,70515.0,LAX,HWD
15641,70522.0,LAX,LGB
15642,70523.0,LAX,UVS
15643,70525.0,LAX,DTLA
15644,70526.0,LAX,ANH
15645,70533.0,LAX,DTLA
15646,70536.0,LAX,LGB
15647,70541.0,LAX,ANH
15648,70546.0,LAX,DTLA
15649,70551.0,LAX,LGB
15650,70552.0,LAX,ANH
15651,70558.0,LAX,DTLA
15652,70564.0,LAX,BVH
15653,70569.0,LAX,LGB
15654,70573.0,LAX,UVS
15655,70574.0,LAX,ANH
15656,70578.0,LAX,DTLA
15657,70580.0,LAX,WDHL
15658,70591.0,LAX,PSD
15659,70597.0,LAX,LGB
15660,70617.0,LAX,ANH
15661,70619.0,LAX,BVH
15662,70620.0,LAX,ANH
15663,70621.0,LAX,LGB
15664,70625.0,LAX,ANH
15665,70627.0,LAX,DTLA
15666,70628.0,LAX,DTLA
15667,70630.0,LAX,HWD
15668,70633.0,LAX,ANH
15669,70643.0,LAX,DTLA
15670,70645.0,LAX,ANH
15671,70646.0,LAX,HWD
15672,70659.0,LAX,DTLA
15673,70668.0,LAX,HWD
15674,70670.0,LAX,UVS
15675,70689.0,LAX,ANH
15676,70691.0,LAX,ANH
15677,70691.0,LAX,PSD
15678,70695.0,LAX,LGB
15679,70696.0,LAX,WDHL
15680,70701.0,LAX,DTLA
15681,70708.0,LAX,HWD
15682,70719.0,LAX,LGB
15683,70724.0,LAX,PSD
15684,70733.0,LAX,BVH
15685,70750.0,LAX,LGB
15686,70753.0,LAX,DTLA
15687,70761.0,LAX,LGB
15688,70776.0,LAX,DTLA
15689,70779.0,LAX,WDHL
15690,70781.0,LAX,WDHL
15691,70783.0,LAX,ANH
15692,70787.0,LAX,PSD
15693,70788.0,LAX,ANH
15694,70792.0,LAX,DTLA
15695,70797.0,LAX,ANH
15696,70807.0,LAX,PSD
15697,70814.0,LAX,DTLA
15698,70817.0,LAX,PSD
15699,70826.0,LAX,HWD
15700,70831.0,LAX,HWD
15701,70835.0,LAX,HWD
15702,70835.0,LAX,PSD
15703,70841.0,LAX,PSD
15704,70856.0,LAX,HWD
15705,70874.0,LAX,LGB
15706,70883.0,LAX,DTLA
15707,70892.0,LAX,HWD
15708,70897.0,LAX,DTLA
15709,70899.0,LAX,UVS
15710,70919.0,LAX,ANH
15711,70920.0,LAX,HWD
15712,70920.0,LAX,LGB
15713,70921.0,LAX,WDHL
15714,70931.0,LAX,DTLA
15715,70931.0,LAX,WDHL
15716,70934.0,LAX,UVS
15717,70936.0,LAX,UVS
15718,70940.0,LAX,WDHL
15719,70943.0,LAX,DTLA
15720,70954.0,LAX,PSD
15721,70955.0,LAX,HWD
15722,70956.0,LAX,DTLA
15723,70961.0,LAX,DTLA
15724,70964.0,LAX,ANH
15725,70972.0,LAX,BVH
15726,70977.0,LAX,LGB
15727,70977.0,LAX,BVH
15728,70977.0,LAX,LGB
15729,70978.0,LAX,HWD
15730,70980.0,LAX,ANH
15731,70991.0,LAX,BVH
15732,71001.0,LAX,LGB
15733,71009.0,LAX,DTLA
15734,71018.0,LAX,HWD
15735,71018.0,LAX,WDHL
15736,71020.0,LAX,DTLA
15737,71026.0,LAX,DTLA
15738,71045.0,LAX,DTLA
15739,71046.0,LAX,WDHL
15740,71047.0,LAX,LGB
15741,71051.0,LAX,LGB
15742,71055.0,LAX,ANH
15743,71055.0,LAX,ANH
15744,71058.0,LAX,PSD
15745,71062.0,LAX,ANH
15746,71071.0,LAX,DTLA
15747,71071.0,LAX,LGB
15748,71083.0,LAX,DTLA
15749,71083.0,LAX,ANH
15750,71084.0,LAX,HWD
15751,71088.0,LAX,BVH
15752,71089.0,LAX,UVS
15753,71094.0,LAX,LGB
15754,71098.0,LAX,ANH
15755,71098.0,LAX,DTLA
15756,71104.0,LAX,DTLA
15757,71107.0,LAX,LGB
15758,71113.0,LAX,ANH
15759,71115.0,LAX,PSD
15760,71116.0,LAX,BVH
15761,71121.0,LAX,LGB
15762,71122.0,LAX,DTLA
15763,71131.0,LAX,HWD
15764,71133.0,LAX,DTLA
15765,71138.0,LAX,BVH
15766,71146.0,LAX,ANH
15767,71146.0,LAX,ANH
15768,71147.0,LAX,PSD
15769,71150.0,LAX,HWD
15770,71166.0,LAX,PSD
15771,71166.0,LAX,LGB
15772,71171.0,LAX,LGB
15773,71185.0,LAX,ANH
15774,71190.0,LAX,WDHL
15775,71193.0,LAX,HWD
15776,71193.0,LAX,ANH
15777,71197.0,LAX,PSD
15778,71199.0,LAX,BVH
15779,71203.0,LAX,HWD
15780,71209.0,LAX,DTLA
15781,71209.0,LAX,LGB
15782,71214.0,LAX,HWD
15783,71215.0,LAX,LGB
15784,71220.0,LAX,BVH
15785,71224.0,LAX,PSD
15786,71235.0,LAX,ANH
15787,71236.0,LAX,ANH
15788,71237.0,LAX,PSD
15789,71238.0,LAX,BVH
15790,71243.0,LAX,BVH
15791,71260.0,LAX,ANH
15792,71271.0,LAX,HWD
15793,71282.0,LAX,PSD
15794,71283.0,LAX,LGB
15795,71284.0,LAX,DTLA
15796,71285.0,LAX,LGB
15797,71293.0,LAX,BVH
15798,71296.0,LAX,BVH
15799,71296.0,LAX,DTLA
15800,71304.0,LAX,ANH
15801,71317.0,LAX,HWD
15802,71323.0,LAX,LGB
15803,71324.0,LAX,DTLA
15804,71326.0,LAX,ANH
15805,71345.0,LAX,BVH
15806,71350.0,LAX,DTLA
15807,71359.0,LAX,ANH
15808,71379.0,LAX,DTLA
15809,71383.0,LAX,ANH
15810,71387.0,LAX,ANH
15811,71392.0,LAX,DTLA
15812,71403.0,LAX,DTLA
15813,71415.0,LAX,BVH
15814,71418.0,LAX,DTLA
15815,71420.0,LAX,DTLA
15816,71428.0,LAX,LGB
15817,71466.0,LAX,PSD
15818,71467.0,LAX,DTLA
15819,71471.0,LAX,BVH
15820,71475.0,LAX,LGB
15821,71481.0,LAX,PSD
15822,71482.0,LAX,DTLA
15823,71492.0,LAX,ANH
15824,71495.0,LAX,ANH
15825,71496.0,LAX,ANH
15826,71504.0,LAX,ANH
15827,71520.0,LAX,DTLA
15828,71521.0,LAX,DTLA
15829,71527.0,LAX,ANH
15830,71540.0,LAX,BVH
15831,71547.0,LAX,BVH
15832,71565.0,LAX,DTLA
15833,71567.0,LAX,PSD
15834,71577.0,LAX,ANH
15835,71582.0,LAX,ANH
15836,71595.0,LAX,BVH
15837,71608.0,LAX,PSD
15838,71614.0,LAX,DTLA
15839,71614.0,LAX,HWD
15840,71626.0,LAX,DTLA
15841,71641.0,LAX,ANH
15842,71650.0,LAX,DTLA
15843,71659.0,LAX,DTLA
15844,71662.0,LAX,HWD
15845,71663.0,LAX,UVS
15846,71671.0,LAX,ANH
15847,71672.0,LAX,LGB
15848,71685.0,LAX,DTLA
15849,71687.0,LAX,LGB
15850,71688.0,LAX,DTLA
15851,71694.0,LAX,PSD
15852,71694.0,LAX,PSD
15853,71695.0,LAX,ANH
15854,71696.0,LAX,BVH
15855,71697.0,LAX,HWD
15856,71702.0,LAX,HWD
15857,71704.0,LAX,ANH
15858,71705.0,LAX,ANH
15859,71706.0,LAX,UVS
15860,71706.0,LAX,ANH
15861,71708.0,LAX,PSD
15862,71711.0,LAX,DTLA
15863,71713.0,LAX,WDHL
15864,71719.0,LAX,DTLA
15865,71721.0,LAX,HWD
15866,71721.0,LAX,ANH
15867,71724.0,LAX,DTLA
15868,71726.0,LAX,DTLA
15869,71733.0,LAX,DTLA
15870,71733.0,LAX,DTLA
15871,71742.0,LAX,PSD
15872,71747.0,LAX,DTLA
15873,71757.0,LAX,UVS
15874,71761.0,LAX,HWD
15875,71763.0,LAX,DTLA
15876,71767.0,LAX,UVS
15877,71767.0,LAX,ANH
15878,71768.0,LAX,ANH
15879,71773.0,LAX,WDHL
15880,71773.0,LAX,UVS
15881,71789.0,LAX,BVH
15882,71792.0,LAX,UVS
15883,71796.0,LAX,DTLA
15884,71797.0,LAX,ANH
15885,71798.0,LAX,DTLA
15886,71800.0,LAX,BVH
15887,71801.0,LAX,ANH
15888,71807.0,LAX,DTLA
15889,71807.0,LAX,ANH
15890,71812.0,LAX,HWD
15891,71815.0,LAX,ANH
15892,71819.0,LAX,DTLA
15893,71827.0,LAX,UVS
15894,71830.0,LAX,LGB
15895,71836.0,LAX,BVH
15896,71837.0,LAX,HWD
15897,71837.0,LAX,DTLA
15898,71839.0,LAX,UVS
15899,71846.0,LAX,LGB
15900,71851.0,LAX,LGB
15901,71855.0,LAX,DTLA
15902,71858.0,LAX,DTLA
15903,71858.0,LAX,ANH
15904,71860.0,LAX,DTLA
15905,71864.0,LAX,DTLA
15906,71865.0,LAX,WDHL
15907,71868.0,LAX,DTLA
15908,71869.0,LAX,DTLA
15909,71871.0,LAX,HWD
15910,71876.0,LAX,UVS
15911,71877.0,LAX,DTLA
15912,71883.0,LAX,PSD
15913,71886.0,LAX,HWD
15914,71890.0,LAX,LGB
15915,71890.0,LAX,HWD
15916,71894.0,LAX,ANH
15917,71895.0,LAX,DTLA
15918,71902.0,LAX,DTLA
15919,71903.0,LAX,LGB
15920,71908.0,LAX,DTLA
15921,71929.0,LAX,PSD
15922,71932.0,LAX,HWD
15923,71932.0,LAX,HWD
15924,71944.0,LAX,LGB
15925,71953.0,LAX,ANH
15926,71958.0,LAX,WDHL
15927,71964.0,LAX,DTLA
15928,71974.0,LAX,ANH
15929,71974.0,LAX,PSD
15930,71976.0,LAX,HWD
15931,71979.0,LAX,ANH
15932,71980.0,LAX,BVH
15933,71981.0,LAX,ANH
15934,71983.0,LAX,BVH
15935,71999.0,LAX,PSD
15936,72009.0,LAX,LGB
15937,72017.0,LAX,LGB
15938,72019.0,LAX,ANH
15939,72020.0,LAX,BVH
15940,72023.0,LAX,ANH
15941,72030.0,LAX,ANH
15942,72042.0,LAX,DTLA
15943,72051.0,LAX,LGB
15944,72052.0,LAX,WDHL
15945,72054.0,LAX,PSD
15946,72089.0,LAX,DTLA
15947,72090.0,LAX,DTLA
15948,72091.0,LAX,DTLA
15949,72092.0,LAX,ANH
15950,72104.0,LAX,PSD
15951,72107.0,LAX,PSD
15952,72109.0,LAX,ANH
15953,72125.0,LAX,DTLA
15954,72127.0,LAX,BVH
15955,72129.0,LAX,ANH
15956,72136.0,LAX,BVH
15957,72145.0,LAX,WDHL
15958,72164.0,LAX,HWD
15959,72165.0,LAX,HWD
15960,72201.0,LAX,HWD
15961,72210.0,LAX,HWD
15962,72226.0,LAX,UVS
15963,72229.0,LAX,BVH
15964,72232.0,LAX,DTLA
15965,72266.0,LAX,HWD
15966,72287.0,LAX,ANH
15967,72303.0,LAX,WDHL
15968,72317.0,LAX,BVH
15969,72323.0,LAX,PSD
15970,72323.0,LAX,HWD
15971,72328.0,LAX,HWD
15972,72343.0,LAX,HWD
15973,72389.0,LAX,HWD
15974,72411.0,LAX,BVH
15975,72415.0,LAX,HWD
15976,72420.0,LAX,BVH
15977,72431.0,LAX,BVH
15978,72433.0,LAX,ANH
15979,72437.0,LAX,DTLA
15980,72438.0,LAX,ANH
15981,72443.0,LAX,HWD
15982,72449.0,LAX,ANH
15983,72453.0,LAX,ANH
15984,72459.0,LAX,DTLA
15985,72461.0,LAX,LGB
15986,72462.0,LAX,DTLA
15987,72465.0,LAX,LGB
15988,72467.0,LAX,HWD
15989,72467.0,LAX,DTLA
15990,72469.0,LAX,ANH
15991,72476.0,LAX,WDHL
15992,72476.0,LAX,ANH
15993,72489.0,LAX,ANH
15994,72490.0,LAX,LGB
15995,72492.0,LAX,HWD
15996,72495.0,LAX,DTLA
15997,72495.0,LAX,LGB
15998,72498.0,LAX,ANH
15999,72501.0,LAX,ANH
16000,72502.0,LAX,ANH
16001,72503.0,LAX,PSD
16002,72521.0,LAX,ANH
16003,72522.0,LAX,LGB
16004,72524.0,LAX,DTLA
16005,72525.0,LAX,LGB
16006,72525.0,LAX,ANH
16007,72535.0,LAX,ANH
16008,72540.0,LAX,ANH
16009,72543.0,LAX,BVH
16010,72545.0,LAX,LGB
16011,72548.0,LAX,DTLA
16012,72550.0,LAX,LGB
16013,72558.0,LAX,LGB
16014,72562.0,LAX,DTLA
16015,72569.0,LAX,ANH
16016,72582.0,LAX,DTLA
16017,72585.0,LAX,UVS
16018,72593.0,LAX,HWD
16019,72599.0,LAX,BVH
16020,72600.0,LAX,BVH
16021,72604.0,LAX,HWD
16022,72604.0,LAX,LGB
16023,72610.0,LAX,LGB
16024,72615.0,LAX,ANH
16025,72620.0,LAX,WDHL
16026,72628.0,LAX,BVH
16027,72629.0,LAX,UVS
16028,72633.0,LAX,DTLA
16029,72636.0,LAX,ANH
16030,72643.0,LAX,HWD
16031,72649.0,LAX,PSD
16032,72657.0,LAX,DTLA
16033,72661.0,LAX,PSD
16034,72672.0,LAX,LGB
16035,72672.0,LAX,BVH
16036,72673.0,LAX,LGB
16037,72687.0,LAX,ANH
16038,72690.0,LAX,HWD
16039,72694.0,LAX,ANH
16040,72721.0,LAX,HWD
16041,72724.0,LAX,ANH
16042,72725.0,LAX,DTLA
16043,72726.0,LAX,PSD
16044,72739.0,LAX,HWD
16045,72757.0,LAX,ANH
16046,72759.0,LAX,ANH
16047,72768.0,LAX,DTLA
16048,72768.0,LAX,BVH
16049,72780.0,LAX,DTLA
16050,72781.0,LAX,DTLA
16051,72782.0,LAX,DTLA
16052,72783.0,LAX,DTLA
16053,72788.0,LAX,HWD
16054,72788.0,LAX,WDHL
16055,72802.0,LAX,PSD
16056,72805.0,LAX,DTLA
16057,72805.0,LAX,ANH
16058,72817.0,LAX,HWD
16059,72819.0,LAX,UVS
16060,72831.0,LAX,HWD
16061,72833.0,LAX,DTLA
16062,72836.0,LAX,PSD
16063,72843.0,LAX,DTLA
16064,72849.0,LAX,LGB
16065,72851.0,LAX,LGB
16066,72862.0,LAX,PSD
16067,72866.0,LAX,UVS
16068,72870.0,LAX,UVS
16069,72871.0,LAX,LGB
16070,72880.0,LAX,ANH
16071,72912.0,LAX,DTLA
16072,72920.0,LAX,LGB
16073,72934.0,LAX,ANH
16074,72941.0,LAX,BVH
16075,72950.0,LAX,DTLA
16076,72950.0,LAX,LGB
16077,73007.0,LAX,DTLA
16078,73021.0,LAX,HWD
16079,73027.0,LAX,ANH
16080,73063.0,LAX,HWD
16081,73075.0,LAX,HWD
16082,73080.0,LAX,DTLA
16083,73104.0,LAX,PSD
16084,73132.0,LAX,HWD
16085,73142.0,LAX,LGB
16086,73150.0,LAX,DTLA
16087,73160.0,LAX,PSD
16088,73167.0,LAX,UVS
16089,73182.0,LAX,HWD
16090,73196.0,LAX,UVS
16091,73239.0,LAX,DTLA
16092,73239.0,LAX,ANH
16093,73240.0,LAX,BVH
16094,73243.0,LAX,UVS
16095,73244.0,LAX,DTLA
16096,73266.0,LAX,LGB
16097,73274.0,LAX,DTLA
16098,73278.0,LAX,HWD
16099,73288.0,LAX,DTLA
16100,73289.0,LAX,WDHL
16101,73292.0,LAX,WDHL
16102,73304.0,LAX,DTLA
16103,73313.0,LAX,WDHL
16104,73329.0,LAX,HWD
16105,73357.0,LAX,ANH
16106,73366.0,LAX,DTLA
16107,73380.0,LAX,LGB
16108,73387.0,LAX,UVS
16109,73418.0,LAX,HWD
16110,73425.0,LAX,DTLA
16111,73475.0,LAX,DTLA
16112,73487.0,LAX,HWD
16113,73488.0,LAX,HWD
16114,73582.0,LAX,ANH
16115,73591.0,LAX,DTLA
16116,73604.0,LAX,LGB
16117,73617.0,LAX,DTLA
16118,73621.0,LAX,UVS
16119,73643.0,LAX,HWD
16120,73648.0,LAX,ANH
16121,73651.0,LAX,HWD
16122,73659.0,LAX,PSD
16123,73685.0,LAX,PSD
16124,73687.0,LAX,PSD
16125,73688.0,LAX,LGB
16126,73704.0,LAX,PSD
16127,73709.0,LAX,DTLA
16128,73712.0,LAX,WDHL
16129,73712.0,LAX,ANH
16130,73721.0,LAX,HWD
16131,73724.0,LAX,UVS
16132,73726.0,LAX,ANH
16133,73743.0,LAX,ANH
16134,73749.0,LAX,ANH
16135,73764.0,LAX,LGB
16136,73781.0,LAX,UVS
16137,73795.0,LAX,HWD
16138,73804.0,LAX,UVS
16139,73804.0,LAX,LGB
16140,73806.0,LAX,ANH
16141,73822.0,LAX,UVS
16142,73826.0,LAX,DTLA
16143,73826.0,LAX,BVH
16144,73833.0,LAX,LGB
16145,73836.0,LAX,ANH
16146,73853.0,LAX,BVH
16147,73854.0,LAX,UVS
16148,73855.0,LAX,DTLA
16149,73865.0,LAX,ANH
16150,73874.0,LAX,ANH
16151,73881.0,LAX,HWD
16152,73890.0,LAX,WDHL
16153,73894.0,LAX,DTLA
16154,73898.0,LAX,WDHL
16155,73904.0,LAX,HWD
16156,73919.0,LAX,DTLA
16157,73920.0,LAX,UVS
16158,73923.0,LAX,BVH
16159,73925.0,LAX,DTLA
16160,73933.0,LAX,UVS
16161,73945.0,LAX,DTLA
16162,73947.0,LAX,HWD
16163,73954.0,LAX,ANH
16164,73966.0,LAX,PSD
16165,73967.0,LAX,LGB
16166,73978.0,LAX,BVH
16167,73994.0,LAX,DTLA
16168,73999.0,LAX,ANH
16169,74000.0,LAX,PSD
16170,74001.0,LAX,ANH
16171,74001.0,LAX,DTLA
16172,74007.0,LAX,ANH
16173,74011.0,LAX,UVS
16174,74018.0,LAX,PSD
16175,74023.0,LAX,HWD
16176,74025.0,LAX,BVH
16177,74027.0,LAX,DTLA
16178,74040.0,LAX,DTLA
16179,74054.0,LAX,HWD
16180,74058.0,LAX,UVS
16181,74079.0,LAX,PSD
16182,74082.0,LAX,BVH
16183,74101.0,LAX,PSD
16184,74102.0,LAX,BVH
16185,74105.0,LAX,ANH
16186,74119.0,LAX,BVH
16187,74121.0,LAX,ANH
16188,74146.0,LAX,ANH
16189,74146.0,LAX,ANH
16190,74154.0,LAX,BVH
16191,74155.0,LAX,UVS
16192,74157.0,LAX,DTLA
16193,74164.0,LAX,ANH
16194,74180.0,LAX,ANH
16195,74207.0,LAX,LGB
16196,74214.0,LAX,BVH
16197,74221.0,LAX,HWD
16198,74244.0,LAX,HWD
16199,74248.0,LAX,UVS
16200,74250.0,LAX,ANH
16201,74260.0,LAX,LGB
16202,74262.0,LAX,LGB
16203,74268.0,LAX,WDHL
16204,74275.0,LAX,DTLA
16205,74279.0,LAX,PSD
16206,74280.0,LAX,DTLA
16207,74282.0,LAX,LGB
16208,74283.0,LAX,HWD
16209,74295.0,LAX,ANH
16210,74312.0,LAX,DTLA
16211,74329.0,LAX,WDHL
16212,74342.0,LAX,BVH
16213,74343.0,LAX,UVS
16214,74353.0,LAX,PSD
16215,74366.0,LAX,HWD
16216,74368.0,LAX,ANH
16217,74368.0,LAX,PSD
16218,74387.0,LAX,HWD
16219,74393.0,LAX,LGB
16220,74396.0,LAX,UVS
16221,74401.0,LAX,PSD
16222,74403.0,LAX,ANH
16223,74406.0,LAX,DTLA
16224,74412.0,LAX,PSD
16225,74416.0,LAX,WDHL
16226,74419.0,LAX,LGB
16227,74432.0,LAX,PSD
16228,74438.0,LAX,LGB
16229,74443.0,LAX,LGB
16230,74448.0,LAX,BVH
16231,74465.0,LAX,LGB
16232,74470.0,LAX,DTLA
16233,74472.0,LAX,LGB
16234,74480.0,LAX,LGB
16235,74487.0,LAX,DTLA
16236,74491.0,LAX,WDHL
16237,74491.0,LAX,WDHL
16238,74498.0,LAX,BVH
16239,74525.0,LAX,HWD
16240,74542.0,LAX,LGB
16241,74544.0,LAX,LGB
16242,74545.0,LAX,ANH
16243,74545.0,LAX,ANH
16244,74549.0,LAX,LGB
16245,74556.0,LAX,LGB
16246,74557.0,LAX,HWD
16247,74565.0,LAX,HWD
16248,74574.0,LAX,DTLA
16249,74575.0,LAX,PSD
16250,74575.0,LAX,WDHL
16251,74597.0,LAX,WDHL
16252,74597.0,LAX,DTLA
16253,74598.0,LAX,DTLA
16254,74599.0,LAX,UVS
16255,74610.0,LAX,WDHL
16256,74611.0,LAX,HWD
16257,74618.0,LAX,PSD
16258,74626.0,LAX,ANH
16259,74633.0,LAX,HWD
16260,74638.0,LAX,ANH
16261,74641.0,LAX,LGB
16262,74644.0,LAX,HWD
16263,74647.0,LAX,DTLA
16264,74647.0,LAX,DTLA
16265,74648.0,LAX,DTLA
16266,74653.0,LAX,DTLA
16267,74654.0,LAX,HWD
16268,74659.0,LAX,DTLA
16269,74662.0,LAX,DTLA
16270,74676.0,LAX,HWD
16271,74682.0,LAX,ANH
16272,74687.0,LAX,PSD
16273,74688.0,LAX,PSD
16274,74691.0,LAX,ANH
16275,74697.0,LAX,PSD
16276,74701.0,LAX,BVH
16277,74701.0,LAX,ANH
16278,74709.0,LAX,LGB
16279,74714.0,LAX,LGB
16280,74715.0,LAX,ANH
16281,74717.0,LAX,DTLA
16282,74725.0,LAX,LGB
16283,74727.0,LAX,LGB
16284,74728.0,LAX,WDHL
16285,74732.0,LAX,LGB
16286,74748.0,LAX,HWD
16287,74749.0,LAX,BVH
16288,74764.0,LAX,HWD
16289,74764.0,LAX,ANH
16290,74775.0,LAX,HWD
16291,74780.0,LAX,DTLA
16292,74782.0,LAX,ANH
16293,74814.0,LAX,ANH
16294,74825.0,LAX,LGB
16295,74828.0,LAX,PSD
16296,74838.0,LAX,PSD
16297,74848.0,LAX,DTLA
16298,74868.0,LAX,UVS
16299,74876.0,LAX,ANH
16300,74894.0,LAX,DTLA
16301,74897.0,LAX,DTLA
16302,74900.0,LAX,HWD
16303,74903.0,LAX,LGB
16304,74923.0,LAX,DTLA
16305,74928.0,LAX,UVS
16306,74931.0,LAX,ANH
16307,74936.0,LAX,DTLA
16308,74940.0,LAX,ANH
16309,74942.0,LAX,ANH
16310,74949.0,LAX,HWD
16311,74949.0,LAX,HWD
16312,74950.0,LAX,HWD
16313,74953.0,LAX,UVS
16314,74956.0,LAX,UVS
16315,74960.0,LAX,DTLA
16316,74960.0,LAX,HWD
16317,74969.0,LAX,HWD
16318,74974.0,LAX,WDHL
16319,74977.0,LAX,ANH
16320,74990.0,LAX,DTLA
16321,74995.0,LAX,HWD
16322,75000.0,LAX,LGB
16323,75004.0,LAX,DTLA
16324,75004.0,LAX,LGB
16325,75010.0,LAX,WDHL
16326,75014.0,LAX,BVH
16327,75015.0,LAX,HWD
16328,75018.0,LAX,DTLA
16329,75021.0,LAX,DTLA
16330,75028.0,LAX,LGB
16331,75032.0,LAX,WDHL
16332,75043.0,LAX,UVS
16333,75055.0,LAX,ANH
16334,75057.0,LAX,ANH
16335,75057.0,LAX,DTLA
16336,75057.0,LAX,HWD
16337,75060.0,LAX,HWD
16338,75064.0,LAX,WDHL
16339,75083.0,LAX,DTLA
16340,75087.0,LAX,ANH
16341,75088.0,LAX,DTLA
16342,75097.0,LAX,PSD
16343,75104.0,LAX,UVS
16344,75105.0,LAX,DTLA
16345,75105.0,LAX,LGB
16346,75110.0,LAX,DTLA
16347,75114.0,LAX,WDHL
16348,75138.0,LAX,ANH
16349,75139.0,LAX,DTLA
16350,75140.0,LAX,ANH
16351,75142.0,LAX,ANH
16352,75145.0,LAX,PSD
16353,75150.0,LAX,UVS
16354,75153.0,LAX,WDHL
16355,75153.0,LAX,DTLA
16356,75157.0,LAX,ANH
16357,75159.0,LAX,LGB
16358,75160.0,LAX,BVH
16359,75176.0,LAX,LGB
16360,75183.0,LAX,WDHL
16361,75190.0,LAX,DTLA
16362,75194.0,LAX,LGB
16363,75204.0,LAX,HWD
16364,75213.0,LAX,HWD
16365,75221.0,LAX,BVH
16366,75224.0,LAX,HWD
16367,75227.0,LAX,HWD
16368,75228.0,LAX,HWD
16369,75228.0,LAX,ANH
16370,75228.0,LAX,ANH
16371,75245.0,LAX,HWD
16372,75251.0,LAX,LGB
16373,75257.0,LAX,HWD
16374,75258.0,LAX,HWD
16375,75263.0,LAX,ANH
16376,75282.0,LAX,PSD
16377,75288.0,LAX,ANH
16378,75293.0,LAX,ANH
16379,75294.0,LAX,HWD
16380,75297.0,LAX,ANH
16381,75298.0,LAX,BVH
16382,75303.0,LAX,DTLA
16383,75312.0,LAX,HWD
16384,75315.0,LAX,BVH
16385,75335.0,LAX,ANH
16386,75343.0,LAX,ANH
16387,75352.0,LAX,DTLA
16388,75356.0,LAX,ANH
16389,75360.0,LAX,ANH
16390,75366.0,LAX,DTLA
16391,75375.0,LAX,BVH
16392,75387.0,LAX,LGB
16393,75388.0,LAX,HWD
16394,75393.0,LAX,ANH
16395,75395.0,LAX,BVH
16396,75433.0,LAX,LGB
16397,75443.0,LAX,ANH
16398,75469.0,LAX,UVS
16399,75487.0,LAX,HWD
16400,75511.0,LAX,ANH
16401,75514.0,LAX,BVH
16402,75519.0,LAX,LGB
16403,75520.0,LAX,UVS
16404,75536.0,LAX,PSD
16405,75538.0,LAX,DTLA
16406,75547.0,LAX,LGB
16407,75548.0,LAX,BVH
16408,75554.0,LAX,DTLA
16409,75577.0,LAX,PSD
16410,75578.0,LAX,DTLA
16411,75581.0,LAX,WDHL
16412,75584.0,LAX,ANH
16413,75602.0,LAX,UVS
16414,75603.0,LAX,LGB
16415,75610.0,LAX,DTLA
16416,75611.0,LAX,UVS
16417,75615.0,LAX,BVH
16418,75617.0,LAX,LGB
16419,75631.0,LAX,DTLA
16420,75634.0,LAX,DTLA
16421,75639.0,LAX,BVH
16422,75650.0,LAX,UVS
16423,75651.0,LAX,PSD
16424,75656.0,LAX,LGB
16425,75662.0,LAX,DTLA
16426,75665.0,LAX,HWD
16427,75670.0,LAX,PSD
16428,75677.0,LAX,DTLA
16429,75681.0,LAX,LGB
16430,75684.0,LAX,PSD
16431,75685.0,LAX,PSD
16432,75686.0,LAX,BVH
16433,75687.0,LAX,DTLA
16434,75702.0,LAX,DTLA
16435,75710.0,LAX,ANH
16436,75713.0,LAX,DTLA
16437,75714.0,LAX,ANH
16438,75725.0,LAX,HWD
16439,75727.0,LAX,DTLA
16440,75729.0,LAX,UVS
16441,75736.0,LAX,ANH
16442,75744.0,LAX,ANH
16443,75756.0,LAX,LGB
16444,75761.0,LAX,PSD
16445,75769.0,LAX,DTLA
16446,75800.0,LAX,LGB
16447,75804.0,LAX,PSD
16448,75809.0,LAX,HWD
16449,75827.0,LAX,LGB
16450,75844.0,LAX,HWD
16451,75871.0,LAX,LGB
16452,75873.0,LAX,HWD
16453,75880.0,LAX,HWD
16454,75881.0,LAX,DTLA
16455,75889.0,LAX,DTLA
16456,75902.0,LAX,PSD
16457,75903.0,LAX,HWD
16458,75903.0,LAX,DTLA
16459,75928.0,LAX,BVH
16460,75931.0,LAX,DTLA
16461,75934.0,LAX,ANH
16462,75937.0,LAX,DTLA
16463,75940.0,LAX,HWD
16464,75952.0,LAX,UVS
16465,75954.0,LAX,PSD
16466,75954.0,LAX,BVH
16467,75956.0,LAX,BVH
16468,75957.0,LAX,HWD
16469,75961.0,LAX,DTLA
16470,75974.0,LAX,LGB
16471,75978.0,LAX,DTLA
16472,75981.0,LAX,PSD
16473,75982.0,LAX,HWD
16474,75983.0,LAX,ANH
16475,75985.0,LAX,LGB
16476,75986.0,LAX,ANH
16477,75994.0,LAX,HWD
16478,75995.0,LAX,PSD
16479,76005.0,LAX,ANH
16480,76005.0,LAX,HWD
16481,76007.0,LAX,LGB
16482,76007.0,LAX,HWD
16483,76008.0,LAX,HWD
16484,76008.0,LAX,ANH
16485,76021.0,LAX,ANH
16486,76026.0,LAX,HWD
16487,76029.0,LAX,BVH
16488,76041.0,LAX,WDHL
16489,76048.0,LAX,LGB
16490,76054.0,LAX,ANH
16491,76058.0,LAX,ANH
16492,76076.0,LAX,ANH
16493,76077.0,LAX,HWD
16494,76080.0,LAX,BVH
16495,76085.0,LAX,DTLA
16496,76095.0,LAX,BVH
16497,76101.0,LAX,HWD
16498,76101.0,LAX,ANH
16499,76103.0,LAX,UVS
16500,76112.0,LAX,HWD
16501,76115.0,LAX,LGB
16502,76117.0,LAX,ANH
16503,76124.0,LAX,DTLA
16504,76139.0,LAX,LGB
16505,76180.0,LAX,ANH
16506,76182.0,LAX,BVH
16507,76184.0,LAX,LGB
16508,76198.0,LAX,HWD
16509,76200.0,LAX,DTLA
16510,76201.0,LAX,ANH
16511,76203.0,LAX,HWD
16512,76213.0,LAX,DTLA
16513,76229.0,LAX,LGB
16514,76234.0,LAX,DTLA
16515,76251.0,LAX,HWD
16516,76260.0,LAX,ANH
16517,76269.0,LAX,LGB
16518,76280.0,LAX,WDHL
16519,76306.0,LAX,DTLA
16520,76330.0,LAX,HWD
16521,76348.0,LAX,DTLA
16522,76367.0,LAX,LGB
16523,76371.0,LAX,DTLA
16524,76394.0,LAX,LGB
16525,76396.0,LAX,PSD
16526,76404.0,LAX,LGB
16527,76416.0,LAX,HWD
16528,76436.0,LAX,HWD
16529,76440.0,LAX,ANH
16530,76453.0,LAX,HWD
16531,76467.0,LAX,UVS
16532,76498.0,LAX,BVH
16533,76521.0,LAX,HWD
16534,76537.0,LAX,LGB
16535,76547.0,LAX,LGB
16536,76547.0,LAX,LGB
16537,76549.0,LAX,PSD
16538,76550.0,LAX,DTLA
16539,76550.0,LAX,HWD
16540,76565.0,LAX,ANH
16541,76572.0,LAX,ANH
16542,76577.0,LAX,LGB
16543,76582.0,LAX,DTLA
16544,76583.0,LAX,LGB
16545,76593.0,LAX,HWD
16546,76608.0,LAX,DTLA
16547,76625.0,LAX,DTLA
16548,76630.0,LAX,DTLA
16549,76633.0,LAX,HWD
16550,76648.0,LAX,ANH
16551,76651.0,LAX,DTLA
16552,76653.0,LAX,ANH
16553,76654.0,LAX,DTLA
16554,76656.0,LAX,UVS
16555,76659.0,LAX,DTLA
16556,76665.0,LAX,ANH
16557,76672.0,LAX,HWD
16558,76677.0,LAX,LGB
16559,76682.0,LAX,WDHL
16560,76691.0,LAX,DTLA
16561,76706.0,LAX,BVH
16562,76706.0,LAX,PSD
16563,76709.0,LAX,DTLA
16564,76709.0,LAX,ANH
16565,76724.0,LAX,HWD
16566,76725.0,LAX,LGB
16567,76739.0,LAX,HWD
16568,76741.0,LAX,DTLA
16569,76753.0,LAX,DTLA
16570,76758.0,LAX,HWD
16571,76759.0,LAX,DTLA
16572,76760.0,LAX,ANH
16573,76763.0,LAX,WDHL
16574,76770.0,LAX,PSD
16575,76774.0,LAX,DTLA
16576,76784.0,LAX,DTLA
16577,76796.0,LAX,HWD
16578,76802.0,LAX,ANH
16579,76802.0,LAX,DTLA
16580,76810.0,LAX,HWD
16581,76814.0,LAX,ANH
16582,76815.0,LAX,ANH
16583,76820.0,LAX,HWD
16584,76834.0,LAX,UVS
16585,76834.0,LAX,HWD
16586,76836.0,LAX,PSD
16587,76837.0,LAX,DTLA
16588,76852.0,LAX,BVH
16589,76857.0,LAX,HWD
16590,76862.0,LAX,ANH
16591,76865.0,LAX,PSD
16592,76869.0,LAX,BVH
16593,76869.0,LAX,LGB
16594,76874.0,LAX,HWD
16595,76878.0,LAX,HWD
16596,76879.0,LAX,ANH
16597,76890.0,LAX,DTLA
16598,76895.0,LAX,WDHL
16599,76896.0,LAX,HWD
16600,76897.0,LAX,BVH
16601,76900.0,LAX,PSD
16602,76916.0,LAX,WDHL
16603,76919.0,LAX,DTLA
16604,76920.0,LAX,PSD
16605,76935.0,LAX,HWD
16606,76939.0,LAX,HWD
16607,76941.0,LAX,DTLA
16608,76982.0,LAX,ANH
16609,76983.0,LAX,DTLA
16610,76990.0,LAX,HWD
16611,76990.0,LAX,ANH
16612,77015.0,LAX,DTLA
16613,77030.0,LAX,ANH
16614,77034.0,LAX,DTLA
16615,77037.0,LAX,UVS
16616,77074.0,LAX,ANH
16617,77090.0,LAX,UVS
16618,77119.0,LAX,DTLA
16619,77128.0,LAX,ANH
16620,77132.0,LAX,WDHL
16621,77145.0,LAX,PSD
16622,77148.0,LAX,ANH
16623,77150.0,LAX,HWD
16624,77156.0,LAX,ANH
16625,77161.0,LAX,HWD
16626,77170.0,LAX,UVS
16627,77174.0,LAX,DTLA
16628,77193.0,LAX,LGB
16629,77193.0,LAX,BVH
16630,77194.0,LAX,ANH
16631,77205.0,LAX,HWD
16632,77205.0,LAX,DTLA
16633,77209.0,LAX,UVS
16634,77213.0,LAX,UVS
16635,77213.0,LAX,DTLA
16636,77218.0,LAX,ANH
16637,77219.0,LAX,BVH
16638,77225.0,LAX,HWD
16639,77226.0,LAX,LGB
16640,77229.0,LAX,PSD
16641,77232.0,LAX,HWD
16642,77233.0,LAX,LGB
16643,77237.0,LAX,HWD
16644,77238.0,LAX,BVH
16645,77243.0,LAX,WDHL
16646,77244.0,LAX,DTLA
16647,77249.0,LAX,DTLA
16648,77251.0,LAX,DTLA
16649,77258.0,LAX,DTLA
16650,77260.0,LAX,BVH
16651,77262.0,LAX,LGB
16652,77278.0,LAX,ANH
16653,77280.0,LAX,DTLA
16654,77281.0,LAX,PSD
16655,77284.0,LAX,DTLA
16656,77285.0,LAX,ANH
16657,77290.0,LAX,WDHL
16658,77299.0,LAX,ANH
16659,77304.0,LAX,ANH
16660,77304.0,LAX,ANH
16661,77315.0,LAX,DTLA
16662,77316.0,LAX,ANH
16663,77330.0,LAX,DTLA
16664,77332.0,LAX,DTLA
16665,77336.0,LAX,BVH
16666,77339.0,LAX,ANH
16667,77339.0,LAX,PSD
16668,77342.0,LAX,PSD
16669,77350.0,LAX,DTLA
16670,77354.0,LAX,ANH
16671,77356.0,LAX,LGB
16672,77357.0,LAX,HWD
16673,77361.0,LAX,ANH
16674,77369.0,LAX,WDHL
16675,77376.0,LAX,DTLA
16676,77377.0,LAX,LGB
16677,77382.0,LAX,PSD
16678,77384.0,LAX,PSD
16679,77388.0,LAX,ANH
16680,77391.0,LAX,PSD
16681,77407.0,LAX,HWD
16682,77409.0,LAX,DTLA
16683,77421.0,LAX,LGB
16684,77432.0,LAX,DTLA
16685,77432.0,LAX,DTLA
16686,77433.0,LAX,DTLA
16687,77435.0,LAX,DTLA
16688,77439.0,LAX,WDHL
16689,77445.0,LAX,DTLA
16690,77458.0,LAX,ANH
16691,77464.0,LAX,HWD
16692,77468.0,LAX,ANH
16693,77477.0,LAX,DTLA
16694,77491.0,LAX,PSD
16695,77500.0,LAX,HWD
16696,77501.0,LAX,DTLA
16697,77505.0,LAX,ANH
16698,77512.0,LAX,LGB
16699,77527.0,LAX,ANH
16700,77532.0,LAX,UVS
16701,77534.0,LAX,BVH
16702,77538.0,LAX,UVS
16703,77539.0,LAX,UVS
16704,77543.0,LAX,DTLA
16705,77550.0,LAX,DTLA
16706,77557.0,LAX,HWD
16707,77562.0,LAX,DTLA
16708,77570.0,LAX,DTLA
16709,77573.0,LAX,BVH
16710,77577.0,LAX,UVS
16711,77589.0,LAX,DTLA
16712,77595.0,LAX,DTLA
16713,77608.0,LAX,HWD
16714,77617.0,LAX,ANH
16715,77620.0,LAX,ANH
16716,77625.0,LAX,BVH
16717,77626.0,LAX,DTLA
16718,77629.0,LAX,BVH
16719,77632.0,LAX,ANH
16720,77644.0,LAX,DTLA
16721,77644.0,LAX,ANH
16722,77658.0,LAX,BVH
16723,77659.0,LAX,ANH
16724,77681.0,LAX,LGB
16725,77689.0,LAX,PSD
16726,77691.0,LAX,PSD
16727,77691.0,LAX,DTLA
16728,77699.0,LAX,DTLA
16729,77705.0,LAX,LGB
16730,77707.0,LAX,DTLA
16731,77711.0,LAX,ANH
16732,77717.0,LAX,DTLA
16733,77719.0,LAX,ANH
16734,77724.0,LAX,DTLA
16735,77724.0,LAX,ANH
16736,77731.0,LAX,WDHL
16737,77731.0,LAX,ANH
16738,77750.0,LAX,UVS
16739,77752.0,LAX,HWD
16740,77756.0,LAX,DTLA
16741,77760.0,LAX,HWD
16742,77760.0,LAX,DTLA
16743,77763.0,LAX,LGB
16744,77768.0,LAX,ANH
16745,77768.0,LAX,WDHL
16746,77791.0,LAX,HWD
16747,77800.0,LAX,BVH
16748,77802.0,LAX,WDHL
16749,77807.0,LAX,DTLA
16750,77809.0,LAX,DTLA
16751,77811.0,LAX,BVH
16752,77820.0,LAX,LGB
16753,77820.0,LAX,PSD
16754,77821.0,LAX,ANH
16755,77823.0,LAX,UVS
16756,77834.0,LAX,PSD
16757,77837.0,LAX,ANH
16758,77843.0,LAX,WDHL
16759,77855.0,LAX,LGB
16760,77856.0,LAX,ANH
16761,77874.0,LAX,PSD
16762,77881.0,LAX,ANH
16763,77898.0,LAX,DTLA
16764,77916.0,LAX,ANH
16765,77920.0,LAX,WDHL
16766,77930.0,LAX,ANH
16767,77935.0,LAX,ANH
16768,77938.0,LAX,LGB
16769,77941.0,LAX,ANH
16770,77943.0,LAX,UVS
16771,77947.0,LAX,HWD
16772,77960.0,LAX,HWD
16773,77961.0,LAX,UVS
16774,77965.0,LAX,ANH
16775,77965.0,LAX,ANH
16776,77966.0,LAX,PSD
16777,77969.0,LAX,ANH
16778,77974.0,LAX,DTLA
16779,77999.0,LAX,DTLA
16780,78008.0,LAX,DTLA
16781,78021.0,LAX,BVH
16782,78026.0,LAX,PSD
16783,78030.0,LAX,ANH
16784,78033.0,LAX,DTLA
16785,78040.0,LAX,ANH
16786,78041.0,LAX,DTLA
16787,78053.0,LAX,HWD
16788,78056.0,LAX,BVH
16789,78059.0,LAX,UVS
16790,78060.0,LAX,BVH
16791,78060.0,LAX,DTLA
16792,78064.0,LAX,HWD
16793,78073.0,LAX,HWD
16794,78075.0,LAX,DTLA
16795,78081.0,LAX,PSD
16796,78088.0,LAX,ANH
16797,78088.0,LAX,ANH
16798,78103.0,LAX,DTLA
16799,78107.0,LAX,ANH
16800,78118.0,LAX,DTLA
16801,78132.0,LAX,ANH
16802,78137.0,LAX,DTLA
16803,78139.0,LAX,HWD
16804,78143.0,LAX,LGB
16805,78158.0,LAX,LGB
16806,78163.0,LAX,PSD
16807,78164.0,LAX,ANH
16808,78170.0,LAX,PSD
16809,78192.0,LAX,LGB
16810,78208.0,LAX,ANH
16811,78224.0,LAX,ANH
16812,78238.0,LAX,UVS
16813,78241.0,LAX,ANH
16814,78244.0,LAX,ANH
16815,78312.0,LAX,ANH
16816,78315.0,LAX,DTLA
16817,78319.0,LAX,DTLA
16818,78322.0,LAX,LGB
16819,78325.0,LAX,ANH
16820,78329.0,LAX,HWD
16821,78334.0,LAX,BVH
16822,78335.0,LAX,HWD
16823,78346.0,LAX,DTLA
16824,78362.0,LAX,BVH
16825,78366.0,LAX,LGB
16826,78369.0,LAX,ANH
16827,78382.0,LAX,HWD
16828,78391.0,LAX,PSD
16829,78391.0,LAX,HWD
16830,78398.0,LAX,ANH
16831,78400.0,LAX,ANH
16832,78406.0,LAX,LGB
16833,78429.0,LAX,WDHL
16834,78440.0,LAX,LGB
16835,78442.0,LAX,WDHL
16836,78444.0,LAX,ANH
16837,78446.0,LAX,LGB
16838,78456.0,LAX,LGB
16839,78465.0,LAX,PSD
16840,78468.0,LAX,HWD
16841,78470.0,LAX,HWD
16842,78470.0,LAX,ANH
16843,78474.0,LAX,HWD
16844,78488.0,LAX,DTLA
16845,78491.0,LAX,ANH
16846,78501.0,LAX,ANH
16847,78516.0,LAX,DTLA
16848,78517.0,LAX,DTLA
16849,78539.0,LAX,ANH
16850,78557.0,LAX,HWD
16851,78574.0,LAX,DTLA
16852,78614.0,LAX,HWD
16853,78626.0,LAX,PSD
16854,78633.0,LAX,DTLA
16855,78643.0,LAX,PSD
16856,78659.0,LAX,PSD
16857,78662.0,LAX,DTLA
16858,78663.0,LAX,DTLA
16859,78668.0,LAX,LGB
16860,78674.0,LAX,PSD
16861,78674.0,LAX,ANH
16862,78680.0,LAX,HWD
16863,78683.0,LAX,DTLA
16864,78693.0,LAX,LGB
16865,78700.0,LAX,WDHL
16866,78715.0,LAX,BVH
16867,78723.0,LAX,UVS
16868,78725.0,LAX,DTLA
16869,78730.0,LAX,DTLA
16870,78730.0,LAX,BVH
16871,78731.0,LAX,ANH
16872,78741.0,LAX,DTLA
16873,78741.0,LAX,BVH
16874,78742.0,LAX,WDHL
16875,78757.0,LAX,BVH
16876,78770.0,LAX,PSD
16877,78771.0,LAX,HWD
16878,78771.0,LAX,HWD
16879,78774.0,LAX,ANH
16880,78779.0,LAX,PSD
16881,78793.0,LAX,WDHL
16882,78798.0,LAX,ANH
16883,78800.0,LAX,HWD
16884,78810.0,LAX,ANH
16885,78811.0,LAX,ANH
16886,78818.0,LAX,ANH
16887,78818.0,LAX,ANH
16888,78822.0,LAX,DTLA
16889,78822.0,LAX,HWD
16890,78825.0,LAX,BVH
16891,78826.0,LAX,WDHL
16892,78826.0,LAX,LGB
16893,78831.0,LAX,LGB
16894,78835.0,LAX,ANH
16895,78838.0,LAX,HWD
16896,78838.0,LAX,PSD
16897,78845.0,LAX,DTLA
16898,78858.0,LAX,HWD
16899,78862.0,LAX,HWD
16900,78875.0,LAX,LGB
16901,78875.0,LAX,DTLA
16902,78877.0,LAX,ANH
16903,78883.0,LAX,DTLA
16904,78883.0,LAX,LGB
16905,78883.0,LAX,ANH
16906,78894.0,LAX,BVH
16907,78897.0,LAX,ANH
16908,78900.0,LAX,LGB
16909,78905.0,LAX,ANH
16910,78929.0,LAX,HWD
16911,78936.0,LAX,ANH
16912,78940.0,LAX,DTLA
16913,78951.0,LAX,WDHL
16914,78960.0,LAX,ANH
16915,78973.0,LAX,ANH
16916,78975.0,LAX,DTLA
16917,78992.0,LAX,ANH
16918,78998.0,LAX,HWD
16919,79002.0,LAX,UVS
16920,79003.0,LAX,DTLA
16921,79005.0,LAX,HWD
16922,79019.0,LAX,LGB
16923,79025.0,LAX,DTLA
16924,79026.0,LAX,PSD
16925,79041.0,LAX,LGB
16926,79043.0,LAX,ANH
16927,79056.0,LAX,BVH
16928,79066.0,LAX,HWD
16929,79071.0,LAX,ANH
16930,79100.0,LAX,DTLA
16931,79110.0,LAX,HWD
16932,79115.0,LAX,ANH
16933,79120.0,LAX,ANH
16934,79121.0,LAX,LGB
16935,79132.0,LAX,DTLA
16936,79134.0,LAX,ANH
16937,79138.0,LAX,BVH
16938,79140.0,LAX,HWD
16939,79143.0,LAX,ANH
16940,79143.0,LAX,ANH
16941,79155.0,LAX,ANH
16942,79171.0,LAX,PSD
16943,79176.0,LAX,DTLA
16944,79178.0,LAX,HWD
16945,79184.0,LAX,PSD
16946,79198.0,LAX,HWD
16947,79206.0,LAX,ANH
16948,79213.0,LAX,DTLA
16949,79213.0,LAX,ANH
16950,79216.0,LAX,PSD
16951,79225.0,LAX,ANH
16952,79233.0,LAX,HWD
16953,79234.0,LAX,PSD
16954,79257.0,LAX,WDHL
16955,79272.0,LAX,UVS
16956,79272.0,LAX,HWD
16957,79281.0,LAX,PSD
16958,79290.0,LAX,UVS
16959,79303.0,LAX,LGB
16960,79319.0,LAX,HWD
16961,79320.0,LAX,ANH
16962,79328.0,LAX,DTLA
16963,79329.0,LAX,ANH
16964,79361.0,LAX,DTLA
16965,79362.0,LAX,UVS
16966,79369.0,LAX,DTLA
16967,79392.0,LAX,LGB
16968,79399.0,LAX,DTLA
16969,79404.0,LAX,ANH
16970,79409.0,LAX,DTLA
16971,79418.0,LAX,HWD
16972,79425.0,LAX,DTLA
16973,79439.0,LAX,ANH
16974,79442.0,LAX,LGB
16975,79444.0,LAX,HWD
16976,79445.0,LAX,DTLA
16977,79454.0,LAX,PSD
16978,79463.0,LAX,HWD
16979,79466.0,LAX,PSD
16980,79469.0,LAX,ANH
16981,79470.0,LAX,HWD
16982,79473.0,LAX,DTLA
16983,79477.0,LAX,DTLA
16984,79490.0,LAX,BVH
16985,79508.0,LAX,UVS
16986,79511.0,LAX,DTLA
16987,79513.0,LAX,DTLA
16988,79515.0,LAX,LGB
16989,79518.0,LAX,DTLA
16990,79529.0,LAX,ANH
16991,79552.0,LAX,DTLA
16992,79555.0,LAX,ANH
16993,79562.0,LAX,ANH
16994,79564.0,LAX,PSD
16995,79569.0,LAX,DTLA
16996,79569.0,LAX,HWD
16997,79572.0,LAX,ANH
16998,79576.0,LAX,PSD
16999,79577.0,LAX,BVH
17000,79579.0,LAX,UVS
17001,79580.0,LAX,ANH
17002,79580.0,LAX,HWD
17003,79582.0,LAX,ANH
17004,79583.0,LAX,WDHL
17005,79584.0,LAX,HWD
17006,79584.0,LAX,DTLA
17007,79587.0,LAX,BVH
17008,79590.0,LAX,LGB
17009,79597.0,LAX,DTLA
17010,79601.0,LAX,DTLA
17011,79609.0,LAX,ANH
17012,79611.0,LAX,LGB
17013,79616.0,LAX,LGB
17014,79623.0,LAX,ANH
17015,79627.0,LAX,HWD
17016,79637.0,LAX,HWD
17017,79637.0,LAX,PSD
17018,79643.0,LAX,DTLA
17019,79650.0,LAX,ANH
17020,79656.0,LAX,ANH
17021,79659.0,LAX,DTLA
17022,79660.0,LAX,DTLA
17023,79678.0,LAX,HWD
17024,79679.0,LAX,PSD
17025,79696.0,LAX,ANH
17026,79696.0,LAX,HWD
17027,79699.0,LAX,DTLA
17028,79704.0,LAX,ANH
17029,79704.0,LAX,ANH
17030,79715.0,LAX,LGB
17031,79720.0,LAX,WDHL
17032,79725.0,LAX,BVH
17033,79726.0,LAX,BVH
17034,79727.0,LAX,DTLA
17035,79727.0,LAX,HWD
17036,79745.0,LAX,ANH
17037,79749.0,LAX,DTLA
17038,79760.0,LAX,HWD
17039,79780.0,LAX,BVH
17040,79795.0,LAX,BVH
17041,79802.0,LAX,DTLA
17042,79804.0,LAX,ANH
17043,79804.0,LAX,ANH
17044,79805.0,LAX,DTLA
17045,79820.0,LAX,ANH
17046,79823.0,LAX,DTLA
17047,79823.0,LAX,WDHL
17048,79829.0,LAX,LGB
17049,79849.0,LAX,ANH
17050,79853.0,LAX,DTLA
17051,79891.0,LAX,DTLA
17052,79892.0,LAX,ANH
17053,79897.0,LAX,ANH
17054,79897.0,LAX,HWD
17055,79911.0,LAX,WDHL
17056,79914.0,LAX,PSD
17057,79915.0,LAX,HWD
17058,79916.0,LAX,LGB
17059,79923.0,LAX,LGB
17060,79934.0,LAX,ANH
17061,79941.0,LAX,HWD
17062,79943.0,LAX,LGB
17063,79948.0,LAX,WDHL
17064,79954.0,LAX,BVH
17065,79969.0,LAX,BVH
17066,79972.0,LAX,BVH
17067,79972.0,LAX,DTLA
17068,79974.0,LAX,HWD
17069,79976.0,LAX,WDHL
17070,79985.0,LAX,DTLA
17071,79988.0,LAX,DTLA
17072,79990.0,LAX,UVS
17073,79993.0,LAX,UVS
17074,79993.0,LAX,ANH
17075,79994.0,LAX,DTLA
17076,80002.0,LAX,ANH
17077,80003.0,LAX,ANH
17078,80003.0,LAX,HWD
17079,80010.0,LAX,ANH
17080,80016.0,LAX,WDHL
17081,80022.0,LAX,UVS
17082,80023.0,LAX,HWD
17083,80028.0,LAX,DTLA
17084,80029.0,LAX,LGB
17085,80046.0,LAX,DTLA
17086,80047.0,LAX,WDHL
17087,80048.0,LAX,BVH
17088,80049.0,LAX,LGB
17089,80050.0,LAX,DTLA
17090,80051.0,LAX,HWD
17091,80062.0,LAX,WDHL
17092,80063.0,LAX,PSD
17093,80068.0,LAX,UVS
17094,80071.0,LAX,LGB
17095,80081.0,LAX,BVH
17096,80083.0,LAX,UVS
17097,80085.0,LAX,LGB
17098,80091.0,LAX,DTLA
17099,80098.0,LAX,ANH
17100,80108.0,LAX,WDHL
17101,80111.0,LAX,LGB
17102,80112.0,LAX,HWD
17103,80114.0,LAX,HWD
17104,80116.0,LAX,ANH
17105,80120.0,LAX,ANH
17106,80120.0,LAX,LGB
17107,80128.0,LAX,HWD
17108,80128.0,LAX,DTLA
17109,80129.0,LAX,BVH
17110,80145.0,LAX,DTLA
17111,80146.0,LAX,BVH
17112,80146.0,LAX,ANH
17113,80151.0,LAX,ANH
17114,80151.0,LAX,PSD
17115,80154.0,LAX,ANH
17116,80156.0,LAX,HWD
17117,80160.0,LAX,DTLA
17118,80162.0,LAX,DTLA
17119,80164.0,LAX,DTLA
17120,80179.0,LAX,LGB
17121,80183.0,LAX,ANH
17122,80191.0,LAX,DTLA
17123,80191.0,LAX,LGB
17124,80195.0,LAX,BVH
17125,80200.0,LAX,HWD
17126,80217.0,LAX,ANH
17127,80221.0,LAX,DTLA
17128,80228.0,LAX,DTLA
17129,80231.0,LAX,HWD
17130,80242.0,LAX,ANH
17131,80248.0,LAX,LGB
17132,80255.0,LAX,DTLA
17133,80270.0,LAX,LGB
17134,80272.0,LAX,DTLA
17135,80286.0,LAX,BVH
17136,80300.0,LAX,PSD
17137,80301.0,LAX,ANH
17138,80319.0,LAX,PSD
17139,80335.0,LAX,UVS
17140,80354.0,LAX,BVH
17141,80362.0,LAX,PSD
17142,80362.0,LAX,ANH
17143,80369.0,LAX,HWD
17144,80372.0,LAX,DTLA
17145,80375.0,LAX,DTLA
17146,80392.0,LAX,HWD
17147,80393.0,LAX,HWD
17148,80406.0,LAX,DTLA
17149,80407.0,LAX,DTLA
17150,80409.0,LAX,DTLA
17151,80416.0,LAX,DTLA
17152,80423.0,LAX,DTLA
17153,80426.0,LAX,LGB
17154,80429.0,LAX,DTLA
17155,80429.0,LAX,LGB
17156,80432.0,LAX,ANH
17157,80436.0,LAX,BVH
17158,80461.0,LAX,WDHL
17159,80476.0,LAX,PSD
17160,80477.0,LAX,HWD
17161,80478.0,LAX,DTLA
17162,80493.0,LAX,LGB
17163,80513.0,LAX,DTLA
17164,80514.0,LAX,LGB
17165,80525.0,LAX,PSD
17166,80629.0,LAX,BVH
17167,80630.0,LAX,PSD
17168,80640.0,LAX,DTLA
17169,80647.0,LAX,ANH
17170,80656.0,LAX,LGB
17171,80673.0,LAX,HWD
17172,80676.0,LAX,ANH
17173,80680.0,LAX,ANH
17174,80683.0,LAX,BVH
17175,80687.0,LAX,HWD
17176,80698.0,LAX,ANH
17177,80703.0,LAX,PSD
17178,80718.0,LAX,BVH
17179,80721.0,LAX,BVH
17180,80722.0,LAX,DTLA
17181,80731.0,LAX,DTLA
17182,80732.0,LAX,PSD
17183,80734.0,LAX,DTLA
17184,80737.0,LAX,DTLA
17185,80748.0,LAX,PSD
17186,80752.0,LAX,HWD
17187,80758.0,LAX,UVS
17188,80759.0,LAX,ANH
17189,80768.0,LAX,WDHL
17190,80771.0,LAX,LGB
17191,80779.0,LAX,DTLA
17192,80786.0,LAX,LGB
17193,80792.0,LAX,DTLA
17194,80797.0,LAX,ANH
17195,80841.0,LAX,HWD
17196,80841.0,LAX,DTLA
17197,80853.0,LAX,ANH
17198,80861.0,LAX,WDHL
17199,80865.0,LAX,HWD
17200,80866.0,LAX,UVS
17201,80867.0,LAX,DTLA
17202,80874.0,LAX,BVH
17203,80877.0,LAX,DTLA
17204,80888.0,LAX,HWD
17205,80889.0,LAX,HWD
17206,80895.0,LAX,ANH
17207,80896.0,LAX,DTLA
17208,80899.0,LAX,DTLA
17209,80900.0,LAX,LGB
17210,80903.0,LAX,UVS
17211,80908.0,LAX,ANH
17212,80922.0,LAX,ANH
17213,80927.0,LAX,PSD
17214,80928.0,LAX,DTLA
17215,80947.0,LAX,DTLA
17216,80952.0,LAX,DTLA
17217,80955.0,LAX,ANH
17218,80958.0,LAX,PSD
17219,80959.0,LAX,DTLA
17220,80981.0,LAX,PSD
17221,80990.0,LAX,ANH
17222,81001.0,LAX,BVH
17223,81012.0,LAX,BVH
17224,81014.0,LAX,UVS
17225,81023.0,LAX,PSD
17226,81027.0,LAX,BVH
17227,81027.0,LAX,DTLA
17228,81028.0,LAX,HWD
17229,81033.0,LAX,LGB
17230,81044.0,LAX,DTLA
17231,81048.0,LAX,DTLA
17232,81052.0,LAX,DTLA
17233,81053.0,LAX,WDHL
17234,81053.0,LAX,HWD
17235,81054.0,LAX,DTLA
17236,81055.0,LAX,ANH
17237,81056.0,LAX,HWD
17238,81059.0,LAX,HWD
17239,81065.0,LAX,DTLA
17240,81067.0,LAX,DTLA
17241,81072.0,LAX,UVS
17242,81080.0,LAX,DTLA
17243,81080.0,LAX,BVH
17244,81086.0,LAX,DTLA
17245,81087.0,LAX,BVH
17246,81089.0,LAX,PSD
17247,81089.0,LAX,PSD
17248,81090.0,LAX,LGB
17249,81093.0,LAX,WDHL
17250,81098.0,LAX,PSD
17251,81100.0,LAX,PSD
17252,81100.0,LAX,DTLA
17253,81102.0,LAX,HWD
17254,81106.0,LAX,WDHL
17255,81107.0,LAX,ANH
17256,81108.0,LAX,DTLA
17257,81113.0,LAX,DTLA
17258,81119.0,LAX,LGB
17259,81119.0,LAX,BVH
17260,81121.0,LAX,LGB
17261,81121.0,LAX,HWD
17262,81122.0,LAX,DTLA
17263,81126.0,LAX,ANH
17264,81128.0,LAX,LGB
17265,81131.0,LAX,HWD
17266,81137.0,LAX,BVH
17267,81145.0,LAX,DTLA
17268,81152.0,LAX,PSD
17269,81152.0,LAX,ANH
17270,81163.0,LAX,DTLA
17271,81163.0,LAX,HWD
17272,81165.0,LAX,WDHL
17273,81165.0,LAX,ANH
17274,81168.0,LAX,UVS
17275,81170.0,LAX,ANH
17276,81171.0,LAX,DTLA
17277,81173.0,LAX,WDHL
17278,81175.0,LAX,DTLA
17279,81176.0,LAX,HWD
17280,81187.0,LAX,DTLA
17281,81189.0,LAX,UVS
17282,81191.0,LAX,DTLA
17283,81193.0,LAX,ANH
17284,81194.0,LAX,DTLA
17285,81197.0,LAX,ANH
17286,81200.0,LAX,BVH
17287,81204.0,LAX,BVH
17288,81205.0,LAX,LGB
17289,81207.0,LAX,LGB
17290,81208.0,LAX,DTLA
17291,81208.0,LAX,LGB
17292,81214.0,LAX,WDHL
17293,81222.0,LAX,HWD
17294,81222.0,LAX,ANH
17295,81232.0,LAX,HWD
17296,81233.0,LAX,ANH
17297,81235.0,LAX,PSD
17298,81250.0,LAX,HWD
17299,81252.0,LAX,UVS
17300,81252.0,LAX,WDHL
17301,81253.0,LAX,UVS
17302,81261.0,LAX,ANH
17303,81262.0,LAX,ANH
17304,81262.0,LAX,DTLA
17305,81264.0,LAX,LGB
17306,81266.0,LAX,DTLA
17307,81270.0,LAX,LGB
17308,81278.0,LAX,PSD
17309,81279.0,LAX,LGB
17310,81326.0,LAX,LGB
17311,81332.0,LAX,HWD
17312,81346.0,LAX,DTLA
17313,81365.0,LAX,DTLA
17314,81438.0,LAX,DTLA
17315,81440.0,LAX,HWD
17316,81443.0,LAX,ANH
17317,81443.0,LAX,HWD
17318,81455.0,LAX,ANH
17319,81463.0,LAX,BVH
17320,81468.0,LAX,DTLA
17321,81469.0,LAX,DTLA
17322,81479.0,LAX,PSD
17323,81491.0,LAX,DTLA
17324,81506.0,LAX,ANH
17325,81507.0,LAX,PSD
17326,81511.0,LAX,LGB
17327,81512.0,LAX,HWD
17328,81572.0,LAX,ANH
17329,81581.0,LAX,ANH
17330,81626.0,LAX,UVS
17331,81693.0,LAX,BVH
17332,81701.0,LAX,HWD
17333,81708.0,LAX,DTLA
17334,81711.0,LAX,HWD
17335,81714.0,LAX,LGB
17336,81717.0,LAX,DTLA
17337,81725.0,LAX,LGB
17338,81730.0,LAX,BVH
17339,81742.0,LAX,DTLA
17340,81749.0,LAX,LGB
17341,81754.0,LAX,DTLA
17342,81760.0,LAX,PSD
17343,81770.0,LAX,UVS
17344,81776.0,LAX,LGB
17345,81789.0,LAX,UVS
17346,81791.0,LAX,BVH
17347,81816.0,LAX,ANH
17348,81816.0,LAX,HWD
17349,81825.0,LAX,DTLA
17350,81831.0,LAX,WDHL
17351,81849.0,LAX,BVH
17352,81855.0,LAX,ANH
17353,81860.0,LAX,LGB
17354,81862.0,LAX,ANH
17355,81869.0,LAX,DTLA
17356,81886.0,LAX,UVS
17357,81889.0,LAX,HWD
17358,81889.0,LAX,WDHL
17359,81890.0,LAX,ANH
17360,81891.0,LAX,ANH
17361,81894.0,LAX,DTLA
17362,81897.0,LAX,HWD
17363,81903.0,LAX,BVH
17364,81913.0,LAX,PSD
17365,81918.0,LAX,DTLA
17366,81922.0,LAX,HWD
17367,81923.0,LAX,BVH
17368,81923.0,LAX,LGB
17369,81925.0,LAX,HWD
17370,81926.0,LAX,BVH
17371,81937.0,LAX,HWD
17372,81940.0,LAX,BVH
17373,81941.0,LAX,HWD
17374,81945.0,LAX,HWD
17375,81945.0,LAX,HWD
17376,81949.0,LAX,HWD
17377,81951.0,LAX,LGB
17378,81952.0,LAX,DTLA
17379,81953.0,LAX,DTLA
17380,81956.0,LAX,DTLA
17381,81967.0,LAX,DTLA
17382,81968.0,LAX,LGB
17383,81968.0,LAX,PSD
17384,81971.0,LAX,ANH
17385,81978.0,LAX,LGB
17386,81986.0,LAX,ANH
17387,81986.0,LAX,WDHL
17388,81996.0,LAX,ANH
17389,81996.0,LAX,LGB
17390,81996.0,LAX,BVH
17391,81998.0,LAX,LGB
17392,81998.0,LAX,DTLA
17393,82005.0,LAX,LGB
17394,82011.0,LAX,DTLA
17395,82014.0,LAX,WDHL
17396,82019.0,LAX,WDHL
17397,82020.0,LAX,HWD
17398,82021.0,LAX,PSD
17399,82022.0,LAX,BVH
17400,82023.0,LAX,DTLA
17401,82026.0,LAX,DTLA
17402,82038.0,LAX,LGB
17403,82042.0,LAX,ANH
17404,82043.0,LAX,WDHL
17405,82044.0,LAX,UVS
17406,82053.0,LAX,DTLA
17407,82055.0,LAX,BVH
17408,82063.0,LAX,WDHL
17409,82064.0,LAX,LGB
17410,82064.0,LAX,LGB
17411,82069.0,LAX,LGB
17412,82071.0,LAX,HWD
17413,82087.0,LAX,ANH
17414,82101.0,LAX,LGB
17415,82107.0,LAX,HWD
17416,82108.0,LAX,LGB
17417,82108.0,LAX,HWD
17418,82110.0,LAX,DTLA
17419,82111.0,LAX,HWD
17420,82111.0,LAX,ANH
17421,82111.0,LAX,DTLA
17422,82116.0,LAX,HWD
17423,82132.0,LAX,ANH
17424,82134.0,LAX,DTLA
17425,82134.0,LAX,PSD
17426,82134.0,LAX,ANH
17427,82136.0,LAX,DTLA
17428,82138.0,LAX,ANH
17429,82147.0,LAX,HWD
17430,82154.0,LAX,DTLA
17431,82154.0,LAX,ANH
17432,82154.0,LAX,ANH
17433,82160.0,LAX,UVS
17434,82164.0,LAX,ANH
17435,82173.0,LAX,HWD
17436,82181.0,LAX,ANH
17437,82182.0,LAX,DTLA
17438,82183.0,LAX,ANH
17439,82193.0,LAX,DTLA
17440,82201.0,LAX,WDHL
17441,82203.0,LAX,ANH
17442,82205.0,LAX,HWD
17443,82206.0,LAX,DTLA
17444,82207.0,LAX,BVH
17445,82214.0,LAX,DTLA
17446,82219.0,LAX,WDHL
17447,82220.0,LAX,ANH
17448,82221.0,LAX,LGB
17449,82222.0,LAX,PSD
17450,82226.0,LAX,ANH
17451,82233.0,LAX,DTLA
17452,82240.0,LAX,BVH
17453,82260.0,LAX,DTLA
17454,82260.0,LAX,ANH
17455,82262.0,LAX,ANH
17456,82274.0,LAX,ANH
17457,82288.0,LAX,DTLA
17458,82298.0,LAX,LGB
17459,82321.0,LAX,DTLA
17460,82325.0,LAX,DTLA
17461,82331.0,LAX,PSD
17462,82341.0,LAX,HWD
17463,82350.0,LAX,BVH
17464,82351.0,LAX,UVS
17465,82357.0,LAX,ANH
17466,82365.0,LAX,LGB
17467,82366.0,LAX,DTLA
17468,82378.0,LAX,HWD
17469,82394.0,LAX,LGB
17470,82424.0,LAX,ANH
17471,82427.0,LAX,HWD
17472,82431.0,LAX,DTLA
17473,82432.0,LAX,HWD
17474,82437.0,LAX,WDHL
17475,82455.0,LAX,UVS
17476,82460.0,LAX,UVS
17477,82461.0,LAX,DTLA
17478,82464.0,LAX,LGB
17479,82471.0,LAX,BVH
17480,82472.0,LAX,UVS
17481,82475.0,LAX,BVH
17482,82489.0,LAX,BVH
17483,82494.0,LAX,BVH
17484,82497.0,LAX,ANH
17485,82502.0,LAX,ANH
17486,82505.0,LAX,DTLA
17487,82505.0,LAX,ANH
17488,82508.0,LAX,LGB
17489,82534.0,LAX,ANH
17490,82537.0,LAX,DTLA
17491,82573.0,LAX,HWD
17492,82576.0,LAX,UVS
17493,82581.0,LAX,BVH
17494,82585.0,LAX,DTLA
17495,82585.0,LAX,ANH
17496,82594.0,LAX,ANH
17497,82598.0,LAX,ANH
17498,82601.0,LAX,UVS
17499,82603.0,LAX,DTLA
17500,82603.0,LAX,LGB
17501,82607.0,LAX,LGB
17502,82609.0,LAX,ANH
17503,82610.0,LAX,DTLA
17504,82612.0,LAX,ANH
17505,82622.0,LAX,PSD
17506,82632.0,LAX,BVH
17507,82639.0,LAX,HWD
17508,82663.0,LAX,HWD
17509,82672.0,LAX,ANH
17510,82673.0,LAX,WDHL
17511,82674.0,LAX,WDHL
17512,82685.0,LAX,BVH
17513,82697.0,LAX,LGB
17514,82731.0,LAX,DTLA
17515,82752.0,LAX,UVS
17516,82756.0,LAX,PSD
17517,82827.0,LAX,ANH
17518,82830.0,LAX,ANH
17519,82843.0,LAX,DTLA
17520,82850.0,LAX,DTLA
17521,82861.0,LAX,DTLA
17522,82889.0,LAX,ANH
17523,82903.0,LAX,DTLA
17524,82919.0,LAX,UVS
17525,82920.0,LAX,ANH
17526,82922.0,LAX,ANH
17527,82932.0,LAX,DTLA
17528,82933.0,LAX,DTLA
17529,82940.0,LAX,BVH
17530,82952.0,LAX,LGB
17531,82965.0,LAX,HWD
17532,82981.0,LAX,DTLA
17533,82983.0,LAX,HWD
17534,82987.0,LAX,UVS
17535,82989.0,LAX,DTLA
17536,82994.0,LAX,HWD
17537,82998.0,LAX,BVH
17538,83011.0,LAX,ANH
17539,83017.0,LAX,DTLA
17540,83027.0,LAX,ANH
17541,83043.0,LAX,LGB
17542,83045.0,LAX,DTLA
17543,83053.0,LAX,ANH
17544,83088.0,LAX,UVS
17545,83092.0,LAX,PSD
17546,83107.0,LAX,HWD
17547,83107.0,LAX,BVH
17548,83117.0,LAX,PSD
17549,83118.0,LAX,PSD
17550,83127.0,LAX,LGB
17551,83135.0,LAX,DTLA
17552,83175.0,LAX,DTLA
17553,83176.0,LAX,LGB
17554,83176.0,LAX,HWD
17555,83185.0,LAX,WDHL
17556,83195.0,LAX,PSD
17557,83195.0,LAX,HWD
17558,83195.0,LAX,DTLA
17559,83207.0,LAX,DTLA
17560,83209.0,LAX,UVS
17561,83221.0,LAX,ANH
17562,83223.0,LAX,DTLA
17563,83230.0,LAX,ANH
17564,83244.0,LAX,DTLA
17565,83264.0,LAX,WDHL
17566,83270.0,LAX,HWD
17567,83270.0,LAX,HWD
17568,83274.0,LAX,WDHL
17569,83275.0,LAX,HWD
17570,83279.0,LAX,ANH
17571,83297.0,LAX,HWD
17572,83301.0,LAX,ANH
17573,83302.0,LAX,PSD
17574,83303.0,LAX,HWD
17575,83306.0,LAX,DTLA
17576,83307.0,LAX,LGB
17577,83308.0,LAX,ANH
17578,83315.0,LAX,ANH
17579,83317.0,LAX,DTLA
17580,83326.0,LAX,WDHL
17581,83328.0,LAX,HWD
17582,83336.0,LAX,LGB
17583,83337.0,LAX,WDHL
17584,83346.0,LAX,LGB
17585,83351.0,LAX,WDHL
17586,83354.0,LAX,DTLA
17587,83357.0,LAX,ANH
17588,83359.0,LAX,WDHL
17589,83363.0,LAX,WDHL
17590,83372.0,LAX,ANH
17591,83375.0,LAX,HWD
17592,83383.0,LAX,BVH
17593,83386.0,LAX,LGB
17594,83387.0,LAX,LGB
17595,83387.0,LAX,UVS
17596,83388.0,LAX,HWD
17597,83393.0,LAX,HWD
17598,83398.0,LAX,DTLA
17599,83406.0,LAX,BVH
17600,83414.0,LAX,BVH
17601,83421.0,LAX,DTLA
17602,83423.0,LAX,DTLA
17603,83425.0,LAX,ANH
17604,83429.0,LAX,DTLA
17605,83434.0,LAX,LGB
17606,83435.0,LAX,BVH
17607,83454.0,LAX,HWD
17608,83454.0,LAX,HWD
17609,83456.0,LAX,HWD
17610,83456.0,LAX,DTLA
17611,83461.0,LAX,DTLA
17612,83469.0,LAX,DTLA
17613,83473.0,LAX,ANH
17614,83488.0,LAX,HWD
17615,83489.0,LAX,DTLA
17616,83497.0,LAX,PSD
17617,83505.0,LAX,WDHL
17618,83506.0,LAX,ANH
17619,83506.0,LAX,ANH
17620,83511.0,LAX,LGB
17621,83513.0,LAX,HWD
17622,83515.0,LAX,LGB
17623,83515.0,LAX,DTLA
17624,83532.0,LAX,BVH
17625,83535.0,LAX,ANH
17626,83540.0,LAX,LGB
17627,83541.0,LAX,PSD
17628,83545.0,LAX,HWD
17629,83552.0,LAX,ANH
17630,83574.0,LAX,HWD
17631,83575.0,LAX,LGB
17632,83576.0,LAX,DTLA
17633,83587.0,LAX,HWD
17634,83587.0,LAX,ANH
17635,83601.0,LAX,UVS
17636,83602.0,LAX,ANH
17637,83623.0,LAX,ANH
17638,83625.0,LAX,DTLA
17639,83633.0,LAX,ANH
17640,83642.0,LAX,UVS
17641,83643.0,LAX,ANH
17642,83644.0,LAX,HWD
17643,83652.0,LAX,HWD
17644,83658.0,LAX,PSD
17645,83659.0,LAX,DTLA
17646,83663.0,LAX,DTLA
17647,83664.0,LAX,DTLA
17648,83670.0,LAX,HWD
17649,83670.0,LAX,DTLA
17650,83670.0,LAX,PSD
17651,83674.0,LAX,LGB
17652,83678.0,LAX,WDHL
17653,83692.0,LAX,ANH
17654,83695.0,LAX,DTLA
17655,83697.0,LAX,BVH
17656,83697.0,LAX,LGB
17657,83698.0,LAX,DTLA
17658,83704.0,LAX,DTLA
17659,83711.0,LAX,DTLA
17660,83712.0,LAX,ANH
17661,83716.0,LAX,PSD
17662,83722.0,LAX,LGB
17663,83723.0,LAX,WDHL
17664,83733.0,LAX,PSD
17665,83757.0,LAX,PSD
17666,83762.0,LAX,ANH
17667,83763.0,LAX,DTLA
17668,83769.0,LAX,LGB
17669,83780.0,LAX,DTLA
17670,83787.0,LAX,BVH
17671,83789.0,LAX,LGB
17672,83791.0,LAX,ANH
17673,83794.0,LAX,LGB
17674,83796.0,LAX,PSD
17675,83804.0,LAX,LGB
17676,83808.0,LAX,ANH
17677,83822.0,LAX,LGB
17678,83825.0,LAX,HWD
17679,83825.0,LAX,BVH
17680,83832.0,LAX,UVS
17681,83833.0,LAX,HWD
17682,83837.0,LAX,DTLA
17683,83837.0,LAX,ANH
17684,83841.0,LAX,DTLA
17685,83844.0,LAX,DTLA
17686,83844.0,LAX,PSD
17687,83845.0,LAX,LGB
17688,83865.0,LAX,ANH
17689,83873.0,LAX,ANH
17690,83884.0,LAX,BVH
17691,83897.0,LAX,ANH
17692,83902.0,LAX,DTLA
17693,83925.0,LAX,ANH
17694,83925.0,LAX,ANH
17695,83929.0,LAX,HWD
17696,83958.0,LAX,ANH
17697,83959.0,LAX,ANH
17698,83965.0,LAX,DTLA
17699,83968.0,LAX,HWD
17700,83991.0,LAX,ANH
17701,84007.0,LAX,ANH
17702,84009.0,LAX,ANH
17703,84018.0,LAX,DTLA
17704,84025.0,LAX,DTLA
17705,84026.0,LAX,WDHL
17706,84028.0,LAX,WDHL
17707,84034.0,LAX,ANH
17708,84037.0,LAX,ANH
17709,84038.0,LAX,DTLA
17710,84045.0,LAX,PSD
17711,84048.0,LAX,DTLA
17712,84049.0,LAX,DTLA
17713,84054.0,LAX,HWD
17714,84056.0,LAX,WDHL
17715,84062.0,LAX,DTLA
17716,84070.0,LAX,PSD
17717,84074.0,LAX,DTLA
17718,84081.0,LAX,HWD
17719,84081.0,LAX,HWD
17720,84086.0,LAX,LGB
17721,84086.0,LAX,ANH
17722,84090.0,LAX,ANH
17723,84096.0,LAX,HWD
17724,84097.0,LAX,ANH
17725,84097.0,LAX,HWD
17726,84129.0,LAX,ANH
17727,84133.0,LAX,HWD
17728,84134.0,LAX,DTLA
17729,84135.0,LAX,ANH
17730,84136.0,LAX,ANH
17731,84141.0,LAX,UVS
17732,84144.0,LAX,LGB
17733,84154.0,LAX,DTLA
17734,84159.0,LAX,HWD
17735,84164.0,LAX,HWD
17736,84167.0,LAX,DTLA
17737,84176.0,LAX,DTLA
17738,84181.0,LAX,PSD
17739,84181.0,LAX,DTLA
17740,84201.0,LAX,DTLA
17741,84202.0,LAX,DTLA
17742,84211.0,LAX,LGB
17743,84219.0,LAX,LGB
17744,84234.0,LAX,DTLA
17745,84270.0,LAX,ANH
17746,84288.0,LAX,BVH
17747,84297.0,LAX,LGB
17748,84310.0,LAX,BVH
17749,84333.0,LAX,LGB
17750,84345.0,LAX,ANH
17751,84347.0,LAX,ANH
17752,84353.0,LAX,BVH
17753,84358.0,LAX,LGB
17754,84372.0,LAX,DTLA
17755,84378.0,LAX,PSD
17756,84382.0,LAX,HWD
17757,84384.0,LAX,ANH
17758,84398.0,LAX,ANH
17759,84430.0,LAX,WDHL
17760,84468.0,LAX,LGB
17761,84473.0,LAX,DTLA
17762,84479.0,LAX,DTLA
17763,84496.0,LAX,ANH
17764,84504.0,LAX,WDHL
17765,84519.0,LAX,PSD
17766,84520.0,LAX,PSD
17767,84523.0,LAX,HWD
17768,84539.0,LAX,DTLA
17769,84546.0,LAX,LGB
17770,84548.0,LAX,DTLA
17771,84554.0,LAX,PSD
17772,84576.0,LAX,ANH
17773,84585.0,LAX,ANH
17774,84590.0,LAX,ANH
17775,84601.0,LAX,WDHL
17776,84617.0,LAX,UVS
17777,84618.0,LAX,HWD
17778,84620.0,LAX,ANH
17779,84622.0,LAX,DTLA
17780,84627.0,LAX,LGB
17781,84637.0,LAX,PSD
17782,84640.0,LAX,ANH
17783,84646.0,LAX,BVH
17784,84716.0,LAX,DTLA
17785,84751.0,LAX,DTLA
17786,84761.0,LAX,BVH
17787,84767.0,LAX,ANH
17788,84776.0,LAX,DTLA
17789,84811.0,LAX,HWD
17790,84850.0,LAX,DTLA
17791,84884.0,LAX,LGB
17792,84902.0,LAX,DTLA
17793,84905.0,LAX,ANH
17794,84913.0,LAX,HWD
17795,84916.0,LAX,HWD
17796,84919.0,LAX,HWD
17797,84927.0,LAX,ANH
17798,84931.0,LAX,DTLA
17799,84933.0,LAX,PSD
17800,84933.0,LAX,ANH
17801,84940.0,LAX,BVH
17802,84946.0,LAX,HWD
17803,84950.0,LAX,BVH
17804,84955.0,LAX,DTLA
17805,84957.0,LAX,HWD
17806,84961.0,LAX,ANH
17807,84965.0,LAX,LGB
17808,84966.0,LAX,DTLA
17809,84967.0,LAX,LGB
17810,84970.0,LAX,DTLA
17811,84974.0,LAX,DTLA
17812,84976.0,LAX,DTLA
17813,84984.0,LAX,ANH
17814,84987.0,LAX,HWD
17815,84990.0,LAX,ANH
17816,84995.0,LAX,ANH
17817,84998.0,LAX,DTLA
17818,85005.0,LAX,ANH
17819,85006.0,LAX,DTLA
17820,85010.0,LAX,ANH
17821,85012.0,LAX,DTLA
17822,85015.0,LAX,PSD
17823,85019.0,LAX,HWD
17824,85021.0,LAX,LGB
17825,85024.0,LAX,ANH
17826,85029.0,LAX,DTLA
17827,85037.0,LAX,PSD
17828,85038.0,LAX,PSD
17829,85040.0,LAX,ANH
17830,85046.0,LAX,HWD
17831,85047.0,LAX,DTLA
17832,85049.0,LAX,HWD
17833,85053.0,LAX,WDHL
17834,85054.0,LAX,UVS
17835,85055.0,LAX,DTLA
17836,85057.0,LAX,ANH
17837,85058.0,LAX,LGB
17838,85062.0,LAX,HWD
17839,85065.0,LAX,DTLA
17840,85066.0,LAX,DTLA
17841,85067.0,LAX,DTLA
17842,85068.0,LAX,DTLA
17843,85080.0,LAX,HWD
17844,85081.0,LAX,BVH
17845,85084.0,LAX,ANH
17846,85086.0,LAX,ANH
17847,85090.0,LAX,HWD
17848,85091.0,LAX,HWD
17849,85093.0,LAX,PSD
17850,85094.0,LAX,WDHL
17851,85095.0,LAX,DTLA
17852,85098.0,LAX,DTLA
17853,85100.0,LAX,HWD
17854,85102.0,LAX,LGB
17855,85102.0,LAX,PSD
17856,85102.0,LAX,LGB
17857,85103.0,LAX,ANH
17858,85107.0,LAX,HWD
17859,85110.0,LAX,DTLA
17860,85111.0,LAX,DTLA
17861,85113.0,LAX,ANH
17862,85115.0,LAX,DTLA
17863,85120.0,LAX,DTLA
17864,85121.0,LAX,DTLA
17865,85128.0,LAX,BVH
17866,85128.0,LAX,ANH
17867,85131.0,LAX,ANH
17868,85131.0,LAX,UVS
17869,85143.0,LAX,BVH
17870,85144.0,LAX,DTLA
17871,85147.0,LAX,DTLA
17872,85149.0,LAX,UVS
17873,85154.0,LAX,UVS
17874,85162.0,LAX,LGB
17875,85163.0,LAX,DTLA
17876,85171.0,LAX,WDHL
17877,85171.0,LAX,HWD
17878,85178.0,LAX,WDHL
17879,85185.0,LAX,BVH
17880,85186.0,LAX,PSD
17881,85189.0,LAX,DTLA
17882,85194.0,LAX,LGB
17883,85203.0,LAX,HWD
17884,85224.0,LAX,DTLA
17885,85230.0,LAX,HWD
17886,85241.0,LAX,DTLA
17887,85245.0,LAX,HWD
17888,85247.0,LAX,HWD
17889,85255.0,LAX,ANH
17890,85332.0,LAX,HWD
17891,85384.0,LAX,BVH
17892,85386.0,LAX,WDHL
17893,85391.0,LAX,HWD
17894,85417.0,LAX,BVH
17895,85427.0,LAX,PSD
17896,85495.0,LAX,BVH
17897,85509.0,LAX,WDHL
17898,85510.0,LAX,PSD
17899,85517.0,LAX,ANH
17900,85527.0,LAX,PSD
17901,85530.0,LAX,DTLA
17902,85532.0,LAX,ANH
17903,85534.0,LAX,LGB
17904,85545.0,LAX,HWD
17905,85550.0,LAX,HWD
17906,85561.0,LAX,DTLA
17907,85562.0,LAX,DTLA
17908,85583.0,LAX,DTLA
17909,85585.0,LAX,UVS
17910,85592.0,LAX,ANH
17911,85598.0,LAX,DTLA
17912,85611.0,LAX,ANH
17913,85611.0,LAX,BVH
17914,85612.0,LAX,LGB
17915,85617.0,LAX,DTLA
17916,85626.0,LAX,HWD
17917,85632.0,LAX,HWD
17918,85636.0,LAX,DTLA
17919,85636.0,LAX,HWD
17920,85640.0,LAX,ANH
17921,85651.0,LAX,LGB
17922,85658.0,LAX,BVH
17923,85662.0,LAX,DTLA
17924,85690.0,LAX,WDHL
17925,85694.0,LAX,LGB
17926,85697.0,LAX,DTLA
17927,85704.0,LAX,ANH
17928,85706.0,LAX,HWD
17929,85725.0,LAX,HWD
17930,85732.0,LAX,LGB
17931,85735.0,LAX,LGB
17932,85757.0,LAX,WDHL
17933,85761.0,LAX,DTLA
17934,85763.0,LAX,ANH
17935,85763.0,LAX,BVH
17936,85773.0,LAX,HWD
17937,85774.0,LAX,WDHL
17938,85775.0,LAX,BVH
17939,85787.0,LAX,HWD
17940,85806.0,LAX,DTLA
17941,85815.0,LAX,UVS
17942,85855.0,LAX,HWD
17943,85855.0,LAX,HWD
17944,85861.0,LAX,HWD
17945,85876.0,LAX,HWD
17946,85889.0,LAX,DTLA
17947,85889.0,LAX,DTLA
17948,85890.0,LAX,PSD
17949,85907.0,LAX,ANH
17950,85915.0,LAX,ANH
17951,85923.0,LAX,DTLA
17952,85928.0,LAX,ANH
17953,85960.0,LAX,UVS
17954,85961.0,LAX,PSD
17955,85967.0,LAX,ANH
17956,85979.0,LAX,DTLA
17957,85986.0,LAX,ANH
17958,85997.0,LAX,DTLA
17959,85999.0,LAX,HWD
17960,86007.0,LAX,PSD
17961,86010.0,LAX,LGB
17962,86029.0,LAX,HWD
17963,86033.0,LAX,DTLA
17964,86047.0,LAX,DTLA
17965,86048.0,LAX,HWD
17966,86062.0,LAX,DTLA
17967,86072.0,LAX,ANH
17968,86084.0,LAX,DTLA
17969,86109.0,LAX,BVH
17970,86124.0,LAX,WDHL
17971,86128.0,LAX,BVH
17972,86128.0,LAX,PSD
17973,86151.0,LAX,LGB
17974,86170.0,LAX,ANH
17975,86186.0,LAX,ANH
17976,86204.0,LAX,DTLA
17977,86217.0,LAX,PSD
17978,86266.0,LAX,DTLA
17979,86275.0,LAX,ANH
17980,86287.0,LAX,ANH
17981,86290.0,LAX,DTLA
17982,86291.0,LAX,PSD
17983,86292.0,LAX,ANH
17984,86295.0,LAX,ANH
17985,86310.0,LAX,ANH
17986,86313.0,LAX,ANH
17987,86315.0,LAX,UVS
17988,86318.0,LAX,DTLA
17989,86321.0,LAX,PSD
17990,86321.0,LAX,BVH
17991,86324.0,LAX,HWD
17992,86326.0,LAX,ANH
17993,86328.0,LAX,WDHL
17994,86335.0,LAX,ANH
17995,86338.0,LAX,DTLA
17996,86339.0,LAX,PSD
17997,86352.0,LAX,ANH
17998,86353.0,LAX,PSD
17999,86354.0,LAX,DTLA
18000,86358.0,LAX,UVS
18001,86361.0,LAX,PSD
18002,86362.0,LAX,UVS
18003,86363.0,LAX,DTLA
18004,86364.0,LAX,DTLA
18005,86370.0,LAX,DTLA
18006,86376.0,LAX,PSD
18007,86395.0,LAX,HWD
