passenger_id,passenger_arrival_time,origin_vertiport_id,destination_vertiport_id
0,706.0,BVH,LAX
1,771.0,BVH,LAX
2,1128.0,BVH,LAX
3,2654.0,ANH,LAX
4,4997.0,BVH,LAX
5,5361.0,ANH,LAX
6,5376.0,DTLA,LAX
7,5390.0,ANH,LAX
8,5391.0,HWD,LAX
9,5474.0,HWD,LAX
10,5512.0,ANH,LAX
11,5918.0,BVH,LAX
12,5923.0,HWD,LAX
13,6729.0,DTLA,LAX
14,6852.0,ANH,LAX
15,7035.0,UVS,LAX
16,8234.0,UVS,LAX
17,8339.0,ANH,LAX
18,8514.0,ANH,LAX
19,8654.0,DTLA,LAX
20,8659.0,PSD,LAX
21,8780.0,DTLA,LAX
22,8864.0,LGB,LAX
23,8877.0,LGB,LAX
24,8929.0,LGB,LAX
25,9052.0,UVS,LAX
26,9215.0,PSD,LAX
27,9224.0,DTLA,LAX
28,9347.0,HWD,LAX
29,9372.0,DTLA,LAX
30,9451.0,WDHL,LAX
31,9457.0,LGB,LAX
32,9513.0,ANH,LAX
33,9528.0,ANH,LAX
34,9561.0,ANH,LAX
35,9573.0,LGB,LAX
36,9697.0,LGB,LAX
37,9787.0,BVH,LAX
38,9824.0,LGB,LAX
39,10021.0,LGB,LAX
40,10156.0,DTLA,LAX
41,10164.0,ANH,LAX
42,10164.0,DTLA,LAX
43,10328.0,DTLA,LAX
44,10408.0,DTLA,LAX
45,10459.0,ANH,LAX
46,10524.0,DTLA,LAX
47,10570.0,ANH,LAX
48,10577.0,HWD,LAX
49,10675.0,DTLA,LAX
50,10723.0,BVH,LAX
51,10778.0,UVS,LAX
52,10818.0,HWD,LAX
53,10868.0,BVH,LAX
54,10911.0,BVH,LAX
55,10953.0,PSD,LAX
56,10966.0,ANH,LAX
57,10979.0,ANH,LAX
58,10988.0,PSD,LAX
59,11031.0,DTLA,LAX
60,11065.0,BVH,LAX
61,11159.0,DTLA,LAX
62,11170.0,DTLA,LAX
63,11298.0,HWD,LAX
64,11347.0,DTLA,LAX
65,11349.0,ANH,LAX
66,11423.0,DTLA,LAX
67,11438.0,HWD,LAX
68,11479.0,ANH,LAX
69,11511.0,DTLA,LAX
70,11512.0,LGB,LAX
71,11608.0,ANH,LAX
72,11685.0,BVH,LAX
73,11715.0,DTLA,LAX
74,11725.0,DTLA,LAX
75,11738.0,UVS,LAX
76,11742.0,LGB,LAX
77,11762.0,WDHL,LAX
78,11783.0,BVH,LAX
79,11803.0,BVH,LAX
80,11810.0,ANH,LAX
81,11816.0,UVS,LAX
82,11828.0,BVH,LAX
83,11855.0,HWD,LAX
84,11856.0,LGB,LAX
85,11866.0,UVS,LAX
86,11926.0,UVS,LAX
87,11937.0,PSD,LAX
88,11958.0,HWD,LAX
89,12017.0,ANH,LAX
90,12022.0,DTLA,LAX
91,12044.0,LGB,LAX
92,12098.0,DTLA,LAX
93,12141.0,WDHL,LAX
94,12161.0,BVH,LAX
95,12200.0,PSD,LAX
96,12227.0,PSD,LAX
97,12263.0,ANH,LAX
98,12263.0,ANH,LAX
99,12311.0,WDHL,LAX
100,12314.0,DTLA,LAX
101,12352.0,ANH,LAX
102,12371.0,HWD,LAX
103,12378.0,ANH,LAX
104,12393.0,WDHL,LAX
105,12397.0,LGB,LAX
106,12430.0,PSD,LAX
107,12442.0,WDHL,LAX
108,12469.0,LGB,LAX
109,12534.0,HWD,LAX
110,12562.0,HWD,LAX
111,12567.0,DTLA,LAX
112,12570.0,HWD,LAX
113,12577.0,BVH,LAX
114,12622.0,PSD,LAX
115,12628.0,DTLA,LAX
116,12697.0,LGB,LAX
117,12768.0,ANH,LAX
118,12820.0,PSD,LAX
119,12823.0,PSD,LAX
120,12828.0,BVH,LAX
121,12837.0,PSD,LAX
122,12838.0,ANH,LAX
123,12842.0,LGB,LAX
124,12848.0,UVS,LAX
125,12891.0,HWD,LAX
126,12893.0,HWD,LAX
127,12959.0,PSD,LAX
128,12979.0,HWD,LAX
129,12983.0,BVH,LAX
130,12997.0,HWD,LAX
131,13027.0,DTLA,LAX
132,13042.0,DTLA,LAX
133,13062.0,UVS,LAX
134,13090.0,PSD,LAX
135,13090.0,HWD,LAX
136,13104.0,BVH,LAX
137,13113.0,PSD,LAX
138,13130.0,ANH,LAX
139,13135.0,BVH,LAX
140,13156.0,ANH,LAX
141,13214.0,WDHL,LAX
142,13260.0,WDHL,LAX
143,13301.0,PSD,LAX
144,13303.0,HWD,LAX
145,13358.0,LGB,LAX
146,13394.0,DTLA,LAX
147,13396.0,ANH,LAX
148,13404.0,LGB,LAX
149,13413.0,BVH,LAX
150,13443.0,UVS,LAX
151,13462.0,WDHL,LAX
152,13464.0,LGB,LAX
153,13503.0,BVH,LAX
154,13507.0,HWD,LAX
155,13526.0,HWD,LAX
156,13539.0,ANH,LAX
157,13551.0,LGB,LAX
158,13553.0,LGB,LAX
159,13555.0,ANH,LAX
160,13563.0,DTLA,LAX
161,13567.0,DTLA,LAX
162,13575.0,PSD,LAX
163,13590.0,DTLA,LAX
164,13598.0,ANH,LAX
165,13624.0,PSD,LAX
166,13652.0,PSD,LAX
167,13661.0,HWD,LAX
168,13666.0,LGB,LAX
169,13689.0,BVH,LAX
170,13700.0,HWD,LAX
171,13701.0,LGB,LAX
172,13715.0,LGB,LAX
173,13720.0,DTLA,LAX
174,13743.0,DTLA,LAX
175,13744.0,BVH,LAX
176,13748.0,LGB,LAX
177,13760.0,UVS,LAX
178,13787.0,DTLA,LAX
179,13800.0,WDHL,LAX
180,13804.0,HWD,LAX
181,13825.0,DTLA,LAX
182,13835.0,ANH,LAX
183,13842.0,ANH,LAX
184,13842.0,ANH,LAX
185,13852.0,HWD,LAX
186,13857.0,LGB,LAX
187,13863.0,ANH,LAX
188,13864.0,DTLA,LAX
189,13876.0,DTLA,LAX
190,13884.0,PSD,LAX
191,13896.0,UVS,LAX
192,13900.0,ANH,LAX
193,13907.0,ANH,LAX
194,13940.0,DTLA,LAX
195,13954.0,PSD,LAX
196,13989.0,WDHL,LAX
197,13994.0,HWD,LAX
198,14007.0,DTLA,LAX
199,14027.0,ANH,LAX
200,14042.0,UVS,LAX
201,14059.0,BVH,LAX
202,14063.0,DTLA,LAX
203,14072.0,DTLA,LAX
204,14119.0,HWD,LAX
205,14129.0,ANH,LAX
206,14134.0,LGB,LAX
207,14154.0,ANH,LAX
208,14175.0,BVH,LAX
209,14182.0,ANH,LAX
210,14211.0,PSD,LAX
211,14213.0,DTLA,LAX
212,14245.0,HWD,LAX
213,14249.0,PSD,LAX
214,14271.0,WDHL,LAX
215,14281.0,DTLA,LAX
216,14284.0,DTLA,LAX
217,14292.0,ANH,LAX
218,14314.0,WDHL,LAX
219,14325.0,ANH,LAX
220,14346.0,ANH,LAX
221,14373.0,PSD,LAX
222,14374.0,BVH,LAX
223,14377.0,DTLA,LAX
224,14379.0,DTLA,LAX
225,14389.0,DTLA,LAX
226,14415.0,ANH,LAX
227,14419.0,ANH,LAX
228,14426.0,ANH,LAX
229,14427.0,DTLA,LAX
230,14437.0,ANH,LAX
231,14464.0,LGB,LAX
232,14467.0,ANH,LAX
233,14475.0,HWD,LAX
234,14477.0,BVH,LAX
235,14482.0,DTLA,LAX
236,14491.0,BVH,LAX
237,14505.0,HWD,LAX
238,14508.0,DTLA,LAX
239,14523.0,WDHL,LAX
240,14538.0,WDHL,LAX
241,14539.0,DTLA,LAX
242,14541.0,HWD,LAX
243,14543.0,DTLA,LAX
244,14559.0,HWD,LAX
245,14564.0,DTLA,LAX
246,14564.0,DTLA,LAX
247,14633.0,HWD,LAX
248,14634.0,PSD,LAX
249,14635.0,LGB,LAX
250,14639.0,UVS,LAX
251,14681.0,BVH,LAX
252,14682.0,PSD,LAX
253,14698.0,PSD,LAX
254,14703.0,BVH,LAX
255,14713.0,BVH,LAX
256,14721.0,ANH,LAX
257,14734.0,DTLA,LAX
258,14752.0,LGB,LAX
259,14794.0,BVH,LAX
260,14808.0,HWD,LAX
261,14819.0,DTLA,LAX
262,14828.0,WDHL,LAX
263,14843.0,DTLA,LAX
264,14849.0,LGB,LAX
265,14859.0,PSD,LAX
266,14866.0,LGB,LAX
267,14868.0,DTLA,LAX
268,14875.0,UVS,LAX
269,14902.0,LGB,LAX
270,14906.0,DTLA,LAX
271,14910.0,ANH,LAX
272,14928.0,LGB,LAX
273,14934.0,DTLA,LAX
274,14939.0,HWD,LAX
275,14963.0,BVH,LAX
276,14966.0,DTLA,LAX
277,14967.0,WDHL,LAX
278,14967.0,WDHL,LAX
279,14968.0,ANH,LAX
280,14972.0,PSD,LAX
281,15006.0,ANH,LAX
282,15020.0,UVS,LAX
283,15024.0,PSD,LAX
284,15025.0,ANH,LAX
285,15028.0,BVH,LAX
286,15029.0,ANH,LAX
287,15049.0,DTLA,LAX
288,15051.0,DTLA,LAX
289,15070.0,ANH,LAX
290,15081.0,ANH,LAX
291,15095.0,HWD,LAX
292,15117.0,BVH,LAX
293,15118.0,DTLA,LAX
294,15129.0,BVH,LAX
295,15136.0,ANH,LAX
296,15186.0,HWD,LAX
297,15192.0,ANH,LAX
298,15208.0,HWD,LAX
299,15216.0,HWD,LAX
300,15254.0,HWD,LAX
301,15266.0,BVH,LAX
302,15272.0,DTLA,LAX
303,15278.0,ANH,LAX
304,15292.0,DTLA,LAX
305,15298.0,ANH,LAX
306,15326.0,ANH,LAX
307,15326.0,DTLA,LAX
308,15331.0,HWD,LAX
309,15332.0,ANH,LAX
310,15348.0,DTLA,LAX
311,15370.0,PSD,LAX
312,15387.0,ANH,LAX
313,15403.0,HWD,LAX
314,15416.0,DTLA,LAX
315,15418.0,ANH,LAX
316,15419.0,HWD,LAX
317,15422.0,DTLA,LAX
318,15422.0,PSD,LAX
319,15424.0,ANH,LAX
320,15436.0,HWD,LAX
321,15441.0,PSD,LAX
322,15482.0,PSD,LAX
323,15485.0,HWD,LAX
324,15490.0,ANH,LAX
325,15491.0,ANH,LAX
326,15493.0,ANH,LAX
327,15511.0,LGB,LAX
328,15515.0,PSD,LAX
329,15541.0,ANH,LAX
330,15567.0,ANH,LAX
331,15576.0,DTLA,LAX
332,15578.0,ANH,LAX
333,15592.0,DTLA,LAX
334,15612.0,PSD,LAX
335,15612.0,UVS,LAX
336,15637.0,LGB,LAX
337,15640.0,LGB,LAX
338,15643.0,DTLA,LAX
339,15650.0,UVS,LAX
340,15655.0,WDHL,LAX
341,15666.0,HWD,LAX
342,15667.0,HWD,LAX
343,15680.0,DTLA,LAX
344,15685.0,DTLA,LAX
345,15685.0,HWD,LAX
346,15688.0,DTLA,LAX
347,15699.0,BVH,LAX
348,15717.0,DTLA,LAX
349,15717.0,ANH,LAX
350,15725.0,LGB,LAX
351,15728.0,LGB,LAX
352,15734.0,HWD,LAX
353,15738.0,DTLA,LAX
354,15755.0,BVH,LAX
355,15763.0,DTLA,LAX
356,15777.0,DTLA,LAX
357,15786.0,DTLA,LAX
358,15787.0,DTLA,LAX
359,15796.0,HWD,LAX
360,15811.0,WDHL,LAX
361,15817.0,DTLA,LAX
362,15830.0,DTLA,LAX
363,15859.0,DTLA,LAX
364,15884.0,HWD,LAX
365,15911.0,ANH,LAX
366,15940.0,DTLA,LAX
367,15948.0,ANH,LAX
368,15952.0,PSD,LAX
369,15952.0,DTLA,LAX
370,15956.0,ANH,LAX
371,15959.0,LGB,LAX
372,15959.0,LGB,LAX
373,15962.0,HWD,LAX
374,15967.0,PSD,LAX
375,15974.0,WDHL,LAX
376,15988.0,ANH,LAX
377,15998.0,HWD,LAX
378,16011.0,HWD,LAX
379,16033.0,ANH,LAX
380,16034.0,WDHL,LAX
381,16042.0,UVS,LAX
382,16067.0,ANH,LAX
383,16070.0,ANH,LAX
384,16072.0,DTLA,LAX
385,16073.0,LGB,LAX
386,16097.0,ANH,LAX
387,16124.0,ANH,LAX
388,16125.0,BVH,LAX
389,16132.0,HWD,LAX
390,16143.0,ANH,LAX
391,16144.0,DTLA,LAX
392,16146.0,PSD,LAX
393,16165.0,ANH,LAX
394,16167.0,HWD,LAX
395,16170.0,PSD,LAX
396,16177.0,UVS,LAX
397,16185.0,DTLA,LAX
398,16208.0,ANH,LAX
399,16209.0,ANH,LAX
400,16225.0,DTLA,LAX
401,16228.0,BVH,LAX
402,16230.0,UVS,LAX
403,16231.0,LGB,LAX
404,16256.0,DTLA,LAX
405,16256.0,HWD,LAX
406,16268.0,WDHL,LAX
407,16274.0,WDHL,LAX
408,16278.0,DTLA,LAX
409,16299.0,DTLA,LAX
410,16366.0,DTLA,LAX
411,16373.0,ANH,LAX
412,16377.0,PSD,LAX
413,16380.0,HWD,LAX
414,16407.0,ANH,LAX
415,16411.0,DTLA,LAX
416,16412.0,DTLA,LAX
417,16422.0,LGB,LAX
418,16443.0,DTLA,LAX
419,16447.0,DTLA,LAX
420,16453.0,UVS,LAX
421,16454.0,ANH,LAX
422,16466.0,DTLA,LAX
423,16466.0,ANH,LAX
424,16474.0,HWD,LAX
425,16496.0,DTLA,LAX
426,16517.0,LGB,LAX
427,16524.0,DTLA,LAX
428,16534.0,DTLA,LAX
429,16549.0,HWD,LAX
430,16576.0,HWD,LAX
431,16577.0,ANH,LAX
432,16590.0,HWD,LAX
433,16605.0,ANH,LAX
434,16610.0,HWD,LAX
435,16635.0,BVH,LAX
436,16644.0,PSD,LAX
437,16653.0,HWD,LAX
438,16663.0,BVH,LAX
439,16668.0,LGB,LAX
440,16671.0,ANH,LAX
441,16672.0,ANH,LAX
442,16748.0,DTLA,LAX
443,16750.0,DTLA,LAX
444,16757.0,DTLA,LAX
445,16761.0,DTLA,LAX
446,16775.0,WDHL,LAX
447,16778.0,LGB,LAX
448,16784.0,ANH,LAX
449,16794.0,BVH,LAX
450,16805.0,PSD,LAX
451,16805.0,PSD,LAX
452,16826.0,ANH,LAX
453,16837.0,PSD,LAX
454,16846.0,HWD,LAX
455,16848.0,WDHL,LAX
456,16853.0,LGB,LAX
457,16854.0,ANH,LAX
458,16859.0,DTLA,LAX
459,16889.0,DTLA,LAX
460,16898.0,DTLA,LAX
461,16900.0,ANH,LAX
462,16909.0,PSD,LAX
463,16910.0,HWD,LAX
464,16920.0,BVH,LAX
465,16922.0,PSD,LAX
466,16936.0,HWD,LAX
467,16940.0,ANH,LAX
468,16948.0,UVS,LAX
469,16957.0,HWD,LAX
470,16969.0,PSD,LAX
471,16986.0,WDHL,LAX
472,17031.0,BVH,LAX
473,17032.0,DTLA,LAX
474,17035.0,HWD,LAX
475,17044.0,WDHL,LAX
476,17046.0,DTLA,LAX
477,17056.0,BVH,LAX
478,17061.0,LGB,LAX
479,17079.0,WDHL,LAX
480,17097.0,ANH,LAX
481,17113.0,HWD,LAX
482,17125.0,DTLA,LAX
483,17132.0,LGB,LAX
484,17153.0,HWD,LAX
485,17154.0,PSD,LAX
486,17156.0,UVS,LAX
487,17159.0,DTLA,LAX
488,17161.0,UVS,LAX
489,17167.0,PSD,LAX
490,17172.0,ANH,LAX
491,17175.0,LGB,LAX
492,17189.0,HWD,LAX
493,17203.0,HWD,LAX
494,17207.0,WDHL,LAX
495,17208.0,WDHL,LAX
496,17218.0,DTLA,LAX
497,17226.0,LGB,LAX
498,17242.0,ANH,LAX
499,17243.0,ANH,LAX
500,17245.0,PSD,LAX
501,17258.0,ANH,LAX
502,17275.0,ANH,LAX
503,17287.0,UVS,LAX
504,17299.0,PSD,LAX
505,17304.0,UVS,LAX
506,17315.0,DTLA,LAX
507,17316.0,PSD,LAX
508,17350.0,HWD,LAX
509,17382.0,ANH,LAX
510,17402.0,WDHL,LAX
511,17418.0,ANH,LAX
512,17427.0,PSD,LAX
513,17439.0,HWD,LAX
514,17439.0,BVH,LAX
515,17457.0,PSD,LAX
516,17504.0,DTLA,LAX
517,17513.0,DTLA,LAX
518,17525.0,PSD,LAX
519,17544.0,UVS,LAX
520,17545.0,WDHL,LAX
521,17551.0,DTLA,LAX
522,17557.0,HWD,LAX
523,17558.0,ANH,LAX
524,17561.0,DTLA,LAX
525,17578.0,LGB,LAX
526,17588.0,DTLA,LAX
527,17606.0,BVH,LAX
528,17610.0,PSD,LAX
529,17612.0,WDHL,LAX
530,17617.0,HWD,LAX
531,17617.0,LGB,LAX
532,17629.0,HWD,LAX
533,17631.0,HWD,LAX
534,17631.0,ANH,LAX
535,17644.0,PSD,LAX
536,17645.0,ANH,LAX
537,17654.0,ANH,LAX
538,17666.0,DTLA,LAX
539,17668.0,PSD,LAX
540,17669.0,ANH,LAX
541,17674.0,WDHL,LAX
542,17688.0,DTLA,LAX
543,17689.0,ANH,LAX
544,17697.0,DTLA,LAX
545,17712.0,BVH,LAX
546,17718.0,DTLA,LAX
547,17720.0,DTLA,LAX
548,17721.0,UVS,LAX
549,17730.0,UVS,LAX
550,17733.0,ANH,LAX
551,17742.0,HWD,LAX
552,17745.0,PSD,LAX
553,17759.0,HWD,LAX
554,17763.0,LGB,LAX
555,17767.0,LGB,LAX
556,17768.0,UVS,LAX
557,17781.0,PSD,LAX
558,17795.0,ANH,LAX
559,17798.0,HWD,LAX
560,17801.0,ANH,LAX
561,17860.0,BVH,LAX
562,17868.0,HWD,LAX
563,17872.0,HWD,LAX
564,17890.0,LGB,LAX
565,17912.0,ANH,LAX
566,17914.0,LGB,LAX
567,17914.0,WDHL,LAX
568,17915.0,DTLA,LAX
569,17921.0,HWD,LAX
570,17924.0,DTLA,LAX
571,17926.0,HWD,LAX
572,17931.0,HWD,LAX
573,17940.0,BVH,LAX
574,18008.0,LGB,LAX
575,18029.0,UVS,LAX
576,18030.0,ANH,LAX
577,18034.0,LGB,LAX
578,18038.0,LGB,LAX
579,18042.0,HWD,LAX
580,18099.0,DTLA,LAX
581,18108.0,ANH,LAX
582,18112.0,LGB,LAX
583,18121.0,ANH,LAX
584,18123.0,DTLA,LAX
585,18125.0,PSD,LAX
586,18136.0,UVS,LAX
587,18163.0,BVH,LAX
588,18165.0,DTLA,LAX
589,18168.0,HWD,LAX
590,18175.0,LGB,LAX
591,18181.0,LGB,LAX
592,18184.0,HWD,LAX
593,18189.0,LGB,LAX
594,18205.0,HWD,LAX
595,18219.0,UVS,LAX
596,18219.0,ANH,LAX
597,18221.0,UVS,LAX
598,18228.0,HWD,LAX
599,18229.0,UVS,LAX
600,18232.0,DTLA,LAX
601,18233.0,DTLA,LAX
602,18238.0,DTLA,LAX
603,18241.0,PSD,LAX
604,18248.0,ANH,LAX
605,18264.0,DTLA,LAX
606,18264.0,HWD,LAX
607,18281.0,HWD,LAX
608,18286.0,HWD,LAX
609,18304.0,DTLA,LAX
610,18310.0,DTLA,LAX
611,18327.0,LGB,LAX
612,18331.0,HWD,LAX
613,18332.0,ANH,LAX
614,18332.0,ANH,LAX
615,18335.0,ANH,LAX
616,18346.0,HWD,LAX
617,18355.0,WDHL,LAX
618,18355.0,ANH,LAX
619,18363.0,BVH,LAX
620,18368.0,ANH,LAX
621,18372.0,LGB,LAX
622,18377.0,DTLA,LAX
623,18395.0,ANH,LAX
624,18396.0,DTLA,LAX
625,18404.0,HWD,LAX
626,18404.0,ANH,LAX
627,18409.0,DTLA,LAX
628,18416.0,HWD,LAX
629,18436.0,LGB,LAX
630,18471.0,DTLA,LAX
631,18475.0,WDHL,LAX
632,18481.0,LGB,LAX
633,18496.0,PSD,LAX
634,18510.0,WDHL,LAX
635,18513.0,ANH,LAX
636,18530.0,DTLA,LAX
637,18536.0,ANH,LAX
638,18537.0,HWD,LAX
639,18549.0,HWD,LAX
640,18554.0,DTLA,LAX
641,18557.0,LGB,LAX
642,18558.0,WDHL,LAX
643,18564.0,DTLA,LAX
644,18578.0,ANH,LAX
645,18585.0,PSD,LAX
646,18587.0,DTLA,LAX
647,18587.0,HWD,LAX
648,18600.0,LGB,LAX
649,18607.0,WDHL,LAX
650,18609.0,ANH,LAX
651,18609.0,LGB,LAX
652,18624.0,BVH,LAX
653,18625.0,ANH,LAX
654,18627.0,PSD,LAX
655,18632.0,ANH,LAX
656,18649.0,BVH,LAX
657,18651.0,PSD,LAX
658,18660.0,DTLA,LAX
659,18670.0,HWD,LAX
660,18676.0,DTLA,LAX
661,18690.0,ANH,LAX
662,18707.0,LGB,LAX
663,18715.0,LGB,LAX
664,18744.0,LGB,LAX
665,18777.0,LGB,LAX
666,18791.0,WDHL,LAX
667,18801.0,DTLA,LAX
668,18809.0,UVS,LAX
669,18827.0,LGB,LAX
670,18832.0,UVS,LAX
671,18833.0,HWD,LAX
672,18853.0,DTLA,LAX
673,18888.0,UVS,LAX
674,18891.0,DTLA,LAX
675,18902.0,ANH,LAX
676,18907.0,HWD,LAX
677,18915.0,WDHL,LAX
678,18917.0,DTLA,LAX
679,18919.0,LGB,LAX
680,18926.0,BVH,LAX
681,18958.0,WDHL,LAX
682,18959.0,HWD,LAX
683,18960.0,PSD,LAX
684,18966.0,LGB,LAX
685,18971.0,DTLA,LAX
686,18986.0,DTLA,LAX
687,18993.0,DTLA,LAX
688,19000.0,BVH,LAX
689,19003.0,PSD,LAX
690,19005.0,DTLA,LAX
691,19016.0,DTLA,LAX
692,19016.0,DTLA,LAX
693,19030.0,BVH,LAX
694,19034.0,HWD,LAX
695,19044.0,DTLA,LAX
696,19048.0,LGB,LAX
697,19049.0,LGB,LAX
698,19070.0,LGB,LAX
699,19075.0,LGB,LAX
700,19075.0,ANH,LAX
701,19079.0,HWD,LAX
702,19087.0,PSD,LAX
703,19097.0,ANH,LAX
704,19102.0,ANH,LAX
705,19108.0,BVH,LAX
706,19119.0,DTLA,LAX
707,19122.0,WDHL,LAX
708,19165.0,ANH,LAX
709,19193.0,PSD,LAX
710,19194.0,UVS,LAX
711,19201.0,BVH,LAX
712,19227.0,WDHL,LAX
713,19228.0,DTLA,LAX
714,19229.0,BVH,LAX
715,19256.0,HWD,LAX
716,19267.0,WDHL,LAX
717,19310.0,ANH,LAX
718,19317.0,DTLA,LAX
719,19317.0,LGB,LAX
720,19339.0,BVH,LAX
721,19345.0,LGB,LAX
722,19355.0,PSD,LAX
723,19364.0,ANH,LAX
724,19364.0,DTLA,LAX
725,19369.0,DTLA,LAX
726,19377.0,ANH,LAX
727,19385.0,ANH,LAX
728,19391.0,ANH,LAX
729,19416.0,DTLA,LAX
730,19423.0,DTLA,LAX
731,19448.0,DTLA,LAX
732,19449.0,DTLA,LAX
733,19478.0,ANH,LAX
734,19480.0,LGB,LAX
735,19485.0,LGB,LAX
736,19489.0,LGB,LAX
737,19523.0,ANH,LAX
738,19536.0,HWD,LAX
739,19551.0,DTLA,LAX
740,19571.0,BVH,LAX
741,19579.0,HWD,LAX
742,19588.0,HWD,LAX
743,19606.0,HWD,LAX
744,19607.0,DTLA,LAX
745,19617.0,ANH,LAX
746,19619.0,DTLA,LAX
747,19637.0,DTLA,LAX
748,19641.0,HWD,LAX
749,19644.0,BVH,LAX
750,19657.0,DTLA,LAX
751,19676.0,BVH,LAX
752,19685.0,DTLA,LAX
753,19696.0,UVS,LAX
754,19715.0,HWD,LAX
755,19716.0,PSD,LAX
756,19721.0,LGB,LAX
757,19735.0,BVH,LAX
758,19742.0,UVS,LAX
759,19750.0,DTLA,LAX
760,19767.0,ANH,LAX
761,19768.0,PSD,LAX
762,19785.0,WDHL,LAX
763,19787.0,DTLA,LAX
764,19806.0,HWD,LAX
765,19809.0,DTLA,LAX
766,19818.0,ANH,LAX
767,19825.0,LGB,LAX
768,19830.0,WDHL,LAX
769,19830.0,DTLA,LAX
770,19851.0,DTLA,LAX
771,19853.0,ANH,LAX
772,19870.0,DTLA,LAX
773,19873.0,HWD,LAX
774,19875.0,PSD,LAX
775,19877.0,LGB,LAX
776,19886.0,ANH,LAX
777,19889.0,WDHL,LAX
778,19891.0,HWD,LAX
779,19898.0,DTLA,LAX
780,19900.0,PSD,LAX
781,19911.0,LGB,LAX
782,19914.0,WDHL,LAX
783,19928.0,UVS,LAX
784,19935.0,HWD,LAX
785,19937.0,WDHL,LAX
786,19942.0,DTLA,LAX
787,19951.0,DTLA,LAX
788,19954.0,BVH,LAX
789,19959.0,WDHL,LAX
790,19977.0,WDHL,LAX
791,19979.0,ANH,LAX
792,19980.0,BVH,LAX
793,19981.0,LGB,LAX
794,19982.0,PSD,LAX
795,19983.0,HWD,LAX
796,19983.0,DTLA,LAX
797,19984.0,ANH,LAX
798,19995.0,DTLA,LAX
799,20000.0,HWD,LAX
800,20005.0,WDHL,LAX
801,20017.0,ANH,LAX
802,20027.0,DTLA,LAX
803,20029.0,ANH,LAX
804,20030.0,WDHL,LAX
805,20030.0,DTLA,LAX
806,20068.0,DTLA,LAX
807,20069.0,PSD,LAX
808,20085.0,ANH,LAX
809,20086.0,ANH,LAX
810,20090.0,LGB,LAX
811,20111.0,UVS,LAX
812,20118.0,ANH,LAX
813,20129.0,DTLA,LAX
814,20129.0,ANH,LAX
815,20138.0,LGB,LAX
816,20146.0,ANH,LAX
817,20151.0,ANH,LAX
818,20170.0,DTLA,LAX
819,20173.0,ANH,LAX
820,20176.0,LGB,LAX
821,20193.0,ANH,LAX
822,20205.0,HWD,LAX
823,20214.0,UVS,LAX
824,20216.0,LGB,LAX
825,20220.0,ANH,LAX
826,20222.0,HWD,LAX
827,20225.0,DTLA,LAX
828,20238.0,DTLA,LAX
829,20251.0,ANH,LAX
830,20257.0,BVH,LAX
831,20267.0,DTLA,LAX
832,20268.0,ANH,LAX
833,20271.0,PSD,LAX
834,20282.0,HWD,LAX
835,20282.0,WDHL,LAX
836,20297.0,ANH,LAX
837,20307.0,LGB,LAX
838,20309.0,ANH,LAX
839,20324.0,DTLA,LAX
840,20340.0,DTLA,LAX
841,20347.0,ANH,LAX
842,20348.0,DTLA,LAX
843,20349.0,ANH,LAX
844,20352.0,ANH,LAX
845,20358.0,DTLA,LAX
846,20370.0,DTLA,LAX
847,20394.0,ANH,LAX
848,20394.0,HWD,LAX
849,20401.0,ANH,LAX
850,20404.0,ANH,LAX
851,20404.0,DTLA,LAX
852,20405.0,LGB,LAX
853,20408.0,UVS,LAX
854,20409.0,LGB,LAX
855,20419.0,LGB,LAX
856,20420.0,DTLA,LAX
857,20430.0,DTLA,LAX
858,20441.0,HWD,LAX
859,20453.0,DTLA,LAX
860,20456.0,HWD,LAX
861,20465.0,DTLA,LAX
862,20468.0,DTLA,LAX
863,20471.0,LGB,LAX
864,20482.0,LGB,LAX
865,20500.0,ANH,LAX
866,20511.0,ANH,LAX
867,20513.0,DTLA,LAX
868,20518.0,PSD,LAX
869,20520.0,LGB,LAX
870,20535.0,ANH,LAX
871,20535.0,PSD,LAX
872,20536.0,DTLA,LAX
873,20540.0,ANH,LAX
874,20544.0,PSD,LAX
875,20548.0,PSD,LAX
876,20563.0,DTLA,LAX
877,20570.0,UVS,LAX
878,20572.0,HWD,LAX
879,20575.0,UVS,LAX
880,20577.0,ANH,LAX
881,20588.0,HWD,LAX
882,20594.0,LGB,LAX
883,20597.0,UVS,LAX
884,20612.0,DTLA,LAX
885,20632.0,DTLA,LAX
886,20641.0,ANH,LAX
887,20644.0,ANH,LAX
888,20646.0,HWD,LAX
889,20650.0,DTLA,LAX
890,20655.0,ANH,LAX
891,20663.0,ANH,LAX
892,20665.0,BVH,LAX
893,20696.0,ANH,LAX
894,20716.0,PSD,LAX
895,20725.0,DTLA,LAX
896,20726.0,HWD,LAX
897,20735.0,ANH,LAX
898,20736.0,DTLA,LAX
899,20748.0,DTLA,LAX
900,20755.0,LGB,LAX
901,20768.0,ANH,LAX
902,20775.0,ANH,LAX
903,20778.0,DTLA,LAX
904,20778.0,DTLA,LAX
905,20782.0,ANH,LAX
906,20782.0,LGB,LAX
907,20784.0,HWD,LAX
908,20792.0,HWD,LAX
909,20799.0,HWD,LAX
910,20801.0,DTLA,LAX
911,20812.0,LGB,LAX
912,20813.0,DTLA,LAX
913,20820.0,DTLA,LAX
914,20826.0,HWD,LAX
915,20847.0,LGB,LAX
916,20861.0,LGB,LAX
917,20865.0,UVS,LAX
918,20868.0,PSD,LAX
919,20870.0,ANH,LAX
920,20872.0,BVH,LAX
921,20872.0,UVS,LAX
922,20873.0,DTLA,LAX
923,20877.0,ANH,LAX
924,20894.0,BVH,LAX
925,20900.0,DTLA,LAX
926,20903.0,LGB,LAX
927,20915.0,HWD,LAX
928,20927.0,UVS,LAX
929,20927.0,DTLA,LAX
930,20934.0,BVH,LAX
931,20938.0,BVH,LAX
932,20942.0,HWD,LAX
933,20944.0,DTLA,LAX
934,20945.0,HWD,LAX
935,20950.0,ANH,LAX
936,20958.0,DTLA,LAX
937,20966.0,DTLA,LAX
938,20972.0,HWD,LAX
939,21012.0,ANH,LAX
940,21015.0,ANH,LAX
941,21016.0,ANH,LAX
942,21017.0,DTLA,LAX
943,21017.0,DTLA,LAX
944,21034.0,WDHL,LAX
945,21040.0,LGB,LAX
946,21047.0,DTLA,LAX
947,21048.0,DTLA,LAX
948,21048.0,DTLA,LAX
949,21050.0,LGB,LAX
950,21060.0,ANH,LAX
951,21065.0,ANH,LAX
952,21077.0,LGB,LAX
953,21078.0,UVS,LAX
954,21083.0,DTLA,LAX
955,21088.0,UVS,LAX
956,21098.0,ANH,LAX
957,21119.0,WDHL,LAX
958,21130.0,LGB,LAX
959,21146.0,DTLA,LAX
960,21150.0,LGB,LAX
961,21150.0,ANH,LAX
962,21154.0,ANH,LAX
963,21166.0,BVH,LAX
964,21176.0,HWD,LAX
965,21178.0,HWD,LAX
966,21186.0,DTLA,LAX
967,21199.0,HWD,LAX
968,21202.0,DTLA,LAX
969,21208.0,LGB,LAX
970,21214.0,WDHL,LAX
971,21223.0,BVH,LAX
972,21232.0,HWD,LAX
973,21241.0,ANH,LAX
974,21245.0,DTLA,LAX
975,21257.0,PSD,LAX
976,21292.0,HWD,LAX
977,21299.0,HWD,LAX
978,21300.0,HWD,LAX
979,21312.0,DTLA,LAX
980,21321.0,DTLA,LAX
981,21322.0,LGB,LAX
982,21328.0,PSD,LAX
983,21345.0,HWD,LAX
984,21346.0,HWD,LAX
985,21353.0,DTLA,LAX
986,21363.0,HWD,LAX
987,21364.0,LGB,LAX
988,21366.0,PSD,LAX
989,21367.0,UVS,LAX
990,21372.0,HWD,LAX
991,21375.0,LGB,LAX
992,21377.0,HWD,LAX
993,21393.0,BVH,LAX
994,21397.0,LGB,LAX
995,21398.0,DTLA,LAX
996,21402.0,DTLA,LAX
997,21410.0,DTLA,LAX
998,21412.0,HWD,LAX
999,21431.0,BVH,LAX
1000,21437.0,WDHL,LAX
1001,21439.0,DTLA,LAX
1002,21443.0,DTLA,LAX
1003,21444.0,HWD,LAX
1004,21456.0,WDHL,LAX
1005,21459.0,WDHL,LAX
1006,21462.0,ANH,LAX
1007,21462.0,HWD,LAX
1008,21466.0,DTLA,LAX
1009,21467.0,UVS,LAX
1010,21474.0,HWD,LAX
1011,21485.0,HWD,LAX
1012,21487.0,DTLA,LAX
1013,21488.0,BVH,LAX
1014,21492.0,HWD,LAX
1015,21498.0,DTLA,LAX
1016,21503.0,LGB,LAX
1017,21518.0,BVH,LAX
1018,21528.0,BVH,LAX
1019,21539.0,DTLA,LAX
1020,21547.0,PSD,LAX
1021,21551.0,WDHL,LAX
1022,21553.0,PSD,LAX
1023,21558.0,HWD,LAX
1024,21561.0,PSD,LAX
1025,21565.0,HWD,LAX
1026,21568.0,ANH,LAX
1027,21569.0,ANH,LAX
1028,21577.0,DTLA,LAX
1029,21579.0,DTLA,LAX
1030,21585.0,HWD,LAX
1031,21589.0,HWD,LAX
1032,21592.0,BVH,LAX
1033,21594.0,ANH,LAX
1034,21602.0,PSD,LAX
1035,21602.0,WDHL,LAX
1036,21615.0,ANH,LAX
1037,21617.0,ANH,LAX
1038,21622.0,LGB,LAX
1039,21637.0,HWD,LAX
1040,21658.0,LGB,LAX
1041,21670.0,ANH,LAX
1042,21692.0,DTLA,LAX
1043,21698.0,DTLA,LAX
1044,21706.0,ANH,LAX
1045,21714.0,HWD,LAX
1046,21718.0,ANH,LAX
1047,21722.0,HWD,LAX
1048,21740.0,HWD,LAX
1049,21741.0,PSD,LAX
1050,21748.0,LGB,LAX
1051,21755.0,LGB,LAX
1052,21759.0,ANH,LAX
1053,21767.0,HWD,LAX
1054,21770.0,PSD,LAX
1055,21771.0,ANH,LAX
1056,21777.0,HWD,LAX
1057,21796.0,DTLA,LAX
1058,21819.0,WDHL,LAX
1059,21820.0,HWD,LAX
1060,21822.0,DTLA,LAX
1061,21828.0,ANH,LAX
1062,21830.0,HWD,LAX
1063,21832.0,DTLA,LAX
1064,21832.0,DTLA,LAX
1065,21838.0,PSD,LAX
1066,21843.0,WDHL,LAX
1067,21845.0,DTLA,LAX
1068,21848.0,PSD,LAX
1069,21850.0,PSD,LAX
1070,21857.0,BVH,LAX
1071,21861.0,LGB,LAX
1072,21862.0,ANH,LAX
1073,21870.0,DTLA,LAX
1074,21871.0,HWD,LAX
1075,21872.0,BVH,LAX
1076,21875.0,UVS,LAX
1077,21894.0,LGB,LAX
1078,21895.0,DTLA,LAX
1079,21899.0,LGB,LAX
1080,21900.0,HWD,LAX
1081,21902.0,DTLA,LAX
1082,21904.0,BVH,LAX
1083,21904.0,PSD,LAX
1084,21906.0,PSD,LAX
1085,21908.0,LGB,LAX
1086,21921.0,DTLA,LAX
1087,21927.0,WDHL,LAX
1088,21932.0,WDHL,LAX
1089,21935.0,HWD,LAX
1090,21937.0,HWD,LAX
1091,21940.0,DTLA,LAX
1092,21941.0,ANH,LAX
1093,21945.0,WDHL,LAX
1094,21954.0,LGB,LAX
1095,21973.0,ANH,LAX
1096,21974.0,ANH,LAX
1097,21977.0,LGB,LAX
1098,21990.0,ANH,LAX
1099,21997.0,PSD,LAX
1100,21998.0,DTLA,LAX
1101,22000.0,ANH,LAX
1102,22008.0,ANH,LAX
1103,22014.0,HWD,LAX
1104,22024.0,HWD,LAX
1105,22025.0,DTLA,LAX
1106,22026.0,PSD,LAX
1107,22029.0,LGB,LAX
1108,22035.0,PSD,LAX
1109,22041.0,DTLA,LAX
1110,22056.0,PSD,LAX
1111,22072.0,HWD,LAX
1112,22090.0,ANH,LAX
1113,22093.0,BVH,LAX
1114,22094.0,PSD,LAX
1115,22106.0,DTLA,LAX
1116,22106.0,WDHL,LAX
1117,22114.0,DTLA,LAX
1118,22115.0,ANH,LAX
1119,22115.0,HWD,LAX
1120,22118.0,LGB,LAX
1121,22120.0,HWD,LAX
1122,22123.0,LGB,LAX
1123,22139.0,DTLA,LAX
1124,22141.0,LGB,LAX
1125,22146.0,UVS,LAX
1126,22146.0,ANH,LAX
1127,22162.0,DTLA,LAX
1128,22167.0,UVS,LAX
1129,22174.0,LGB,LAX
1130,22175.0,DTLA,LAX
1131,22182.0,WDHL,LAX
1132,22187.0,ANH,LAX
1133,22189.0,DTLA,LAX
1134,22192.0,DTLA,LAX
1135,22197.0,HWD,LAX
1136,22198.0,LGB,LAX
1137,22202.0,DTLA,LAX
1138,22216.0,DTLA,LAX
1139,22217.0,WDHL,LAX
1140,22219.0,ANH,LAX
1141,22222.0,DTLA,LAX
1142,22225.0,ANH,LAX
1143,22228.0,ANH,LAX
1144,22228.0,DTLA,LAX
1145,22243.0,LGB,LAX
1146,22254.0,HWD,LAX
1147,22260.0,BVH,LAX
1148,22265.0,ANH,LAX
1149,22269.0,BVH,LAX
1150,22272.0,ANH,LAX
1151,22287.0,DTLA,LAX
1152,22292.0,HWD,LAX
1153,22293.0,DTLA,LAX
1154,22299.0,HWD,LAX
1155,22303.0,LGB,LAX
1156,22307.0,HWD,LAX
1157,22314.0,HWD,LAX
1158,22315.0,ANH,LAX
1159,22316.0,ANH,LAX
1160,22319.0,ANH,LAX
1161,22330.0,PSD,LAX
1162,22337.0,UVS,LAX
1163,22339.0,DTLA,LAX
1164,22346.0,LGB,LAX
1165,22349.0,LGB,LAX
1166,22349.0,LGB,LAX
1167,22354.0,WDHL,LAX
1168,22361.0,PSD,LAX
1169,22363.0,LGB,LAX
1170,22364.0,ANH,LAX
1171,22368.0,PSD,LAX
1172,22370.0,ANH,LAX
1173,22370.0,DTLA,LAX
1174,22375.0,HWD,LAX
1175,22386.0,LGB,LAX
1176,22396.0,ANH,LAX
1177,22403.0,BVH,LAX
1178,22407.0,ANH,LAX
1179,22410.0,BVH,LAX
1180,22410.0,UVS,LAX
1181,22416.0,ANH,LAX
1182,22416.0,DTLA,LAX
1183,22423.0,ANH,LAX
1184,22423.0,LGB,LAX
1185,22426.0,BVH,LAX
1186,22427.0,BVH,LAX
1187,22427.0,LGB,LAX
1188,22431.0,WDHL,LAX
1189,22433.0,ANH,LAX
1190,22449.0,ANH,LAX
1191,22451.0,ANH,LAX
1192,22457.0,DTLA,LAX
1193,22465.0,HWD,LAX
1194,22478.0,ANH,LAX
1195,22487.0,ANH,LAX
1196,22499.0,UVS,LAX
1197,22499.0,BVH,LAX
1198,22501.0,WDHL,LAX
1199,22501.0,DTLA,LAX
1200,22502.0,DTLA,LAX
1201,22516.0,ANH,LAX
1202,22525.0,DTLA,LAX
1203,22527.0,DTLA,LAX
1204,22534.0,WDHL,LAX
1205,22535.0,BVH,LAX
1206,22539.0,HWD,LAX
1207,22554.0,LGB,LAX
1208,22558.0,DTLA,LAX
1209,22558.0,PSD,LAX
1210,22564.0,DTLA,LAX
1211,22564.0,UVS,LAX
1212,22570.0,LGB,LAX
1213,22577.0,DTLA,LAX
1214,22590.0,ANH,LAX
1215,22596.0,DTLA,LAX
1216,22597.0,PSD,LAX
1217,22600.0,DTLA,LAX
1218,22608.0,DTLA,LAX
1219,22618.0,DTLA,LAX
1220,22621.0,PSD,LAX
1221,22622.0,LGB,LAX
1222,22628.0,LGB,LAX
1223,22639.0,HWD,LAX
1224,22647.0,ANH,LAX
1225,22647.0,PSD,LAX
1226,22649.0,ANH,LAX
1227,22655.0,ANH,LAX
1228,22664.0,ANH,LAX
1229,22668.0,HWD,LAX
1230,22677.0,HWD,LAX
1231,22689.0,HWD,LAX
1232,22696.0,WDHL,LAX
1233,22697.0,HWD,LAX
1234,22699.0,LGB,LAX
1235,22709.0,BVH,LAX
1236,22714.0,LGB,LAX
1237,22719.0,DTLA,LAX
1238,22720.0,HWD,LAX
1239,22728.0,HWD,LAX
1240,22729.0,HWD,LAX
1241,22731.0,DTLA,LAX
1242,22736.0,DTLA,LAX
1243,22739.0,HWD,LAX
1244,22745.0,DTLA,LAX
1245,22747.0,UVS,LAX
1246,22752.0,LGB,LAX
1247,22753.0,ANH,LAX
1248,22758.0,HWD,LAX
1249,22764.0,HWD,LAX
1250,22770.0,DTLA,LAX
1251,22780.0,UVS,LAX
1252,22787.0,HWD,LAX
1253,22795.0,PSD,LAX
1254,22807.0,ANH,LAX
1255,22808.0,LGB,LAX
1256,22811.0,BVH,LAX
1257,22811.0,LGB,LAX
1258,22811.0,PSD,LAX
1259,22823.0,HWD,LAX
1260,22836.0,DTLA,LAX
1261,22839.0,HWD,LAX
1262,22843.0,DTLA,LAX
1263,22849.0,ANH,LAX
1264,22861.0,DTLA,LAX
1265,22863.0,ANH,LAX
1266,22876.0,ANH,LAX
1267,22881.0,UVS,LAX
1268,22889.0,LGB,LAX
1269,22893.0,HWD,LAX
1270,22898.0,ANH,LAX
1271,22900.0,DTLA,LAX
1272,22900.0,BVH,LAX
1273,22901.0,HWD,LAX
1274,22911.0,UVS,LAX
1275,22917.0,HWD,LAX
1276,22922.0,ANH,LAX
1277,22935.0,PSD,LAX
1278,22941.0,DTLA,LAX
1279,22947.0,DTLA,LAX
1280,22956.0,PSD,LAX
1281,22958.0,LGB,LAX
1282,22966.0,HWD,LAX
1283,22971.0,PSD,LAX
1284,22971.0,PSD,LAX
1285,22972.0,LGB,LAX
1286,22983.0,BVH,LAX
1287,22983.0,HWD,LAX
1288,22995.0,UVS,LAX
1289,23003.0,ANH,LAX
1290,23008.0,ANH,LAX
1291,23011.0,WDHL,LAX
1292,23016.0,UVS,LAX
1293,23019.0,ANH,LAX
1294,23043.0,HWD,LAX
1295,23050.0,HWD,LAX
1296,23072.0,DTLA,LAX
1297,23074.0,HWD,LAX
1298,23074.0,PSD,LAX
1299,23076.0,HWD,LAX
1300,23080.0,BVH,LAX
1301,23081.0,BVH,LAX
1302,23088.0,UVS,LAX
1303,23107.0,LGB,LAX
1304,23108.0,HWD,LAX
1305,23111.0,ANH,LAX
1306,23119.0,UVS,LAX
1307,23124.0,HWD,LAX
1308,23142.0,DTLA,LAX
1309,23142.0,ANH,LAX
1310,23143.0,ANH,LAX
1311,23145.0,WDHL,LAX
1312,23148.0,WDHL,LAX
1313,23167.0,ANH,LAX
1314,23167.0,UVS,LAX
1315,23176.0,LGB,LAX
1316,23182.0,LGB,LAX
1317,23186.0,LGB,LAX
1318,23188.0,HWD,LAX
1319,23194.0,ANH,LAX
1320,23207.0,PSD,LAX
1321,23234.0,ANH,LAX
1322,23242.0,UVS,LAX
1323,23244.0,PSD,LAX
1324,23269.0,UVS,LAX
1325,23274.0,UVS,LAX
1326,23275.0,UVS,LAX
1327,23281.0,DTLA,LAX
1328,23299.0,ANH,LAX
1329,23301.0,DTLA,LAX
1330,23319.0,PSD,LAX
1331,23325.0,DTLA,LAX
1332,23325.0,BVH,LAX
1333,23330.0,LGB,LAX
1334,23346.0,LGB,LAX
1335,23358.0,ANH,LAX
1336,23368.0,LGB,LAX
1337,23368.0,PSD,LAX
1338,23377.0,DTLA,LAX
1339,23382.0,HWD,LAX
1340,23388.0,ANH,LAX
1341,23400.0,DTLA,LAX
1342,23408.0,DTLA,LAX
1343,23413.0,HWD,LAX
1344,23428.0,ANH,LAX
1345,23430.0,HWD,LAX
1346,23431.0,DTLA,LAX
1347,23442.0,LGB,LAX
1348,23459.0,DTLA,LAX
1349,23463.0,ANH,LAX
1350,23465.0,WDHL,LAX
1351,23466.0,HWD,LAX
1352,23469.0,ANH,LAX
1353,23471.0,HWD,LAX
1354,23479.0,ANH,LAX
1355,23480.0,ANH,LAX
1356,23482.0,DTLA,LAX
1357,23486.0,WDHL,LAX
1358,23492.0,ANH,LAX
1359,23501.0,HWD,LAX
1360,23501.0,DTLA,LAX
1361,23507.0,ANH,LAX
1362,23510.0,ANH,LAX
1363,23517.0,ANH,LAX
1364,23520.0,LGB,LAX
1365,23532.0,ANH,LAX
1366,23550.0,LGB,LAX
1367,23553.0,HWD,LAX
1368,23557.0,HWD,LAX
1369,23579.0,PSD,LAX
1370,23584.0,LGB,LAX
1371,23587.0,DTLA,LAX
1372,23597.0,ANH,LAX
1373,23618.0,LGB,LAX
1374,23622.0,UVS,LAX
1375,23629.0,ANH,LAX
1376,23651.0,HWD,LAX
1377,23658.0,BVH,LAX
1378,23659.0,WDHL,LAX
1379,23661.0,UVS,LAX
1380,23672.0,WDHL,LAX
1381,23686.0,DTLA,LAX
1382,23690.0,ANH,LAX
1383,23693.0,LGB,LAX
1384,23709.0,HWD,LAX
1385,23711.0,ANH,LAX
1386,23713.0,HWD,LAX
1387,23723.0,DTLA,LAX
1388,23730.0,ANH,LAX
1389,23731.0,ANH,LAX
1390,23738.0,BVH,LAX
1391,23743.0,PSD,LAX
1392,23746.0,ANH,LAX
1393,23752.0,HWD,LAX
1394,23755.0,LGB,LAX
1395,23757.0,HWD,LAX
1396,23758.0,DTLA,LAX
1397,23764.0,LGB,LAX
1398,23776.0,DTLA,LAX
1399,23776.0,BVH,LAX
1400,23799.0,ANH,LAX
1401,23800.0,BVH,LAX
1402,23801.0,DTLA,LAX
1403,23811.0,ANH,LAX
1404,23817.0,ANH,LAX
1405,23834.0,HWD,LAX
1406,23852.0,PSD,LAX
1407,23861.0,ANH,LAX
1408,23865.0,HWD,LAX
1409,23871.0,BVH,LAX
1410,23875.0,ANH,LAX
1411,23884.0,WDHL,LAX
1412,23886.0,ANH,LAX
1413,23887.0,DTLA,LAX
1414,23890.0,HWD,LAX
1415,23891.0,LGB,LAX
1416,23908.0,LGB,LAX
1417,23908.0,DTLA,LAX
1418,23913.0,LGB,LAX
1419,23915.0,DTLA,LAX
1420,23915.0,UVS,LAX
1421,23925.0,BVH,LAX
1422,23942.0,HWD,LAX
1423,23946.0,LGB,LAX
1424,23970.0,LGB,LAX
1425,23976.0,WDHL,LAX
1426,23987.0,LGB,LAX
1427,23990.0,HWD,LAX
1428,23991.0,LGB,LAX
1429,23992.0,DTLA,LAX
1430,23994.0,ANH,LAX
1431,23997.0,LGB,LAX
1432,24007.0,ANH,LAX
1433,24008.0,LGB,LAX
1434,24010.0,DTLA,LAX
1435,24024.0,DTLA,LAX
1436,24028.0,ANH,LAX
1437,24040.0,HWD,LAX
1438,24046.0,ANH,LAX
1439,24063.0,PSD,LAX
1440,24069.0,LGB,LAX
1441,24071.0,DTLA,LAX
1442,24072.0,DTLA,LAX
1443,24081.0,HWD,LAX
1444,24086.0,PSD,LAX
1445,24091.0,BVH,LAX
1446,24092.0,HWD,LAX
1447,24097.0,ANH,LAX
1448,24100.0,UVS,LAX
1449,24102.0,DTLA,LAX
1450,24109.0,LGB,LAX
1451,24110.0,DTLA,LAX
1452,24121.0,DTLA,LAX
1453,24138.0,DTLA,LAX
1454,24163.0,BVH,LAX
1455,24163.0,LGB,LAX
1456,24168.0,ANH,LAX
1457,24178.0,BVH,LAX
1458,24183.0,WDHL,LAX
1459,24196.0,ANH,LAX
1460,24204.0,ANH,LAX
1461,24207.0,ANH,LAX
1462,24208.0,BVH,LAX
1463,24233.0,PSD,LAX
1464,24234.0,WDHL,LAX
1465,24256.0,PSD,LAX
1466,24267.0,HWD,LAX
1467,24295.0,PSD,LAX
1468,24303.0,ANH,LAX
1469,24345.0,LGB,LAX
1470,24346.0,WDHL,LAX
1471,24350.0,LGB,LAX
1472,24358.0,UVS,LAX
1473,24362.0,PSD,LAX
1474,24368.0,WDHL,LAX
1475,24382.0,PSD,LAX
1476,24391.0,LGB,LAX
1477,24394.0,LGB,LAX
1478,24398.0,ANH,LAX
1479,24418.0,PSD,LAX
1480,24419.0,LGB,LAX
1481,24427.0,LGB,LAX
1482,24443.0,HWD,LAX
1483,24453.0,HWD,LAX
1484,24456.0,PSD,LAX
1485,24468.0,HWD,LAX
1486,24469.0,ANH,LAX
1487,24473.0,ANH,LAX
1488,24478.0,LGB,LAX
1489,24494.0,HWD,LAX
1490,24499.0,WDHL,LAX
1491,24501.0,ANH,LAX
1492,24501.0,ANH,LAX
1493,24522.0,DTLA,LAX
1494,24523.0,HWD,LAX
1495,24529.0,HWD,LAX
1496,24538.0,DTLA,LAX
1497,24540.0,HWD,LAX
1498,24541.0,BVH,LAX
1499,24547.0,DTLA,LAX
1500,24548.0,ANH,LAX
1501,24555.0,BVH,LAX
1502,24564.0,DTLA,LAX
1503,24571.0,DTLA,LAX
1504,24571.0,HWD,LAX
1505,24591.0,PSD,LAX
1506,24596.0,LGB,LAX
1507,24600.0,WDHL,LAX
1508,24617.0,BVH,LAX
1509,24618.0,DTLA,LAX
1510,24627.0,DTLA,LAX
1511,24632.0,DTLA,LAX
1512,24649.0,HWD,LAX
1513,24660.0,LGB,LAX
1514,24664.0,DTLA,LAX
1515,24665.0,HWD,LAX
1516,24668.0,UVS,LAX
1517,24681.0,WDHL,LAX
1518,24683.0,LGB,LAX
1519,24700.0,HWD,LAX
1520,24702.0,WDHL,LAX
1521,24712.0,LGB,LAX
1522,24727.0,LGB,LAX
1523,24734.0,PSD,LAX
1524,24736.0,ANH,LAX
1525,24764.0,HWD,LAX
1526,24764.0,ANH,LAX
1527,24779.0,LGB,LAX
1528,24784.0,ANH,LAX
1529,24795.0,HWD,LAX
1530,24796.0,LGB,LAX
1531,24817.0,LGB,LAX
1532,24827.0,UVS,LAX
1533,24847.0,ANH,LAX
1534,24853.0,DTLA,LAX
1535,24860.0,HWD,LAX
1536,24860.0,LGB,LAX
1537,24860.0,DTLA,LAX
1538,24868.0,PSD,LAX
1539,24869.0,DTLA,LAX
1540,24887.0,LGB,LAX
1541,24891.0,ANH,LAX
1542,24910.0,HWD,LAX
1543,24919.0,ANH,LAX
1544,24927.0,LGB,LAX
1545,24929.0,BVH,LAX
1546,24934.0,PSD,LAX
1547,24935.0,DTLA,LAX
1548,24941.0,DTLA,LAX
1549,24948.0,WDHL,LAX
1550,24971.0,BVH,LAX
1551,24973.0,ANH,LAX
1552,24977.0,UVS,LAX
1553,25002.0,HWD,LAX
1554,25039.0,HWD,LAX
1555,25045.0,LGB,LAX
1556,25056.0,ANH,LAX
1557,25057.0,ANH,LAX
1558,25065.0,WDHL,LAX
1559,25067.0,HWD,LAX
1560,25076.0,HWD,LAX
1561,25079.0,ANH,LAX
1562,25095.0,PSD,LAX
1563,25100.0,DTLA,LAX
1564,25103.0,ANH,LAX
1565,25105.0,BVH,LAX
1566,25157.0,DTLA,LAX
1567,25159.0,LGB,LAX
1568,25161.0,PSD,LAX
1569,25167.0,DTLA,LAX
1570,25169.0,ANH,LAX
1571,25178.0,LGB,LAX
1572,25190.0,PSD,LAX
1573,25209.0,WDHL,LAX
1574,25226.0,LGB,LAX
1575,25250.0,ANH,LAX
1576,25263.0,HWD,LAX
1577,25269.0,ANH,LAX
1578,25280.0,ANH,LAX
1579,25295.0,LGB,LAX
1580,25296.0,LGB,LAX
1581,25298.0,DTLA,LAX
1582,25314.0,DTLA,LAX
1583,25325.0,DTLA,LAX
1584,25332.0,LGB,LAX
1585,25335.0,ANH,LAX
1586,25346.0,DTLA,LAX
1587,25346.0,DTLA,LAX
1588,25356.0,PSD,LAX
1589,25357.0,ANH,LAX
1590,25365.0,ANH,LAX
1591,25371.0,BVH,LAX
1592,25373.0,PSD,LAX
1593,25375.0,LGB,LAX
1594,25377.0,UVS,LAX
1595,25379.0,DTLA,LAX
1596,25389.0,LGB,LAX
1597,25393.0,UVS,LAX
1598,25393.0,ANH,LAX
1599,25396.0,HWD,LAX
1600,25401.0,LGB,LAX
1601,25407.0,LGB,LAX
1602,25413.0,HWD,LAX
1603,25434.0,ANH,LAX
1604,25444.0,DTLA,LAX
1605,25444.0,UVS,LAX
1606,25451.0,UVS,LAX
1607,25453.0,BVH,LAX
1608,25460.0,BVH,LAX
1609,25489.0,LGB,LAX
1610,25498.0,PSD,LAX
1611,25501.0,UVS,LAX
1612,25501.0,DTLA,LAX
1613,25513.0,HWD,LAX
1614,25525.0,LGB,LAX
1615,25529.0,DTLA,LAX
1616,25539.0,HWD,LAX
1617,25546.0,PSD,LAX
1618,25548.0,HWD,LAX
1619,25552.0,WDHL,LAX
1620,25553.0,LGB,LAX
1621,25555.0,ANH,LAX
1622,25557.0,DTLA,LAX
1623,25572.0,ANH,LAX
1624,25607.0,DTLA,LAX
1625,25611.0,DTLA,LAX
1626,25614.0,WDHL,LAX
1627,25622.0,ANH,LAX
1628,25627.0,HWD,LAX
1629,25627.0,DTLA,LAX
1630,25641.0,BVH,LAX
1631,25648.0,HWD,LAX
1632,25652.0,UVS,LAX
1633,25652.0,DTLA,LAX
1634,25655.0,ANH,LAX
1635,25669.0,DTLA,LAX
1636,25676.0,ANH,LAX
1637,25683.0,DTLA,LAX
1638,25686.0,ANH,LAX
1639,25704.0,BVH,LAX
1640,25712.0,DTLA,LAX
1641,25723.0,DTLA,LAX
1642,25723.0,LGB,LAX
1643,25741.0,DTLA,LAX
1644,25753.0,ANH,LAX
1645,25757.0,ANH,LAX
1646,25770.0,BVH,LAX
1647,25775.0,LGB,LAX
1648,25805.0,LGB,LAX
1649,25825.0,ANH,LAX
1650,25862.0,DTLA,LAX
1651,25865.0,LGB,LAX
1652,25881.0,LGB,LAX
1653,25894.0,DTLA,LAX
1654,25915.0,ANH,LAX
1655,25918.0,LGB,LAX
1656,25939.0,UVS,LAX
1657,25943.0,ANH,LAX
1658,25952.0,LGB,LAX
1659,25962.0,HWD,LAX
1660,25971.0,HWD,LAX
1661,25971.0,DTLA,LAX
1662,25991.0,DTLA,LAX
1663,26003.0,PSD,LAX
1664,26004.0,BVH,LAX
1665,26023.0,LGB,LAX
1666,26024.0,ANH,LAX
1667,26036.0,DTLA,LAX
1668,26039.0,HWD,LAX
1669,26048.0,PSD,LAX
1670,26048.0,DTLA,LAX
1671,26060.0,ANH,LAX
1672,26067.0,LGB,LAX
1673,26071.0,LGB,LAX
1674,26074.0,PSD,LAX
1675,26078.0,ANH,LAX
1676,26080.0,BVH,LAX
1677,26081.0,DTLA,LAX
1678,26089.0,PSD,LAX
1679,26101.0,DTLA,LAX
1680,26103.0,PSD,LAX
1681,26103.0,ANH,LAX
1682,26106.0,ANH,LAX
1683,26109.0,ANH,LAX
1684,26111.0,UVS,LAX
1685,26123.0,LGB,LAX
1686,26141.0,DTLA,LAX
1687,26142.0,ANH,LAX
1688,26143.0,DTLA,LAX
1689,26160.0,PSD,LAX
1690,26166.0,PSD,LAX
1691,26171.0,DTLA,LAX
1692,26175.0,HWD,LAX
1693,26177.0,BVH,LAX
1694,26182.0,DTLA,LAX
1695,26189.0,UVS,LAX
1696,26192.0,HWD,LAX
1697,26208.0,DTLA,LAX
1698,26214.0,HWD,LAX
1699,26222.0,ANH,LAX
1700,26231.0,HWD,LAX
1701,26231.0,DTLA,LAX
1702,26237.0,HWD,LAX
1703,26247.0,BVH,LAX
1704,26247.0,DTLA,LAX
1705,26258.0,PSD,LAX
1706,26272.0,BVH,LAX
1707,26281.0,WDHL,LAX
1708,26281.0,ANH,LAX
1709,26295.0,HWD,LAX
1710,26297.0,HWD,LAX
1711,26301.0,PSD,LAX
1712,26314.0,WDHL,LAX
1713,26316.0,ANH,LAX
1714,26335.0,UVS,LAX
1715,26353.0,UVS,LAX
1716,26371.0,DTLA,LAX
1717,26376.0,HWD,LAX
1718,26389.0,BVH,LAX
1719,26417.0,DTLA,LAX
1720,26436.0,BVH,LAX
1721,26443.0,DTLA,LAX
1722,26447.0,HWD,LAX
1723,26448.0,ANH,LAX
1724,26464.0,ANH,LAX
1725,26487.0,BVH,LAX
1726,26496.0,ANH,LAX
1727,26498.0,DTLA,LAX
1728,26508.0,DTLA,LAX
1729,26522.0,PSD,LAX
1730,26526.0,ANH,LAX
1731,26529.0,WDHL,LAX
1732,26540.0,PSD,LAX
1733,26541.0,DTLA,LAX
1734,26541.0,ANH,LAX
1735,26542.0,ANH,LAX
1736,26544.0,PSD,LAX
1737,26556.0,ANH,LAX
1738,26564.0,WDHL,LAX
1739,26565.0,DTLA,LAX
1740,26580.0,DTLA,LAX
1741,26595.0,UVS,LAX
1742,26606.0,UVS,LAX
1743,26607.0,ANH,LAX
1744,26608.0,BVH,LAX
1745,26630.0,DTLA,LAX
1746,26631.0,DTLA,LAX
1747,26654.0,LGB,LAX
1748,26658.0,DTLA,LAX
1749,26680.0,BVH,LAX
1750,26694.0,LGB,LAX
1751,26701.0,HWD,LAX
1752,26707.0,HWD,LAX
1753,26709.0,HWD,LAX
1754,26721.0,WDHL,LAX
1755,26731.0,BVH,LAX
1756,26743.0,ANH,LAX
1757,26761.0,ANH,LAX
1758,26762.0,ANH,LAX
1759,26762.0,DTLA,LAX
1760,26773.0,HWD,LAX
1761,26784.0,HWD,LAX
1762,26785.0,ANH,LAX
1763,26790.0,DTLA,LAX
1764,26798.0,DTLA,LAX
1765,26800.0,DTLA,LAX
1766,26802.0,PSD,LAX
1767,26804.0,DTLA,LAX
1768,26821.0,BVH,LAX
1769,26832.0,ANH,LAX
1770,26835.0,DTLA,LAX
1771,26836.0,ANH,LAX
1772,26837.0,DTLA,LAX
1773,26841.0,DTLA,LAX
1774,26875.0,ANH,LAX
1775,26891.0,ANH,LAX
1776,26900.0,DTLA,LAX
1777,26908.0,DTLA,LAX
1778,26916.0,PSD,LAX
1779,26919.0,DTLA,LAX
1780,26922.0,DTLA,LAX
1781,26940.0,PSD,LAX
1782,26942.0,PSD,LAX
1783,26948.0,HWD,LAX
1784,26957.0,DTLA,LAX
1785,26977.0,HWD,LAX
1786,26979.0,ANH,LAX
1787,26982.0,DTLA,LAX
1788,26990.0,PSD,LAX
1789,26990.0,UVS,LAX
1790,27014.0,HWD,LAX
1791,27020.0,BVH,LAX
1792,27028.0,PSD,LAX
1793,27052.0,BVH,LAX
1794,27061.0,HWD,LAX
1795,27066.0,DTLA,LAX
1796,27068.0,ANH,LAX
1797,27079.0,DTLA,LAX
1798,27085.0,WDHL,LAX
1799,27091.0,HWD,LAX
1800,27093.0,DTLA,LAX
1801,27099.0,PSD,LAX
1802,27104.0,UVS,LAX
1803,27106.0,LGB,LAX
1804,27116.0,LGB,LAX
1805,27137.0,DTLA,LAX
1806,27162.0,DTLA,LAX
1807,27167.0,HWD,LAX
1808,27174.0,DTLA,LAX
1809,27177.0,BVH,LAX
1810,27181.0,HWD,LAX
1811,27183.0,DTLA,LAX
1812,27191.0,WDHL,LAX
1813,27193.0,BVH,LAX
1814,27199.0,WDHL,LAX
1815,27202.0,ANH,LAX
1816,27209.0,HWD,LAX
1817,27215.0,WDHL,LAX
1818,27230.0,HWD,LAX
1819,27232.0,BVH,LAX
1820,27238.0,BVH,LAX
1821,27240.0,DTLA,LAX
1822,27241.0,LGB,LAX
1823,27261.0,ANH,LAX
1824,27262.0,UVS,LAX
1825,27263.0,LGB,LAX
1826,27269.0,HWD,LAX
1827,27275.0,ANH,LAX
1828,27278.0,BVH,LAX
1829,27280.0,PSD,LAX
1830,27285.0,DTLA,LAX
1831,27290.0,BVH,LAX
1832,27295.0,BVH,LAX
1833,27308.0,ANH,LAX
1834,27309.0,DTLA,LAX
1835,27313.0,UVS,LAX
1836,27314.0,HWD,LAX
1837,27315.0,ANH,LAX
1838,27323.0,HWD,LAX
1839,27331.0,WDHL,LAX
1840,27342.0,BVH,LAX
1841,27347.0,DTLA,LAX
1842,27352.0,DTLA,LAX
1843,27366.0,DTLA,LAX
1844,27379.0,ANH,LAX
1845,27389.0,HWD,LAX
1846,27391.0,ANH,LAX
1847,27401.0,DTLA,LAX
1848,27404.0,LGB,LAX
1849,27408.0,WDHL,LAX
1850,27410.0,LGB,LAX
1851,27411.0,ANH,LAX
1852,27415.0,ANH,LAX
1853,27421.0,DTLA,LAX
1854,27429.0,ANH,LAX
1855,27435.0,LGB,LAX
1856,27435.0,LGB,LAX
1857,27435.0,HWD,LAX
1858,27449.0,ANH,LAX
1859,27453.0,HWD,LAX
1860,27473.0,DTLA,LAX
1861,27476.0,LGB,LAX
1862,27485.0,HWD,LAX
1863,27489.0,ANH,LAX
1864,27497.0,DTLA,LAX
1865,27500.0,DTLA,LAX
1866,27509.0,ANH,LAX
1867,27515.0,HWD,LAX
1868,27517.0,PSD,LAX
1869,27526.0,DTLA,LAX
1870,27528.0,ANH,LAX
1871,27532.0,DTLA,LAX
1872,27538.0,BVH,LAX
1873,27545.0,LGB,LAX
1874,27553.0,HWD,LAX
1875,27564.0,BVH,LAX
1876,27583.0,DTLA,LAX
1877,27585.0,UVS,LAX
1878,27587.0,DTLA,LAX
1879,27593.0,PSD,LAX
1880,27600.0,DTLA,LAX
1881,27607.0,UVS,LAX
1882,27610.0,BVH,LAX
1883,27612.0,DTLA,LAX
1884,27628.0,ANH,LAX
1885,27637.0,DTLA,LAX
1886,27637.0,ANH,LAX
1887,27647.0,ANH,LAX
1888,27652.0,ANH,LAX
1889,27665.0,BVH,LAX
1890,27676.0,ANH,LAX
1891,27677.0,BVH,LAX
1892,27678.0,BVH,LAX
1893,27682.0,ANH,LAX
1894,27689.0,HWD,LAX
1895,27697.0,HWD,LAX
1896,27720.0,LGB,LAX
1897,27734.0,BVH,LAX
1898,27745.0,ANH,LAX
1899,27752.0,HWD,LAX
1900,27772.0,ANH,LAX
1901,27786.0,HWD,LAX
1902,27788.0,LGB,LAX
1903,27788.0,BVH,LAX
1904,27790.0,DTLA,LAX
1905,27793.0,DTLA,LAX
1906,27806.0,UVS,LAX
1907,27820.0,DTLA,LAX
1908,27821.0,ANH,LAX
1909,27824.0,DTLA,LAX
1910,27834.0,DTLA,LAX
1911,27835.0,BVH,LAX
1912,27847.0,BVH,LAX
1913,27850.0,UVS,LAX
1914,27852.0,LGB,LAX
1915,27859.0,LGB,LAX
1916,27864.0,UVS,LAX
1917,27871.0,DTLA,LAX
1918,27873.0,HWD,LAX
1919,27888.0,LGB,LAX
1920,27900.0,ANH,LAX
1921,27900.0,HWD,LAX
1922,27903.0,LGB,LAX
1923,27916.0,UVS,LAX
1924,27925.0,ANH,LAX
1925,27929.0,LGB,LAX
1926,27931.0,HWD,LAX
1927,27953.0,DTLA,LAX
1928,27957.0,LGB,LAX
1929,27959.0,BVH,LAX
1930,27973.0,BVH,LAX
1931,27974.0,UVS,LAX
1932,27976.0,ANH,LAX
1933,27992.0,PSD,LAX
1934,28006.0,ANH,LAX
1935,28013.0,LGB,LAX
1936,28015.0,ANH,LAX
1937,28018.0,LGB,LAX
1938,28035.0,HWD,LAX
1939,28043.0,ANH,LAX
1940,28045.0,WDHL,LAX
1941,28055.0,DTLA,LAX
1942,28065.0,UVS,LAX
1943,28065.0,HWD,LAX
1944,28073.0,BVH,LAX
1945,28073.0,BVH,LAX
1946,28077.0,DTLA,LAX
1947,28081.0,PSD,LAX
1948,28087.0,LGB,LAX
1949,28090.0,WDHL,LAX
1950,28092.0,DTLA,LAX
1951,28094.0,ANH,LAX
1952,28099.0,LGB,LAX
1953,28106.0,LGB,LAX
1954,28115.0,HWD,LAX
1955,28126.0,HWD,LAX
1956,28131.0,PSD,LAX
1957,28140.0,DTLA,LAX
1958,28152.0,ANH,LAX
1959,28160.0,PSD,LAX
1960,28160.0,HWD,LAX
1961,28161.0,ANH,LAX
1962,28163.0,DTLA,LAX
1963,28169.0,WDHL,LAX
1964,28177.0,BVH,LAX
1965,28178.0,PSD,LAX
1966,28189.0,DTLA,LAX
1967,28189.0,HWD,LAX
1968,28197.0,HWD,LAX
1969,28204.0,LGB,LAX
1970,28206.0,DTLA,LAX
1971,28217.0,ANH,LAX
1972,28219.0,UVS,LAX
1973,28225.0,DTLA,LAX
1974,28228.0,DTLA,LAX
1975,28230.0,ANH,LAX
1976,28233.0,LGB,LAX
1977,28236.0,UVS,LAX
1978,28237.0,LGB,LAX
1979,28237.0,DTLA,LAX
1980,28251.0,HWD,LAX
1981,28259.0,HWD,LAX
1982,28276.0,ANH,LAX
1983,28291.0,HWD,LAX
1984,28301.0,BVH,LAX
1985,28311.0,DTLA,LAX
1986,28327.0,LGB,LAX
1987,28332.0,ANH,LAX
1988,28344.0,DTLA,LAX
1989,28351.0,ANH,LAX
1990,28352.0,DTLA,LAX
1991,28362.0,BVH,LAX
1992,28364.0,WDHL,LAX
1993,28380.0,LGB,LAX
1994,28387.0,DTLA,LAX
1995,28389.0,DTLA,LAX
1996,28392.0,DTLA,LAX
1997,28407.0,DTLA,LAX
1998,28411.0,BVH,LAX
1999,28424.0,HWD,LAX
2000,28432.0,ANH,LAX
2001,28434.0,PSD,LAX
2002,28440.0,HWD,LAX
2003,28441.0,PSD,LAX
2004,28441.0,BVH,LAX
2005,28441.0,DTLA,LAX
2006,28446.0,LGB,LAX
2007,28453.0,LGB,LAX
2008,28456.0,BVH,LAX
2009,28457.0,HWD,LAX
2010,28462.0,LGB,LAX
2011,28466.0,LGB,LAX
2012,28473.0,WDHL,LAX
2013,28474.0,UVS,LAX
2014,28475.0,LGB,LAX
2015,28488.0,DTLA,LAX
2016,28490.0,HWD,LAX
2017,28491.0,LGB,LAX
2018,28495.0,DTLA,LAX
2019,28495.0,ANH,LAX
2020,28498.0,ANH,LAX
2021,28504.0,ANH,LAX
2022,28507.0,PSD,LAX
2023,28519.0,DTLA,LAX
2024,28520.0,PSD,LAX
2025,28520.0,BVH,LAX
2026,28526.0,HWD,LAX
2027,28527.0,ANH,LAX
2028,28531.0,WDHL,LAX
2029,28536.0,DTLA,LAX
2030,28541.0,HWD,LAX
2031,28555.0,DTLA,LAX
2032,28559.0,WDHL,LAX
2033,28560.0,BVH,LAX
2034,28564.0,UVS,LAX
2035,28571.0,LGB,LAX
2036,28576.0,HWD,LAX
2037,28578.0,ANH,LAX
2038,28582.0,WDHL,LAX
2039,28590.0,HWD,LAX
2040,28591.0,WDHL,LAX
2041,28593.0,ANH,LAX
2042,28595.0,ANH,LAX
2043,28601.0,UVS,LAX
2044,28602.0,HWD,LAX
2045,28622.0,PSD,LAX
2046,28625.0,ANH,LAX
2047,28629.0,ANH,LAX
2048,28631.0,BVH,LAX
2049,28632.0,ANH,LAX
2050,28651.0,DTLA,LAX
2051,28651.0,DTLA,LAX
2052,28653.0,ANH,LAX
2053,28655.0,LGB,LAX
2054,28656.0,ANH,LAX
2055,28661.0,PSD,LAX
2056,28665.0,ANH,LAX
2057,28667.0,LGB,LAX
2058,28668.0,HWD,LAX
2059,28668.0,ANH,LAX
2060,28676.0,ANH,LAX
2061,28685.0,ANH,LAX
2062,28702.0,DTLA,LAX
2063,28707.0,BVH,LAX
2064,28712.0,ANH,LAX
2065,28715.0,LGB,LAX
2066,28716.0,HWD,LAX
2067,28718.0,PSD,LAX
2068,28719.0,ANH,LAX
2069,28742.0,HWD,LAX
2070,28759.0,LGB,LAX
2071,28764.0,LGB,LAX
2072,28774.0,BVH,LAX
2073,28778.0,HWD,LAX
2074,28779.0,ANH,LAX
2075,28780.0,HWD,LAX
2076,28783.0,BVH,LAX
2077,28784.0,DTLA,LAX
2078,28805.0,HWD,LAX
2079,28808.0,ANH,LAX
2080,28809.0,LGB,LAX
2081,28815.0,WDHL,LAX
2082,28818.0,BVH,LAX
2083,28827.0,UVS,LAX
2084,28830.0,LGB,LAX
2085,28830.0,LGB,LAX
2086,28837.0,DTLA,LAX
2087,28850.0,HWD,LAX
2088,28866.0,BVH,LAX
2089,28868.0,BVH,LAX
2090,28876.0,UVS,LAX
2091,28879.0,HWD,LAX
2092,28883.0,DTLA,LAX
2093,28884.0,LGB,LAX
2094,28889.0,HWD,LAX
2095,28895.0,ANH,LAX
2096,28919.0,DTLA,LAX
2097,28924.0,DTLA,LAX
2098,28926.0,BVH,LAX
2099,28931.0,LGB,LAX
2100,28940.0,ANH,LAX
2101,28947.0,BVH,LAX
2102,28948.0,DTLA,LAX
2103,28951.0,DTLA,LAX
2104,28955.0,LGB,LAX
2105,28958.0,ANH,LAX
2106,28958.0,DTLA,LAX
2107,28960.0,LGB,LAX
2108,28961.0,PSD,LAX
2109,28971.0,HWD,LAX
2110,28973.0,ANH,LAX
2111,28983.0,UVS,LAX
2112,28983.0,PSD,LAX
2113,28994.0,ANH,LAX
2114,29002.0,DTLA,LAX
2115,29003.0,ANH,LAX
2116,29018.0,UVS,LAX
2117,29028.0,HWD,LAX
2118,29030.0,LGB,LAX
2119,29074.0,HWD,LAX
2120,29075.0,PSD,LAX
2121,29078.0,LGB,LAX
2122,29080.0,DTLA,LAX
2123,29083.0,DTLA,LAX
2124,29089.0,WDHL,LAX
2125,29090.0,HWD,LAX
2126,29090.0,LGB,LAX
2127,29106.0,WDHL,LAX
2128,29114.0,ANH,LAX
2129,29119.0,DTLA,LAX
2130,29121.0,LGB,LAX
2131,29142.0,HWD,LAX
2132,29143.0,LGB,LAX
2133,29153.0,DTLA,LAX
2134,29153.0,HWD,LAX
2135,29154.0,ANH,LAX
2136,29156.0,ANH,LAX
2137,29158.0,PSD,LAX
2138,29160.0,DTLA,LAX
2139,29168.0,HWD,LAX
2140,29169.0,DTLA,LAX
2141,29172.0,DTLA,LAX
2142,29186.0,WDHL,LAX
2143,29195.0,DTLA,LAX
2144,29195.0,HWD,LAX
2145,29200.0,HWD,LAX
2146,29201.0,LGB,LAX
2147,29214.0,HWD,LAX
2148,29217.0,DTLA,LAX
2149,29225.0,DTLA,LAX
2150,29231.0,WDHL,LAX
2151,29235.0,ANH,LAX
2152,29243.0,LGB,LAX
2153,29259.0,HWD,LAX
2154,29271.0,HWD,LAX
2155,29276.0,LGB,LAX
2156,29284.0,BVH,LAX
2157,29293.0,DTLA,LAX
2158,29295.0,ANH,LAX
2159,29310.0,DTLA,LAX
2160,29311.0,LGB,LAX
2161,29329.0,DTLA,LAX
2162,29346.0,ANH,LAX
2163,29349.0,LGB,LAX
2164,29357.0,ANH,LAX
2165,29358.0,PSD,LAX
2166,29358.0,WDHL,LAX
2167,29378.0,ANH,LAX
2168,29381.0,HWD,LAX
2169,29384.0,DTLA,LAX
2170,29384.0,DTLA,LAX
2171,29403.0,ANH,LAX
2172,29409.0,ANH,LAX
2173,29414.0,PSD,LAX
2174,29417.0,UVS,LAX
2175,29427.0,BVH,LAX
2176,29435.0,DTLA,LAX
2177,29435.0,ANH,LAX
2178,29437.0,ANH,LAX
2179,29444.0,HWD,LAX
2180,29446.0,PSD,LAX
2181,29450.0,LGB,LAX
2182,29452.0,LGB,LAX
2183,29461.0,ANH,LAX
2184,29461.0,LGB,LAX
2185,29480.0,LGB,LAX
2186,29498.0,HWD,LAX
2187,29500.0,LGB,LAX
2188,29505.0,UVS,LAX
2189,29506.0,HWD,LAX
2190,29511.0,PSD,LAX
2191,29513.0,DTLA,LAX
2192,29518.0,BVH,LAX
2193,29524.0,WDHL,LAX
2194,29530.0,DTLA,LAX
2195,29549.0,DTLA,LAX
2196,29557.0,LGB,LAX
2197,29563.0,HWD,LAX
2198,29568.0,DTLA,LAX
2199,29573.0,DTLA,LAX
2200,29574.0,HWD,LAX
2201,29580.0,DTLA,LAX
2202,29590.0,ANH,LAX
2203,29592.0,HWD,LAX
2204,29597.0,PSD,LAX
2205,29599.0,LGB,LAX
2206,29613.0,PSD,LAX
2207,29637.0,DTLA,LAX
2208,29637.0,LGB,LAX
2209,29640.0,DTLA,LAX
2210,29642.0,BVH,LAX
2211,29642.0,ANH,LAX
2212,29648.0,HWD,LAX
2213,29654.0,ANH,LAX
2214,29659.0,PSD,LAX
2215,29661.0,DTLA,LAX
2216,29667.0,ANH,LAX
2217,29671.0,BVH,LAX
2218,29685.0,HWD,LAX
2219,29686.0,ANH,LAX
2220,29688.0,DTLA,LAX
2221,29690.0,DTLA,LAX
2222,29698.0,HWD,LAX
2223,29712.0,PSD,LAX
2224,29716.0,LGB,LAX
2225,29717.0,DTLA,LAX
2226,29731.0,ANH,LAX
2227,29733.0,BVH,LAX
2228,29734.0,DTLA,LAX
2229,29737.0,LGB,LAX
2230,29742.0,LGB,LAX
2231,29747.0,BVH,LAX
2232,29755.0,WDHL,LAX
2233,29763.0,PSD,LAX
2234,29778.0,HWD,LAX
2235,29787.0,UVS,LAX
2236,29797.0,DTLA,LAX
2237,29810.0,DTLA,LAX
2238,29811.0,ANH,LAX
2239,29811.0,PSD,LAX
2240,29813.0,ANH,LAX
2241,29817.0,ANH,LAX
2242,29819.0,DTLA,LAX
2243,29829.0,ANH,LAX
2244,29848.0,DTLA,LAX
2245,29848.0,ANH,LAX
2246,29869.0,HWD,LAX
2247,29870.0,ANH,LAX
2248,29875.0,DTLA,LAX
2249,29876.0,HWD,LAX
2250,29881.0,DTLA,LAX
2251,29882.0,HWD,LAX
2252,29905.0,HWD,LAX
2253,29908.0,PSD,LAX
2254,29908.0,ANH,LAX
2255,29914.0,LGB,LAX
2256,29929.0,DTLA,LAX
2257,29940.0,DTLA,LAX
2258,29952.0,ANH,LAX
2259,29956.0,LGB,LAX
2260,29960.0,ANH,LAX
2261,29963.0,LGB,LAX
2262,29974.0,LGB,LAX
2263,29975.0,ANH,LAX
2264,29978.0,DTLA,LAX
2265,29979.0,ANH,LAX
2266,29983.0,LGB,LAX
2267,29995.0,ANH,LAX
2268,30001.0,BVH,LAX
2269,30003.0,HWD,LAX
2270,30005.0,PSD,LAX
2271,30006.0,HWD,LAX
2272,30008.0,DTLA,LAX
2273,30010.0,LGB,LAX
2274,30020.0,HWD,LAX
2275,30022.0,UVS,LAX
2276,30030.0,DTLA,LAX
2277,30032.0,LGB,LAX
2278,30035.0,DTLA,LAX
2279,30039.0,WDHL,LAX
2280,30042.0,DTLA,LAX
2281,30047.0,HWD,LAX
2282,30052.0,BVH,LAX
2283,30052.0,PSD,LAX
2284,30055.0,ANH,LAX
2285,30058.0,DTLA,LAX
2286,30060.0,LGB,LAX
2287,30061.0,DTLA,LAX
2288,30064.0,ANH,LAX
2289,30065.0,HWD,LAX
2290,30081.0,ANH,LAX
2291,30082.0,HWD,LAX
2292,30092.0,BVH,LAX
2293,30095.0,WDHL,LAX
2294,30111.0,DTLA,LAX
2295,30115.0,HWD,LAX
2296,30128.0,PSD,LAX
2297,30129.0,HWD,LAX
2298,30132.0,HWD,LAX
2299,30142.0,DTLA,LAX
2300,30148.0,LGB,LAX
2301,30159.0,DTLA,LAX
2302,30166.0,DTLA,LAX
2303,30166.0,DTLA,LAX
2304,30167.0,BVH,LAX
2305,30184.0,DTLA,LAX
2306,30186.0,LGB,LAX
2307,30191.0,ANH,LAX
2308,30194.0,HWD,LAX
2309,30194.0,DTLA,LAX
2310,30198.0,DTLA,LAX
2311,30200.0,LGB,LAX
2312,30208.0,ANH,LAX
2313,30209.0,WDHL,LAX
2314,30214.0,UVS,LAX
2315,30219.0,ANH,LAX
2316,30222.0,ANH,LAX
2317,30230.0,LGB,LAX
2318,30232.0,DTLA,LAX
2319,30233.0,HWD,LAX
2320,30233.0,DTLA,LAX
2321,30234.0,LGB,LAX
2322,30240.0,ANH,LAX
2323,30245.0,LGB,LAX
2324,30252.0,HWD,LAX
2325,30259.0,DTLA,LAX
2326,30266.0,HWD,LAX
2327,30268.0,PSD,LAX
2328,30269.0,HWD,LAX
2329,30273.0,DTLA,LAX
2330,30303.0,ANH,LAX
2331,30318.0,ANH,LAX
2332,30318.0,DTLA,LAX
2333,30351.0,ANH,LAX
2334,30355.0,UVS,LAX
2335,30357.0,DTLA,LAX
2336,30360.0,HWD,LAX
2337,30361.0,DTLA,LAX
2338,30362.0,LGB,LAX
2339,30362.0,ANH,LAX
2340,30372.0,DTLA,LAX
2341,30373.0,HWD,LAX
2342,30383.0,DTLA,LAX
2343,30386.0,UVS,LAX
2344,30396.0,WDHL,LAX
2345,30400.0,PSD,LAX
2346,30401.0,DTLA,LAX
2347,30408.0,ANH,LAX
2348,30411.0,PSD,LAX
2349,30424.0,PSD,LAX
2350,30427.0,WDHL,LAX
2351,30431.0,BVH,LAX
2352,30432.0,ANH,LAX
2353,30441.0,HWD,LAX
2354,30442.0,BVH,LAX
2355,30467.0,HWD,LAX
2356,30497.0,DTLA,LAX
2357,30501.0,HWD,LAX
2358,30502.0,DTLA,LAX
2359,30509.0,PSD,LAX
2360,30529.0,LGB,LAX
2361,30535.0,DTLA,LAX
2362,30539.0,DTLA,LAX
2363,30541.0,LGB,LAX
2364,30556.0,LGB,LAX
2365,30557.0,HWD,LAX
2366,30561.0,HWD,LAX
2367,30565.0,ANH,LAX
2368,30588.0,HWD,LAX
2369,30623.0,ANH,LAX
2370,30630.0,LGB,LAX
2371,30631.0,ANH,LAX
2372,30633.0,HWD,LAX
2373,30649.0,ANH,LAX
2374,30655.0,HWD,LAX
2375,30671.0,PSD,LAX
2376,30676.0,ANH,LAX
2377,30676.0,DTLA,LAX
2378,30680.0,DTLA,LAX
2379,30683.0,ANH,LAX
2380,30696.0,BVH,LAX
2381,30710.0,LGB,LAX
2382,30723.0,ANH,LAX
2383,30724.0,WDHL,LAX
2384,30746.0,LGB,LAX
2385,30747.0,PSD,LAX
2386,30748.0,LGB,LAX
2387,30760.0,BVH,LAX
2388,30761.0,DTLA,LAX
2389,30767.0,HWD,LAX
2390,30768.0,HWD,LAX
2391,30772.0,HWD,LAX
2392,30792.0,HWD,LAX
2393,30794.0,LGB,LAX
2394,30812.0,WDHL,LAX
2395,30817.0,DTLA,LAX
2396,30830.0,DTLA,LAX
2397,30841.0,HWD,LAX
2398,30845.0,UVS,LAX
2399,30848.0,DTLA,LAX
2400,30869.0,BVH,LAX
2401,30874.0,ANH,LAX
2402,30883.0,ANH,LAX
2403,30887.0,PSD,LAX
2404,30893.0,DTLA,LAX
2405,30895.0,ANH,LAX
2406,30909.0,DTLA,LAX
2407,30925.0,ANH,LAX
2408,30926.0,ANH,LAX
2409,30928.0,WDHL,LAX
2410,30936.0,ANH,LAX
2411,30940.0,DTLA,LAX
2412,30953.0,ANH,LAX
2413,30957.0,LGB,LAX
2414,30959.0,HWD,LAX
2415,30962.0,DTLA,LAX
2416,30969.0,DTLA,LAX
2417,30971.0,HWD,LAX
2418,30981.0,LGB,LAX
2419,30989.0,HWD,LAX
2420,30994.0,DTLA,LAX
2421,30999.0,ANH,LAX
2422,30999.0,DTLA,LAX
2423,31000.0,BVH,LAX
2424,31025.0,ANH,LAX
2425,31029.0,DTLA,LAX
2426,31037.0,WDHL,LAX
2427,31054.0,BVH,LAX
2428,31056.0,BVH,LAX
2429,31061.0,LGB,LAX
2430,31066.0,ANH,LAX
2431,31069.0,ANH,LAX
2432,31077.0,BVH,LAX
2433,31079.0,LGB,LAX
2434,31079.0,HWD,LAX
2435,31083.0,HWD,LAX
2436,31089.0,ANH,LAX
2437,31093.0,HWD,LAX
2438,31096.0,DTLA,LAX
2439,31096.0,HWD,LAX
2440,31110.0,DTLA,LAX
2441,31112.0,HWD,LAX
2442,31118.0,LGB,LAX
2443,31119.0,BVH,LAX
2444,31121.0,DTLA,LAX
2445,31122.0,HWD,LAX
2446,31146.0,BVH,LAX
2447,31155.0,WDHL,LAX
2448,31157.0,DTLA,LAX
2449,31177.0,WDHL,LAX
2450,31178.0,WDHL,LAX
2451,31182.0,DTLA,LAX
2452,31209.0,DTLA,LAX
2453,31212.0,LGB,LAX
2454,31214.0,DTLA,LAX
2455,31220.0,DTLA,LAX
2456,31220.0,ANH,LAX
2457,31233.0,ANH,LAX
2458,31239.0,PSD,LAX
2459,31244.0,ANH,LAX
2460,31248.0,ANH,LAX
2461,31249.0,HWD,LAX
2462,31250.0,HWD,LAX
2463,31255.0,PSD,LAX
2464,31268.0,ANH,LAX
2465,31268.0,PSD,LAX
2466,31270.0,BVH,LAX
2467,31271.0,UVS,LAX
2468,31272.0,DTLA,LAX
2469,31272.0,LGB,LAX
2470,31277.0,DTLA,LAX
2471,31277.0,DTLA,LAX
2472,31277.0,PSD,LAX
2473,31282.0,DTLA,LAX
2474,31288.0,DTLA,LAX
2475,31292.0,PSD,LAX
2476,31296.0,UVS,LAX
2477,31299.0,DTLA,LAX
2478,31301.0,BVH,LAX
2479,31309.0,ANH,LAX
2480,31320.0,ANH,LAX
2481,31328.0,ANH,LAX
2482,31328.0,ANH,LAX
2483,31339.0,HWD,LAX
2484,31350.0,DTLA,LAX
2485,31358.0,HWD,LAX
2486,31366.0,DTLA,LAX
2487,31371.0,DTLA,LAX
2488,31373.0,LGB,LAX
2489,31378.0,UVS,LAX
2490,31386.0,LGB,LAX
2491,31391.0,LGB,LAX
2492,31397.0,DTLA,LAX
2493,31408.0,PSD,LAX
2494,31408.0,HWD,LAX
2495,31412.0,LGB,LAX
2496,31418.0,LGB,LAX
2497,31425.0,ANH,LAX
2498,31442.0,HWD,LAX
2499,31443.0,WDHL,LAX
2500,31448.0,UVS,LAX
2501,31451.0,UVS,LAX
2502,31453.0,ANH,LAX
2503,31456.0,LGB,LAX
2504,31460.0,DTLA,LAX
2505,31460.0,PSD,LAX
2506,31460.0,PSD,LAX
2507,31466.0,WDHL,LAX
2508,31468.0,LGB,LAX
2509,31475.0,DTLA,LAX
2510,31481.0,BVH,LAX
2511,31482.0,HWD,LAX
2512,31485.0,UVS,LAX
2513,31504.0,HWD,LAX
2514,31517.0,LGB,LAX
2515,31520.0,ANH,LAX
2516,31522.0,DTLA,LAX
2517,31524.0,PSD,LAX
2518,31526.0,HWD,LAX
2519,31527.0,HWD,LAX
2520,31535.0,LGB,LAX
2521,31561.0,ANH,LAX
2522,31569.0,ANH,LAX
2523,31581.0,DTLA,LAX
2524,31587.0,ANH,LAX
2525,31593.0,ANH,LAX
2526,31613.0,LGB,LAX
2527,31622.0,DTLA,LAX
2528,31632.0,BVH,LAX
2529,31639.0,WDHL,LAX
2530,31654.0,LGB,LAX
2531,31656.0,HWD,LAX
2532,31661.0,DTLA,LAX
2533,31663.0,LGB,LAX
2534,31667.0,ANH,LAX
2535,31667.0,ANH,LAX
2536,31671.0,WDHL,LAX
2537,31673.0,DTLA,LAX
2538,31675.0,LGB,LAX
2539,31675.0,HWD,LAX
2540,31685.0,LGB,LAX
2541,31691.0,ANH,LAX
2542,31700.0,DTLA,LAX
2543,31706.0,ANH,LAX
2544,31710.0,PSD,LAX
2545,31710.0,HWD,LAX
2546,31713.0,LGB,LAX
2547,31722.0,HWD,LAX
2548,31734.0,UVS,LAX
2549,31737.0,ANH,LAX
2550,31749.0,LGB,LAX
2551,31749.0,LGB,LAX
2552,31753.0,LGB,LAX
2553,31771.0,HWD,LAX
2554,31776.0,LGB,LAX
2555,31778.0,WDHL,LAX
2556,31785.0,PSD,LAX
2557,31786.0,LGB,LAX
2558,31787.0,BVH,LAX
2559,31790.0,PSD,LAX
2560,31790.0,ANH,LAX
2561,31799.0,ANH,LAX
2562,31809.0,DTLA,LAX
2563,31811.0,DTLA,LAX
2564,31812.0,PSD,LAX
2565,31824.0,WDHL,LAX
2566,31830.0,DTLA,LAX
2567,31839.0,HWD,LAX
2568,31849.0,LGB,LAX
2569,31853.0,UVS,LAX
2570,31861.0,ANH,LAX
2571,31864.0,DTLA,LAX
2572,31879.0,DTLA,LAX
2573,31896.0,BVH,LAX
2574,31898.0,UVS,LAX
2575,31901.0,UVS,LAX
2576,31903.0,PSD,LAX
2577,31905.0,HWD,LAX
2578,31908.0,BVH,LAX
2579,31912.0,ANH,LAX
2580,31918.0,HWD,LAX
2581,31923.0,DTLA,LAX
2582,31923.0,BVH,LAX
2583,31925.0,LGB,LAX
2584,31932.0,WDHL,LAX
2585,31951.0,BVH,LAX
2586,31952.0,ANH,LAX
2587,31958.0,DTLA,LAX
2588,31960.0,BVH,LAX
2589,31961.0,ANH,LAX
2590,31969.0,LGB,LAX
2591,31984.0,ANH,LAX
2592,31987.0,LGB,LAX
2593,31990.0,HWD,LAX
2594,31999.0,DTLA,LAX
2595,32000.0,ANH,LAX
2596,32001.0,ANH,LAX
2597,32006.0,BVH,LAX
2598,32031.0,ANH,LAX
2599,32035.0,UVS,LAX
2600,32042.0,DTLA,LAX
2601,32056.0,WDHL,LAX
2602,32075.0,BVH,LAX
2603,32077.0,ANH,LAX
2604,32081.0,ANH,LAX
2605,32085.0,ANH,LAX
2606,32086.0,PSD,LAX
2607,32090.0,ANH,LAX
2608,32094.0,PSD,LAX
2609,32097.0,PSD,LAX
2610,32099.0,PSD,LAX
2611,32100.0,DTLA,LAX
2612,32108.0,DTLA,LAX
2613,32111.0,DTLA,LAX
2614,32125.0,DTLA,LAX
2615,32126.0,DTLA,LAX
2616,32133.0,BVH,LAX
2617,32133.0,DTLA,LAX
2618,32141.0,DTLA,LAX
2619,32147.0,ANH,LAX
2620,32153.0,BVH,LAX
2621,32158.0,ANH,LAX
2622,32167.0,ANH,LAX
2623,32169.0,PSD,LAX
2624,32186.0,DTLA,LAX
2625,32194.0,UVS,LAX
2626,32204.0,HWD,LAX
2627,32207.0,PSD,LAX
2628,32214.0,ANH,LAX
2629,32227.0,BVH,LAX
2630,32230.0,PSD,LAX
2631,32232.0,HWD,LAX
2632,32262.0,LGB,LAX
2633,32263.0,ANH,LAX
2634,32263.0,HWD,LAX
2635,32264.0,HWD,LAX
2636,32267.0,LGB,LAX
2637,32275.0,HWD,LAX
2638,32280.0,WDHL,LAX
2639,32286.0,LGB,LAX
2640,32287.0,DTLA,LAX
2641,32292.0,PSD,LAX
2642,32293.0,ANH,LAX
2643,32297.0,LGB,LAX
2644,32299.0,WDHL,LAX
2645,32311.0,DTLA,LAX
2646,32314.0,PSD,LAX
2647,32315.0,DTLA,LAX
2648,32326.0,ANH,LAX
2649,32329.0,WDHL,LAX
2650,32329.0,BVH,LAX
2651,32332.0,UVS,LAX
2652,32333.0,BVH,LAX
2653,32339.0,HWD,LAX
2654,32341.0,HWD,LAX
2655,32350.0,WDHL,LAX
2656,32350.0,DTLA,LAX
2657,32360.0,BVH,LAX
2658,32362.0,ANH,LAX
2659,32368.0,PSD,LAX
2660,32378.0,UVS,LAX
2661,32391.0,DTLA,LAX
2662,32394.0,HWD,LAX
2663,32403.0,PSD,LAX
2664,32404.0,LGB,LAX
2665,32406.0,HWD,LAX
2666,32412.0,ANH,LAX
2667,32413.0,ANH,LAX
2668,32416.0,UVS,LAX
2669,32436.0,HWD,LAX
2670,32444.0,HWD,LAX
2671,32448.0,DTLA,LAX
2672,32449.0,ANH,LAX
2673,32456.0,LGB,LAX
2674,32472.0,WDHL,LAX
2675,32476.0,PSD,LAX
2676,32482.0,LGB,LAX
2677,32491.0,ANH,LAX
2678,32491.0,LGB,LAX
2679,32502.0,ANH,LAX
2680,32512.0,DTLA,LAX
2681,32515.0,BVH,LAX
2682,32519.0,HWD,LAX
2683,32519.0,DTLA,LAX
2684,32520.0,HWD,LAX
2685,32521.0,HWD,LAX
2686,32536.0,DTLA,LAX
2687,32536.0,HWD,LAX
2688,32554.0,LGB,LAX
2689,32563.0,LGB,LAX
2690,32580.0,DTLA,LAX
2691,32582.0,HWD,LAX
2692,32585.0,DTLA,LAX
2693,32595.0,ANH,LAX
2694,32596.0,DTLA,LAX
2695,32596.0,UVS,LAX
2696,32599.0,ANH,LAX
2697,32615.0,DTLA,LAX
2698,32618.0,BVH,LAX
2699,32624.0,HWD,LAX
2700,32631.0,HWD,LAX
2701,32637.0,ANH,LAX
2702,32644.0,DTLA,LAX
2703,32647.0,WDHL,LAX
2704,32662.0,HWD,LAX
2705,32667.0,DTLA,LAX
2706,32673.0,ANH,LAX
2707,32683.0,DTLA,LAX
2708,32686.0,UVS,LAX
2709,32687.0,DTLA,LAX
2710,32688.0,HWD,LAX
2711,32690.0,DTLA,LAX
2712,32707.0,DTLA,LAX
2713,32710.0,ANH,LAX
2714,32718.0,WDHL,LAX
2715,32728.0,DTLA,LAX
2716,32739.0,BVH,LAX
2717,32747.0,ANH,LAX
2718,32755.0,ANH,LAX
2719,32762.0,DTLA,LAX
2720,32771.0,DTLA,LAX
2721,32771.0,HWD,LAX
2722,32777.0,DTLA,LAX
2723,32779.0,DTLA,LAX
2724,32784.0,DTLA,LAX
2725,32785.0,BVH,LAX
2726,32791.0,ANH,LAX
2727,32806.0,LGB,LAX
2728,32808.0,DTLA,LAX
2729,32819.0,PSD,LAX
2730,32820.0,ANH,LAX
2731,32822.0,DTLA,LAX
2732,32824.0,WDHL,LAX
2733,32825.0,UVS,LAX
2734,32831.0,HWD,LAX
2735,32832.0,BVH,LAX
2736,32839.0,LGB,LAX
2737,32841.0,ANH,LAX
2738,32842.0,DTLA,LAX
2739,32842.0,HWD,LAX
2740,32851.0,LGB,LAX
2741,32858.0,HWD,LAX
2742,32859.0,UVS,LAX
2743,32863.0,ANH,LAX
2744,32863.0,HWD,LAX
2745,32871.0,UVS,LAX
2746,32876.0,ANH,LAX
2747,32882.0,DTLA,LAX
2748,32892.0,HWD,LAX
2749,32896.0,DTLA,LAX
2750,32900.0,HWD,LAX
2751,32915.0,LGB,LAX
2752,32921.0,HWD,LAX
2753,32922.0,LGB,LAX
2754,32946.0,WDHL,LAX
2755,32968.0,PSD,LAX
2756,32975.0,LGB,LAX
2757,32979.0,HWD,LAX
2758,32980.0,UVS,LAX
2759,32989.0,ANH,LAX
2760,33020.0,HWD,LAX
2761,33029.0,HWD,LAX
2762,33030.0,ANH,LAX
2763,33032.0,DTLA,LAX
2764,33036.0,PSD,LAX
2765,33043.0,ANH,LAX
2766,33049.0,LGB,LAX
2767,33053.0,ANH,LAX
2768,33056.0,BVH,LAX
2769,33068.0,ANH,LAX
2770,33089.0,HWD,LAX
2771,33089.0,ANH,LAX
2772,33102.0,DTLA,LAX
2773,33102.0,BVH,LAX
2774,33106.0,ANH,LAX
2775,33109.0,ANH,LAX
2776,33113.0,WDHL,LAX
2777,33114.0,BVH,LAX
2778,33132.0,DTLA,LAX
2779,33134.0,HWD,LAX
2780,33140.0,LGB,LAX
2781,33141.0,DTLA,LAX
2782,33148.0,WDHL,LAX
2783,33160.0,ANH,LAX
2784,33164.0,BVH,LAX
2785,33166.0,ANH,LAX
2786,33190.0,LGB,LAX
2787,33209.0,ANH,LAX
2788,33212.0,LGB,LAX
2789,33213.0,DTLA,LAX
2790,33218.0,ANH,LAX
2791,33228.0,ANH,LAX
2792,33230.0,HWD,LAX
2793,33236.0,PSD,LAX
2794,33240.0,PSD,LAX
2795,33246.0,WDHL,LAX
2796,33260.0,PSD,LAX
2797,33260.0,DTLA,LAX
2798,33262.0,LGB,LAX
2799,33263.0,HWD,LAX
2800,33264.0,LGB,LAX
2801,33269.0,ANH,LAX
2802,33271.0,ANH,LAX
2803,33278.0,DTLA,LAX
2804,33283.0,DTLA,LAX
2805,33287.0,BVH,LAX
2806,33301.0,ANH,LAX
2807,33304.0,WDHL,LAX
2808,33312.0,ANH,LAX
2809,33320.0,PSD,LAX
2810,33325.0,UVS,LAX
2811,33334.0,ANH,LAX
2812,33354.0,DTLA,LAX
2813,33370.0,WDHL,LAX
2814,33373.0,ANH,LAX
2815,33390.0,DTLA,LAX
2816,33391.0,DTLA,LAX
2817,33401.0,ANH,LAX
2818,33424.0,ANH,LAX
2819,33430.0,PSD,LAX
2820,33454.0,DTLA,LAX
2821,33454.0,DTLA,LAX
2822,33455.0,LGB,LAX
2823,33469.0,ANH,LAX
2824,33478.0,BVH,LAX
2825,33479.0,WDHL,LAX
2826,33482.0,LGB,LAX
2827,33483.0,UVS,LAX
2828,33505.0,HWD,LAX
2829,33508.0,HWD,LAX
2830,33511.0,ANH,LAX
2831,33515.0,ANH,LAX
2832,33518.0,DTLA,LAX
2833,33524.0,DTLA,LAX
2834,33525.0,DTLA,LAX
2835,33527.0,UVS,LAX
2836,33527.0,PSD,LAX
2837,33539.0,WDHL,LAX
2838,33542.0,ANH,LAX
2839,33545.0,ANH,LAX
2840,33560.0,ANH,LAX
2841,33574.0,ANH,LAX
2842,33576.0,HWD,LAX
2843,33580.0,BVH,LAX
2844,33582.0,HWD,LAX
2845,33600.0,DTLA,LAX
2846,33603.0,DTLA,LAX
2847,33608.0,UVS,LAX
2848,33612.0,DTLA,LAX
2849,33613.0,HWD,LAX
2850,33616.0,DTLA,LAX
2851,33632.0,HWD,LAX
2852,33633.0,HWD,LAX
2853,33636.0,DTLA,LAX
2854,33639.0,ANH,LAX
2855,33655.0,DTLA,LAX
2856,33656.0,ANH,LAX
2857,33681.0,ANH,LAX
2858,33685.0,HWD,LAX
2859,33692.0,WDHL,LAX
2860,33697.0,DTLA,LAX
2861,33708.0,HWD,LAX
2862,33710.0,DTLA,LAX
2863,33722.0,HWD,LAX
2864,33739.0,LGB,LAX
2865,33742.0,ANH,LAX
2866,33744.0,DTLA,LAX
2867,33745.0,DTLA,LAX
2868,33748.0,LGB,LAX
2869,33752.0,DTLA,LAX
2870,33754.0,ANH,LAX
2871,33769.0,HWD,LAX
2872,33775.0,HWD,LAX
2873,33777.0,BVH,LAX
2874,33782.0,ANH,LAX
2875,33785.0,BVH,LAX
2876,33796.0,DTLA,LAX
2877,33804.0,DTLA,LAX
2878,33807.0,HWD,LAX
2879,33807.0,LGB,LAX
2880,33813.0,ANH,LAX
2881,33818.0,BVH,LAX
2882,33822.0,LGB,LAX
2883,33824.0,DTLA,LAX
2884,33825.0,HWD,LAX
2885,33829.0,DTLA,LAX
2886,33834.0,PSD,LAX
2887,33838.0,WDHL,LAX
2888,33858.0,DTLA,LAX
2889,33864.0,DTLA,LAX
2890,33869.0,DTLA,LAX
2891,33869.0,HWD,LAX
2892,33895.0,HWD,LAX
2893,33913.0,ANH,LAX
2894,33915.0,BVH,LAX
2895,33919.0,PSD,LAX
2896,33925.0,BVH,LAX
2897,33928.0,PSD,LAX
2898,33931.0,ANH,LAX
2899,33931.0,ANH,LAX
2900,33934.0,DTLA,LAX
2901,33953.0,ANH,LAX
2902,33960.0,DTLA,LAX
2903,33968.0,LGB,LAX
2904,33986.0,ANH,LAX
2905,34009.0,LGB,LAX
2906,34021.0,DTLA,LAX
2907,34026.0,DTLA,LAX
2908,34029.0,DTLA,LAX
2909,34032.0,DTLA,LAX
2910,34041.0,ANH,LAX
2911,34051.0,DTLA,LAX
2912,34071.0,DTLA,LAX
2913,34077.0,BVH,LAX
2914,34081.0,ANH,LAX
2915,34084.0,ANH,LAX
2916,34090.0,DTLA,LAX
2917,34109.0,ANH,LAX
2918,34114.0,WDHL,LAX
2919,34128.0,ANH,LAX
2920,34128.0,HWD,LAX
2921,34130.0,LGB,LAX
2922,34139.0,ANH,LAX
2923,34151.0,BVH,LAX
2924,34168.0,ANH,LAX
2925,34169.0,PSD,LAX
2926,34171.0,ANH,LAX
2927,34173.0,BVH,LAX
2928,34189.0,HWD,LAX
2929,34191.0,ANH,LAX
2930,34206.0,ANH,LAX
2931,34209.0,ANH,LAX
2932,34219.0,DTLA,LAX
2933,34220.0,LGB,LAX
2934,34224.0,ANH,LAX
2935,34230.0,WDHL,LAX
2936,34251.0,DTLA,LAX
2937,34255.0,DTLA,LAX
2938,34265.0,DTLA,LAX
2939,34266.0,BVH,LAX
2940,34270.0,DTLA,LAX
2941,34275.0,UVS,LAX
2942,34288.0,WDHL,LAX
2943,34291.0,WDHL,LAX
2944,34298.0,BVH,LAX
2945,34300.0,ANH,LAX
2946,34302.0,HWD,LAX
2947,34322.0,BVH,LAX
2948,34333.0,UVS,LAX
2949,34344.0,ANH,LAX
2950,34348.0,HWD,LAX
2951,34349.0,HWD,LAX
2952,34350.0,LGB,LAX
2953,34353.0,UVS,LAX
2954,34356.0,ANH,LAX
2955,34357.0,DTLA,LAX
2956,34359.0,LGB,LAX
2957,34362.0,UVS,LAX
2958,34365.0,DTLA,LAX
2959,34371.0,DTLA,LAX
2960,34377.0,HWD,LAX
2961,34377.0,BVH,LAX
2962,34381.0,ANH,LAX
2963,34390.0,DTLA,LAX
2964,34397.0,LGB,LAX
2965,34398.0,DTLA,LAX
2966,34408.0,HWD,LAX
2967,34408.0,BVH,LAX
2968,34409.0,ANH,LAX
2969,34431.0,DTLA,LAX
2970,34435.0,HWD,LAX
2971,34437.0,HWD,LAX
2972,34449.0,ANH,LAX
2973,34449.0,ANH,LAX
2974,34450.0,HWD,LAX
2975,34479.0,BVH,LAX
2976,34480.0,PSD,LAX
2977,34483.0,LGB,LAX
2978,34495.0,LGB,LAX
2979,34496.0,LGB,LAX
2980,34502.0,DTLA,LAX
2981,34509.0,HWD,LAX
2982,34519.0,HWD,LAX
2983,34530.0,PSD,LAX
2984,34544.0,ANH,LAX
2985,34554.0,DTLA,LAX
2986,34554.0,HWD,LAX
2987,34560.0,WDHL,LAX
2988,34561.0,ANH,LAX
2989,34566.0,BVH,LAX
2990,34568.0,UVS,LAX
2991,34568.0,ANH,LAX
2992,34575.0,ANH,LAX
2993,34576.0,BVH,LAX
2994,34582.0,PSD,LAX
2995,34598.0,DTLA,LAX
2996,34602.0,DTLA,LAX
2997,34603.0,DTLA,LAX
2998,34603.0,ANH,LAX
2999,34610.0,BVH,LAX
3000,34618.0,DTLA,LAX
3001,34624.0,ANH,LAX
3002,34627.0,DTLA,LAX
3003,34630.0,DTLA,LAX
3004,34631.0,BVH,LAX
3005,34635.0,BVH,LAX
3006,34638.0,WDHL,LAX
3007,34642.0,BVH,LAX
3008,34644.0,HWD,LAX
3009,34646.0,LGB,LAX
3010,34660.0,ANH,LAX
3011,34669.0,ANH,LAX
3012,34672.0,HWD,LAX
3013,34675.0,BVH,LAX
3014,34675.0,BVH,LAX
3015,34706.0,ANH,LAX
3016,34706.0,ANH,LAX
3017,34711.0,DTLA,LAX
3018,34711.0,DTLA,LAX
3019,34742.0,HWD,LAX
3020,34749.0,BVH,LAX
3021,34751.0,HWD,LAX
3022,34752.0,HWD,LAX
3023,34758.0,DTLA,LAX
3024,34760.0,PSD,LAX
3025,34766.0,LGB,LAX
3026,34774.0,BVH,LAX
3027,34780.0,DTLA,LAX
3028,34798.0,ANH,LAX
3029,34806.0,HWD,LAX
3030,34811.0,ANH,LAX
3031,34836.0,DTLA,LAX
3032,34840.0,ANH,LAX
3033,34842.0,ANH,LAX
3034,34851.0,DTLA,LAX
3035,34852.0,BVH,LAX
3036,34878.0,DTLA,LAX
3037,34885.0,ANH,LAX
3038,34889.0,ANH,LAX
3039,34891.0,LGB,LAX
3040,34897.0,ANH,LAX
3041,34901.0,ANH,LAX
3042,34911.0,HWD,LAX
3043,34917.0,HWD,LAX
3044,34923.0,UVS,LAX
3045,34925.0,LGB,LAX
3046,34930.0,DTLA,LAX
3047,34951.0,DTLA,LAX
3048,34956.0,ANH,LAX
3049,34967.0,HWD,LAX
3050,34976.0,PSD,LAX
3051,34977.0,LGB,LAX
3052,34985.0,HWD,LAX
3053,34989.0,UVS,LAX
3054,34993.0,DTLA,LAX
3055,35001.0,DTLA,LAX
3056,35001.0,WDHL,LAX
3057,35005.0,HWD,LAX
3058,35029.0,DTLA,LAX
3059,35040.0,ANH,LAX
3060,35047.0,ANH,LAX
3061,35058.0,DTLA,LAX
3062,35066.0,HWD,LAX
3063,35069.0,PSD,LAX
3064,35077.0,PSD,LAX
3065,35100.0,PSD,LAX
3066,35107.0,ANH,LAX
3067,35122.0,ANH,LAX
3068,35131.0,LGB,LAX
3069,35131.0,UVS,LAX
3070,35133.0,HWD,LAX
3071,35137.0,ANH,LAX
3072,35138.0,BVH,LAX
3073,35138.0,PSD,LAX
3074,35145.0,LGB,LAX
3075,35149.0,HWD,LAX
3076,35151.0,BVH,LAX
3077,35154.0,DTLA,LAX
3078,35154.0,HWD,LAX
3079,35168.0,ANH,LAX
3080,35170.0,ANH,LAX
3081,35174.0,UVS,LAX
3082,35185.0,ANH,LAX
3083,35189.0,LGB,LAX
3084,35195.0,LGB,LAX
3085,35196.0,BVH,LAX
3086,35196.0,BVH,LAX
3087,35203.0,ANH,LAX
3088,35209.0,LGB,LAX
3089,35229.0,ANH,LAX
3090,35249.0,DTLA,LAX
3091,35270.0,DTLA,LAX
3092,35273.0,ANH,LAX
3093,35276.0,DTLA,LAX
3094,35284.0,BVH,LAX
3095,35292.0,HWD,LAX
3096,35316.0,DTLA,LAX
3097,35336.0,PSD,LAX
3098,35357.0,DTLA,LAX
3099,35358.0,UVS,LAX
3100,35365.0,PSD,LAX
3101,35376.0,ANH,LAX
3102,35381.0,HWD,LAX
3103,35381.0,HWD,LAX
3104,35390.0,ANH,LAX
3105,35395.0,HWD,LAX
3106,35400.0,ANH,LAX
3107,35402.0,HWD,LAX
3108,35403.0,PSD,LAX
3109,35410.0,PSD,LAX
3110,35420.0,DTLA,LAX
3111,35442.0,ANH,LAX
3112,35451.0,PSD,LAX
3113,35459.0,DTLA,LAX
3114,35461.0,ANH,LAX
3115,35468.0,LGB,LAX
3116,35468.0,LGB,LAX
3117,35473.0,UVS,LAX
3118,35478.0,LGB,LAX
3119,35485.0,DTLA,LAX
3120,35487.0,LGB,LAX
3121,35494.0,HWD,LAX
3122,35512.0,PSD,LAX
3123,35517.0,PSD,LAX
3124,35521.0,HWD,LAX
3125,35522.0,ANH,LAX
3126,35537.0,BVH,LAX
3127,35538.0,LGB,LAX
3128,35551.0,ANH,LAX
3129,35555.0,LGB,LAX
3130,35555.0,ANH,LAX
3131,35568.0,ANH,LAX
3132,35572.0,PSD,LAX
3133,35580.0,UVS,LAX
3134,35597.0,ANH,LAX
3135,35625.0,ANH,LAX
3136,35634.0,DTLA,LAX
3137,35644.0,PSD,LAX
3138,35670.0,PSD,LAX
3139,35695.0,ANH,LAX
3140,35696.0,ANH,LAX
3141,35697.0,DTLA,LAX
3142,35699.0,DTLA,LAX
3143,35700.0,DTLA,LAX
3144,35703.0,WDHL,LAX
3145,35713.0,HWD,LAX
3146,35725.0,PSD,LAX
3147,35728.0,HWD,LAX
3148,35730.0,LGB,LAX
3149,35735.0,DTLA,LAX
3150,35743.0,HWD,LAX
3151,35744.0,HWD,LAX
3152,35753.0,UVS,LAX
3153,35753.0,DTLA,LAX
3154,35754.0,DTLA,LAX
3155,35767.0,BVH,LAX
3156,35793.0,HWD,LAX
3157,35805.0,UVS,LAX
3158,35827.0,HWD,LAX
3159,35831.0,LGB,LAX
3160,35850.0,ANH,LAX
3161,35867.0,PSD,LAX
3162,35872.0,PSD,LAX
3163,35873.0,BVH,LAX
3164,35875.0,ANH,LAX
3165,35901.0,LGB,LAX
3166,35902.0,HWD,LAX
3167,35906.0,PSD,LAX
3168,35915.0,HWD,LAX
3169,35915.0,LGB,LAX
3170,35936.0,DTLA,LAX
3171,35942.0,DTLA,LAX
3172,35967.0,ANH,LAX
3173,35975.0,DTLA,LAX
3174,35988.0,ANH,LAX
3175,35996.0,DTLA,LAX
3176,36005.0,DTLA,LAX
3177,36013.0,DTLA,LAX
3178,36024.0,DTLA,LAX
3179,36029.0,DTLA,LAX
3180,36029.0,BVH,LAX
3181,36041.0,DTLA,LAX
3182,36046.0,ANH,LAX
3183,36046.0,HWD,LAX
3184,36046.0,HWD,LAX
3185,36048.0,LGB,LAX
3186,36058.0,LGB,LAX
3187,36079.0,PSD,LAX
3188,36080.0,DTLA,LAX
3189,36087.0,ANH,LAX
3190,36090.0,LGB,LAX
3191,36100.0,ANH,LAX
3192,36118.0,LGB,LAX
3193,36120.0,WDHL,LAX
3194,36126.0,BVH,LAX
3195,36127.0,PSD,LAX
3196,36130.0,ANH,LAX
3197,36133.0,ANH,LAX
3198,36144.0,HWD,LAX
3199,36152.0,PSD,LAX
3200,36160.0,PSD,LAX
3201,36175.0,WDHL,LAX
3202,36191.0,HWD,LAX
3203,36200.0,WDHL,LAX
3204,36204.0,LGB,LAX
3205,36237.0,DTLA,LAX
3206,36241.0,DTLA,LAX
3207,36248.0,ANH,LAX
3208,36249.0,UVS,LAX
3209,36257.0,BVH,LAX
3210,36259.0,DTLA,LAX
3211,36264.0,LGB,LAX
3212,36264.0,ANH,LAX
3213,36276.0,DTLA,LAX
3214,36285.0,UVS,LAX
3215,36293.0,BVH,LAX
3216,36307.0,DTLA,LAX
3217,36314.0,ANH,LAX
3218,36314.0,DTLA,LAX
3219,36323.0,ANH,LAX
3220,36324.0,BVH,LAX
3221,36347.0,WDHL,LAX
3222,36349.0,HWD,LAX
3223,36358.0,ANH,LAX
3224,36362.0,HWD,LAX
3225,36363.0,DTLA,LAX
3226,36365.0,DTLA,LAX
3227,36367.0,ANH,LAX
3228,36386.0,ANH,LAX
3229,36390.0,ANH,LAX
3230,36395.0,LGB,LAX
3231,36407.0,WDHL,LAX
3232,36415.0,DTLA,LAX
3233,36425.0,DTLA,LAX
3234,36429.0,DTLA,LAX
3235,36438.0,DTLA,LAX
3236,36445.0,UVS,LAX
3237,36493.0,PSD,LAX
3238,36496.0,ANH,LAX
3239,36497.0,ANH,LAX
3240,36500.0,DTLA,LAX
3241,36506.0,DTLA,LAX
3242,36507.0,ANH,LAX
3243,36536.0,HWD,LAX
3244,36541.0,LGB,LAX
3245,36549.0,BVH,LAX
3246,36550.0,ANH,LAX
3247,36558.0,BVH,LAX
3248,36561.0,DTLA,LAX
3249,36569.0,ANH,LAX
3250,36574.0,LGB,LAX
3251,36580.0,HWD,LAX
3252,36582.0,BVH,LAX
3253,36605.0,HWD,LAX
3254,36606.0,BVH,LAX
3255,36609.0,DTLA,LAX
3256,36609.0,ANH,LAX
3257,36615.0,ANH,LAX
3258,36618.0,HWD,LAX
3259,36618.0,PSD,LAX
3260,36624.0,HWD,LAX
3261,36655.0,LGB,LAX
3262,36658.0,HWD,LAX
3263,36676.0,ANH,LAX
3264,36680.0,DTLA,LAX
3265,36684.0,DTLA,LAX
3266,36686.0,UVS,LAX
3267,36686.0,DTLA,LAX
3268,36702.0,BVH,LAX
3269,36715.0,UVS,LAX
3270,36717.0,LGB,LAX
3271,36718.0,ANH,LAX
3272,36727.0,BVH,LAX
3273,36731.0,HWD,LAX
3274,36753.0,ANH,LAX
3275,36759.0,WDHL,LAX
3276,36765.0,LGB,LAX
3277,36769.0,PSD,LAX
3278,36773.0,PSD,LAX
3279,36779.0,LGB,LAX
3280,36800.0,WDHL,LAX
3281,36802.0,DTLA,LAX
3282,36805.0,DTLA,LAX
3283,36810.0,DTLA,LAX
3284,36814.0,WDHL,LAX
3285,36816.0,HWD,LAX
3286,36818.0,ANH,LAX
3287,36819.0,HWD,LAX
3288,36825.0,PSD,LAX
3289,36834.0,ANH,LAX
3290,36836.0,HWD,LAX
3291,36837.0,DTLA,LAX
3292,36837.0,LGB,LAX
3293,36838.0,DTLA,LAX
3294,36885.0,HWD,LAX
3295,36891.0,WDHL,LAX
3296,36898.0,DTLA,LAX
3297,36909.0,BVH,LAX
3298,36919.0,UVS,LAX
3299,36922.0,HWD,LAX
3300,36929.0,WDHL,LAX
3301,36936.0,HWD,LAX
3302,36937.0,ANH,LAX
3303,36937.0,DTLA,LAX
3304,36938.0,ANH,LAX
3305,36950.0,DTLA,LAX
3306,36955.0,ANH,LAX
3307,36968.0,WDHL,LAX
3308,36977.0,DTLA,LAX
3309,37020.0,ANH,LAX
3310,37021.0,ANH,LAX
3311,37023.0,DTLA,LAX
3312,37033.0,WDHL,LAX
3313,37050.0,DTLA,LAX
3314,37060.0,HWD,LAX
3315,37079.0,BVH,LAX
3316,37082.0,LGB,LAX
3317,37083.0,ANH,LAX
3318,37105.0,LGB,LAX
3319,37115.0,UVS,LAX
3320,37116.0,HWD,LAX
3321,37124.0,ANH,LAX
3322,37126.0,HWD,LAX
3323,37128.0,HWD,LAX
3324,37133.0,DTLA,LAX
3325,37147.0,ANH,LAX
3326,37152.0,BVH,LAX
3327,37156.0,ANH,LAX
3328,37162.0,ANH,LAX
3329,37162.0,ANH,LAX
3330,37165.0,LGB,LAX
3331,37169.0,PSD,LAX
3332,37169.0,PSD,LAX
3333,37171.0,BVH,LAX
3334,37172.0,PSD,LAX
3335,37175.0,ANH,LAX
3336,37182.0,LGB,LAX
3337,37185.0,WDHL,LAX
3338,37193.0,ANH,LAX
3339,37199.0,DTLA,LAX
3340,37207.0,ANH,LAX
3341,37210.0,DTLA,LAX
3342,37229.0,LGB,LAX
3343,37232.0,ANH,LAX
3344,37233.0,ANH,LAX
3345,37236.0,ANH,LAX
3346,37249.0,DTLA,LAX
3347,37251.0,DTLA,LAX
3348,37252.0,ANH,LAX
3349,37255.0,HWD,LAX
3350,37269.0,LGB,LAX
3351,37278.0,DTLA,LAX
3352,37279.0,LGB,LAX
3353,37282.0,LGB,LAX
3354,37303.0,LGB,LAX
3355,37327.0,UVS,LAX
3356,37332.0,ANH,LAX
3357,37333.0,HWD,LAX
3358,37346.0,ANH,LAX
3359,37353.0,HWD,LAX
3360,37359.0,HWD,LAX
3361,37361.0,BVH,LAX
3362,37363.0,PSD,LAX
3363,37368.0,ANH,LAX
3364,37382.0,DTLA,LAX
3365,37409.0,DTLA,LAX
3366,37424.0,DTLA,LAX
3367,37438.0,ANH,LAX
3368,37446.0,HWD,LAX
3369,37452.0,ANH,LAX
3370,37458.0,ANH,LAX
3371,37503.0,DTLA,LAX
3372,37511.0,LGB,LAX
3373,37519.0,UVS,LAX
3374,37539.0,ANH,LAX
3375,37549.0,DTLA,LAX
3376,37550.0,DTLA,LAX
3377,37551.0,ANH,LAX
3378,37554.0,ANH,LAX
3379,37579.0,DTLA,LAX
3380,37580.0,PSD,LAX
3381,37587.0,HWD,LAX
3382,37594.0,LGB,LAX
3383,37619.0,HWD,LAX
3384,37621.0,ANH,LAX
3385,37621.0,HWD,LAX
3386,37634.0,DTLA,LAX
3387,37637.0,UVS,LAX
3388,37647.0,ANH,LAX
3389,37655.0,HWD,LAX
3390,37665.0,ANH,LAX
3391,37674.0,ANH,LAX
3392,37683.0,BVH,LAX
3393,37688.0,DTLA,LAX
3394,37692.0,DTLA,LAX
3395,37692.0,ANH,LAX
3396,37703.0,ANH,LAX
3397,37718.0,BVH,LAX
3398,37719.0,DTLA,LAX
3399,37721.0,HWD,LAX
3400,37735.0,DTLA,LAX
3401,37745.0,HWD,LAX
3402,37790.0,HWD,LAX
3403,37802.0,PSD,LAX
3404,37810.0,ANH,LAX
3405,37818.0,ANH,LAX
3406,37820.0,ANH,LAX
3407,37834.0,DTLA,LAX
3408,37837.0,DTLA,LAX
3409,37846.0,BVH,LAX
3410,37850.0,DTLA,LAX
3411,37855.0,ANH,LAX
3412,37855.0,DTLA,LAX
3413,37861.0,WDHL,LAX
3414,37865.0,UVS,LAX
3415,37874.0,DTLA,LAX
3416,37876.0,LGB,LAX
3417,37879.0,HWD,LAX
3418,37902.0,LGB,LAX
3419,37906.0,HWD,LAX
3420,37925.0,LGB,LAX
3421,37951.0,HWD,LAX
3422,37961.0,DTLA,LAX
3423,37963.0,ANH,LAX
3424,37965.0,WDHL,LAX
3425,37969.0,HWD,LAX
3426,37971.0,PSD,LAX
3427,37977.0,HWD,LAX
3428,37981.0,LGB,LAX
3429,37991.0,HWD,LAX
3430,37996.0,DTLA,LAX
3431,38012.0,DTLA,LAX
3432,38013.0,PSD,LAX
3433,38014.0,ANH,LAX
3434,38029.0,ANH,LAX
3435,38031.0,ANH,LAX
3436,38040.0,UVS,LAX
3437,38047.0,HWD,LAX
3438,38049.0,HWD,LAX
3439,38053.0,UVS,LAX
3440,38057.0,LGB,LAX
3441,38068.0,WDHL,LAX
3442,38068.0,LGB,LAX
3443,38068.0,LGB,LAX
3444,38069.0,PSD,LAX
3445,38076.0,ANH,LAX
3446,38080.0,LGB,LAX
3447,38091.0,DTLA,LAX
3448,38104.0,HWD,LAX
3449,38106.0,ANH,LAX
3450,38109.0,DTLA,LAX
3451,38110.0,DTLA,LAX
3452,38112.0,BVH,LAX
3453,38123.0,ANH,LAX
3454,38140.0,DTLA,LAX
3455,38141.0,HWD,LAX
3456,38150.0,ANH,LAX
3457,38161.0,PSD,LAX
3458,38162.0,HWD,LAX
3459,38176.0,DTLA,LAX
3460,38189.0,DTLA,LAX
3461,38190.0,HWD,LAX
3462,38195.0,DTLA,LAX
3463,38195.0,HWD,LAX
3464,38197.0,PSD,LAX
3465,38205.0,WDHL,LAX
3466,38206.0,LGB,LAX
3467,38213.0,PSD,LAX
3468,38216.0,HWD,LAX
3469,38222.0,ANH,LAX
3470,38236.0,DTLA,LAX
3471,38240.0,DTLA,LAX
3472,38248.0,BVH,LAX
3473,38252.0,ANH,LAX
3474,38271.0,ANH,LAX
3475,38276.0,UVS,LAX
3476,38291.0,HWD,LAX
3477,38295.0,HWD,LAX
3478,38299.0,ANH,LAX
3479,38305.0,PSD,LAX
3480,38317.0,UVS,LAX
3481,38322.0,DTLA,LAX
3482,38329.0,BVH,LAX
3483,38346.0,BVH,LAX
3484,38349.0,ANH,LAX
3485,38358.0,ANH,LAX
3486,38368.0,ANH,LAX
3487,38373.0,DTLA,LAX
3488,38378.0,LGB,LAX
3489,38390.0,HWD,LAX
3490,38395.0,BVH,LAX
3491,38396.0,DTLA,LAX
3492,38399.0,HWD,LAX
3493,38403.0,BVH,LAX
3494,38410.0,DTLA,LAX
3495,38438.0,PSD,LAX
3496,38440.0,WDHL,LAX
3497,38449.0,BVH,LAX
3498,38450.0,LGB,LAX
3499,38456.0,HWD,LAX
3500,38457.0,DTLA,LAX
3501,38466.0,PSD,LAX
3502,38474.0,PSD,LAX
3503,38491.0,PSD,LAX
3504,38493.0,DTLA,LAX
3505,38497.0,ANH,LAX
3506,38499.0,DTLA,LAX
3507,38501.0,BVH,LAX
3508,38504.0,ANH,LAX
3509,38504.0,PSD,LAX
3510,38507.0,HWD,LAX
3511,38516.0,LGB,LAX
3512,38529.0,DTLA,LAX
3513,38529.0,DTLA,LAX
3514,38530.0,LGB,LAX
3515,38540.0,BVH,LAX
3516,38554.0,HWD,LAX
3517,38560.0,BVH,LAX
3518,38567.0,ANH,LAX
3519,38572.0,ANH,LAX
3520,38577.0,UVS,LAX
3521,38582.0,DTLA,LAX
3522,38604.0,UVS,LAX
3523,38614.0,DTLA,LAX
3524,38615.0,WDHL,LAX
3525,38615.0,PSD,LAX
3526,38618.0,PSD,LAX
3527,38625.0,ANH,LAX
3528,38627.0,ANH,LAX
3529,38630.0,ANH,LAX
3530,38631.0,DTLA,LAX
3531,38638.0,HWD,LAX
3532,38646.0,DTLA,LAX
3533,38650.0,HWD,LAX
3534,38654.0,DTLA,LAX
3535,38657.0,HWD,LAX
3536,38665.0,LGB,LAX
3537,38670.0,HWD,LAX
3538,38674.0,ANH,LAX
3539,38680.0,HWD,LAX
3540,38690.0,BVH,LAX
3541,38706.0,DTLA,LAX
3542,38708.0,DTLA,LAX
3543,38712.0,HWD,LAX
3544,38726.0,PSD,LAX
3545,38728.0,DTLA,LAX
3546,38733.0,LGB,LAX
3547,38746.0,DTLA,LAX
3548,38746.0,LGB,LAX
3549,38746.0,ANH,LAX
3550,38747.0,HWD,LAX
3551,38748.0,WDHL,LAX
3552,38757.0,LGB,LAX
3553,38760.0,BVH,LAX
3554,38762.0,LGB,LAX
3555,38770.0,PSD,LAX
3556,38773.0,DTLA,LAX
3557,38787.0,HWD,LAX
3558,38797.0,PSD,LAX
3559,38799.0,ANH,LAX
3560,38808.0,BVH,LAX
3561,38812.0,HWD,LAX
3562,38821.0,PSD,LAX
3563,38829.0,WDHL,LAX
3564,38832.0,BVH,LAX
3565,38839.0,LGB,LAX
3566,38849.0,DTLA,LAX
3567,38852.0,UVS,LAX
3568,38867.0,ANH,LAX
3569,38869.0,DTLA,LAX
3570,38874.0,LGB,LAX
3571,38885.0,DTLA,LAX
3572,38890.0,DTLA,LAX
3573,38894.0,BVH,LAX
3574,38895.0,ANH,LAX
3575,38903.0,LGB,LAX
3576,38911.0,UVS,LAX
3577,38922.0,BVH,LAX
3578,38930.0,ANH,LAX
3579,38933.0,HWD,LAX
3580,38934.0,ANH,LAX
3581,38935.0,WDHL,LAX
3582,38938.0,ANH,LAX
3583,38946.0,UVS,LAX
3584,38952.0,PSD,LAX
3585,38956.0,DTLA,LAX
3586,38961.0,DTLA,LAX
3587,38965.0,BVH,LAX
3588,38969.0,HWD,LAX
3589,38975.0,PSD,LAX
3590,39035.0,DTLA,LAX
3591,39038.0,LGB,LAX
3592,39043.0,UVS,LAX
3593,39044.0,ANH,LAX
3594,39047.0,UVS,LAX
3595,39048.0,ANH,LAX
3596,39052.0,DTLA,LAX
3597,39063.0,ANH,LAX
3598,39074.0,HWD,LAX
3599,39088.0,PSD,LAX
3600,39096.0,HWD,LAX
3601,39100.0,DTLA,LAX
3602,39108.0,PSD,LAX
3603,39112.0,PSD,LAX
3604,39121.0,ANH,LAX
3605,39121.0,DTLA,LAX
3606,39131.0,ANH,LAX
3607,39133.0,ANH,LAX
3608,39148.0,ANH,LAX
3609,39153.0,HWD,LAX
3610,39153.0,HWD,LAX
3611,39166.0,DTLA,LAX
3612,39182.0,HWD,LAX
3613,39187.0,ANH,LAX
3614,39189.0,LGB,LAX
3615,39198.0,HWD,LAX
3616,39203.0,ANH,LAX
3617,39210.0,WDHL,LAX
3618,39211.0,ANH,LAX
3619,39224.0,ANH,LAX
3620,39224.0,DTLA,LAX
3621,39241.0,ANH,LAX
3622,39250.0,LGB,LAX
3623,39256.0,BVH,LAX
3624,39256.0,LGB,LAX
3625,39259.0,UVS,LAX
3626,39272.0,LGB,LAX
3627,39284.0,DTLA,LAX
3628,39294.0,DTLA,LAX
3629,39304.0,LGB,LAX
3630,39319.0,LGB,LAX
3631,39337.0,BVH,LAX
3632,39338.0,HWD,LAX
3633,39341.0,HWD,LAX
3634,39354.0,UVS,LAX
3635,39357.0,PSD,LAX
3636,39368.0,DTLA,LAX
3637,39369.0,BVH,LAX
3638,39372.0,DTLA,LAX
3639,39376.0,ANH,LAX
3640,39381.0,LGB,LAX
3641,39385.0,DTLA,LAX
3642,39404.0,BVH,LAX
3643,39407.0,BVH,LAX
3644,39423.0,ANH,LAX
3645,39441.0,HWD,LAX
3646,39452.0,LGB,LAX
3647,39456.0,UVS,LAX
3648,39470.0,ANH,LAX
3649,39473.0,ANH,LAX
3650,39477.0,PSD,LAX
3651,39509.0,LGB,LAX
3652,39517.0,ANH,LAX
3653,39531.0,HWD,LAX
3654,39537.0,DTLA,LAX
3655,39540.0,ANH,LAX
3656,39541.0,HWD,LAX
3657,39567.0,DTLA,LAX
3658,39570.0,WDHL,LAX
3659,39575.0,DTLA,LAX
3660,39577.0,WDHL,LAX
3661,39584.0,UVS,LAX
3662,39599.0,UVS,LAX
3663,39602.0,UVS,LAX
3664,39609.0,BVH,LAX
3665,39610.0,HWD,LAX
3666,39613.0,PSD,LAX
3667,39614.0,PSD,LAX
3668,39615.0,LGB,LAX
3669,39620.0,ANH,LAX
3670,39622.0,HWD,LAX
3671,39623.0,BVH,LAX
3672,39623.0,BVH,LAX
3673,39626.0,DTLA,LAX
3674,39627.0,DTLA,LAX
3675,39632.0,BVH,LAX
3676,39651.0,DTLA,LAX
3677,39668.0,DTLA,LAX
3678,39669.0,HWD,LAX
3679,39684.0,LGB,LAX
3680,39684.0,HWD,LAX
3681,39685.0,HWD,LAX
3682,39699.0,WDHL,LAX
3683,39701.0,UVS,LAX
3684,39709.0,ANH,LAX
3685,39716.0,HWD,LAX
3686,39717.0,ANH,LAX
3687,39725.0,HWD,LAX
3688,39745.0,LGB,LAX
3689,39745.0,BVH,LAX
3690,39757.0,HWD,LAX
3691,39761.0,WDHL,LAX
3692,39765.0,DTLA,LAX
3693,39767.0,HWD,LAX
3694,39787.0,LGB,LAX
3695,39800.0,ANH,LAX
3696,39800.0,DTLA,LAX
3697,39814.0,DTLA,LAX
3698,39816.0,LGB,LAX
3699,39818.0,ANH,LAX
3700,39827.0,HWD,LAX
3701,39831.0,WDHL,LAX
3702,39851.0,DTLA,LAX
3703,39855.0,HWD,LAX
3704,39869.0,DTLA,LAX
3705,39872.0,BVH,LAX
3706,39890.0,DTLA,LAX
3707,39898.0,LGB,LAX
3708,39902.0,ANH,LAX
3709,39904.0,BVH,LAX
3710,39907.0,WDHL,LAX
3711,39921.0,UVS,LAX
3712,39921.0,ANH,LAX
3713,39927.0,WDHL,LAX
3714,39933.0,BVH,LAX
3715,39938.0,LGB,LAX
3716,39945.0,HWD,LAX
3717,39977.0,BVH,LAX
3718,39983.0,LGB,LAX
3719,39987.0,DTLA,LAX
3720,39989.0,HWD,LAX
3721,39989.0,DTLA,LAX
3722,39990.0,DTLA,LAX
3723,39991.0,WDHL,LAX
3724,39999.0,ANH,LAX
3725,40005.0,DTLA,LAX
3726,40014.0,ANH,LAX
3727,40014.0,DTLA,LAX
3728,40021.0,BVH,LAX
3729,40034.0,WDHL,LAX
3730,40035.0,LGB,LAX
3731,40068.0,BVH,LAX
3732,40071.0,DTLA,LAX
3733,40074.0,ANH,LAX
3734,40085.0,DTLA,LAX
3735,40092.0,HWD,LAX
3736,40094.0,LGB,LAX
3737,40094.0,BVH,LAX
3738,40131.0,LGB,LAX
3739,40136.0,BVH,LAX
3740,40138.0,ANH,LAX
3741,40145.0,ANH,LAX
3742,40149.0,DTLA,LAX
3743,40156.0,LGB,LAX
3744,40156.0,ANH,LAX
3745,40187.0,HWD,LAX
3746,40187.0,DTLA,LAX
3747,40195.0,UVS,LAX
3748,40212.0,UVS,LAX
3749,40222.0,ANH,LAX
3750,40246.0,PSD,LAX
3751,40252.0,DTLA,LAX
3752,40253.0,PSD,LAX
3753,40259.0,HWD,LAX
3754,40264.0,BVH,LAX
3755,40289.0,DTLA,LAX
3756,40294.0,UVS,LAX
3757,40308.0,DTLA,LAX
3758,40324.0,DTLA,LAX
3759,40330.0,UVS,LAX
3760,40332.0,LGB,LAX
3761,40333.0,DTLA,LAX
3762,40336.0,HWD,LAX
3763,40347.0,ANH,LAX
3764,40368.0,ANH,LAX
3765,40370.0,HWD,LAX
3766,40371.0,ANH,LAX
3767,40380.0,BVH,LAX
3768,40400.0,DTLA,LAX
3769,40411.0,PSD,LAX
3770,40416.0,HWD,LAX
3771,40423.0,PSD,LAX
3772,40427.0,HWD,LAX
3773,40427.0,HWD,LAX
3774,40435.0,UVS,LAX
3775,40436.0,ANH,LAX
3776,40462.0,DTLA,LAX
3777,40481.0,DTLA,LAX
3778,40489.0,ANH,LAX
3779,40492.0,HWD,LAX
3780,40521.0,ANH,LAX
3781,40535.0,DTLA,LAX
3782,40535.0,DTLA,LAX
3783,40536.0,PSD,LAX
3784,40538.0,BVH,LAX
3785,40553.0,ANH,LAX
3786,40556.0,BVH,LAX
3787,40567.0,DTLA,LAX
3788,40578.0,ANH,LAX
3789,40595.0,BVH,LAX
3790,40607.0,DTLA,LAX
3791,40611.0,ANH,LAX
3792,40611.0,LGB,LAX
3793,40612.0,HWD,LAX
3794,40613.0,HWD,LAX
3795,40614.0,HWD,LAX
3796,40617.0,ANH,LAX
3797,40631.0,HWD,LAX
3798,40634.0,HWD,LAX
3799,40643.0,HWD,LAX
3800,40645.0,DTLA,LAX
3801,40663.0,HWD,LAX
3802,40672.0,HWD,LAX
3803,40683.0,LGB,LAX
3804,40685.0,HWD,LAX
3805,40698.0,UVS,LAX
3806,40717.0,ANH,LAX
3807,40721.0,ANH,LAX
3808,40723.0,ANH,LAX
3809,40750.0,DTLA,LAX
3810,40758.0,HWD,LAX
3811,40760.0,ANH,LAX
3812,40764.0,BVH,LAX
3813,40780.0,HWD,LAX
3814,40795.0,LGB,LAX
3815,40807.0,HWD,LAX
3816,40811.0,PSD,LAX
3817,40811.0,ANH,LAX
3818,40813.0,ANH,LAX
3819,40819.0,DTLA,LAX
3820,40848.0,HWD,LAX
3821,40857.0,LGB,LAX
3822,40863.0,ANH,LAX
3823,40889.0,UVS,LAX
3824,40908.0,HWD,LAX
3825,40921.0,HWD,LAX
3826,40939.0,PSD,LAX
3827,40951.0,ANH,LAX
3828,40974.0,WDHL,LAX
3829,40992.0,WDHL,LAX
3830,40998.0,WDHL,LAX
3831,41015.0,HWD,LAX
3832,41024.0,ANH,LAX
3833,41033.0,ANH,LAX
3834,41052.0,BVH,LAX
3835,41060.0,DTLA,LAX
3836,41081.0,DTLA,LAX
3837,41087.0,BVH,LAX
3838,41094.0,UVS,LAX
3839,41166.0,HWD,LAX
3840,41168.0,HWD,LAX
3841,41168.0,UVS,LAX
3842,41177.0,ANH,LAX
3843,41179.0,HWD,LAX
3844,41181.0,ANH,LAX
3845,41186.0,DTLA,LAX
3846,41194.0,PSD,LAX
3847,41204.0,LGB,LAX
3848,41207.0,HWD,LAX
3849,41213.0,PSD,LAX
3850,41215.0,DTLA,LAX
3851,41233.0,DTLA,LAX
3852,41240.0,HWD,LAX
3853,41246.0,WDHL,LAX
3854,41248.0,WDHL,LAX
3855,41249.0,BVH,LAX
3856,41254.0,ANH,LAX
3857,41292.0,HWD,LAX
3858,41297.0,ANH,LAX
3859,41305.0,DTLA,LAX
3860,41331.0,HWD,LAX
3861,41348.0,ANH,LAX
3862,41359.0,ANH,LAX
3863,41370.0,DTLA,LAX
3864,41374.0,ANH,LAX
3865,41379.0,PSD,LAX
3866,41388.0,HWD,LAX
3867,41388.0,PSD,LAX
3868,41396.0,DTLA,LAX
3869,41398.0,LGB,LAX
3870,41403.0,ANH,LAX
3871,41409.0,BVH,LAX
3872,41432.0,HWD,LAX
3873,41438.0,HWD,LAX
3874,41439.0,BVH,LAX
3875,41441.0,ANH,LAX
3876,41449.0,LGB,LAX
3877,41455.0,ANH,LAX
3878,41475.0,ANH,LAX
3879,41476.0,ANH,LAX
3880,41491.0,HWD,LAX
3881,41504.0,ANH,LAX
3882,41517.0,ANH,LAX
3883,41524.0,HWD,LAX
3884,41530.0,ANH,LAX
3885,41546.0,PSD,LAX
3886,41573.0,HWD,LAX
3887,41580.0,BVH,LAX
3888,41585.0,BVH,LAX
3889,41605.0,DTLA,LAX
3890,41608.0,LGB,LAX
3891,41613.0,HWD,LAX
3892,41623.0,PSD,LAX
3893,41626.0,HWD,LAX
3894,41629.0,DTLA,LAX
3895,41630.0,PSD,LAX
3896,41634.0,HWD,LAX
3897,41643.0,PSD,LAX
3898,41646.0,DTLA,LAX
3899,41650.0,DTLA,LAX
3900,41664.0,HWD,LAX
3901,41672.0,DTLA,LAX
3902,41674.0,PSD,LAX
3903,41675.0,LGB,LAX
3904,41678.0,DTLA,LAX
3905,41693.0,LGB,LAX
3906,41707.0,UVS,LAX
3907,41718.0,LGB,LAX
3908,41778.0,ANH,LAX
3909,41794.0,DTLA,LAX
3910,41814.0,ANH,LAX
3911,41837.0,DTLA,LAX
3912,41843.0,ANH,LAX
3913,41854.0,DTLA,LAX
3914,41858.0,ANH,LAX
3915,41871.0,DTLA,LAX
3916,41884.0,BVH,LAX
3917,41910.0,PSD,LAX
3918,41920.0,HWD,LAX
3919,41921.0,UVS,LAX
3920,41931.0,LGB,LAX
3921,41946.0,ANH,LAX
3922,41952.0,HWD,LAX
3923,41955.0,PSD,LAX
3924,41974.0,DTLA,LAX
3925,41987.0,LGB,LAX
3926,42002.0,DTLA,LAX
3927,42016.0,ANH,LAX
3928,42030.0,DTLA,LAX
3929,42031.0,DTLA,LAX
3930,42035.0,DTLA,LAX
3931,42046.0,BVH,LAX
3932,42065.0,HWD,LAX
3933,42066.0,ANH,LAX
3934,42074.0,WDHL,LAX
3935,42082.0,WDHL,LAX
3936,42083.0,ANH,LAX
3937,42111.0,BVH,LAX
3938,42115.0,LGB,LAX
3939,42125.0,HWD,LAX
3940,42132.0,LGB,LAX
3941,42147.0,BVH,LAX
3942,42152.0,DTLA,LAX
3943,42158.0,LGB,LAX
3944,42160.0,ANH,LAX
3945,42180.0,HWD,LAX
3946,42216.0,PSD,LAX
3947,42219.0,BVH,LAX
3948,42227.0,DTLA,LAX
3949,42229.0,UVS,LAX
3950,42241.0,LGB,LAX
3951,42258.0,ANH,LAX
3952,42269.0,LGB,LAX
3953,42287.0,PSD,LAX
3954,42298.0,PSD,LAX
3955,42298.0,BVH,LAX
3956,42305.0,LGB,LAX
3957,42306.0,DTLA,LAX
3958,42329.0,HWD,LAX
3959,42329.0,LGB,LAX
3960,42331.0,ANH,LAX
3961,42366.0,LGB,LAX
3962,42367.0,DTLA,LAX
3963,42368.0,PSD,LAX
3964,42372.0,UVS,LAX
3965,42381.0,DTLA,LAX
3966,42395.0,UVS,LAX
3967,42411.0,UVS,LAX
3968,42432.0,ANH,LAX
3969,42433.0,ANH,LAX
3970,42447.0,LGB,LAX
3971,42469.0,HWD,LAX
3972,42500.0,ANH,LAX
3973,42505.0,UVS,LAX
3974,42531.0,PSD,LAX
3975,42532.0,LGB,LAX
3976,42541.0,HWD,LAX
3977,42577.0,ANH,LAX
3978,42581.0,BVH,LAX
3979,42582.0,UVS,LAX
3980,42583.0,ANH,LAX
3981,42587.0,UVS,LAX
3982,42604.0,ANH,LAX
3983,42606.0,BVH,LAX
3984,42611.0,DTLA,LAX
3985,42648.0,LGB,LAX
3986,42653.0,DTLA,LAX
3987,42654.0,BVH,LAX
3988,42673.0,DTLA,LAX
3989,42674.0,ANH,LAX
3990,42678.0,DTLA,LAX
3991,42679.0,UVS,LAX
3992,42679.0,ANH,LAX
3993,42701.0,PSD,LAX
3994,42712.0,HWD,LAX
3995,42720.0,HWD,LAX
3996,42721.0,ANH,LAX
3997,42734.0,LGB,LAX
3998,42753.0,LGB,LAX
3999,42754.0,LGB,LAX
4000,42755.0,LGB,LAX
4001,42763.0,UVS,LAX
4002,42769.0,ANH,LAX
4003,42771.0,ANH,LAX
4004,42785.0,HWD,LAX
4005,42787.0,DTLA,LAX
4006,42790.0,ANH,LAX
4007,42810.0,DTLA,LAX
4008,42831.0,ANH,LAX
4009,42843.0,DTLA,LAX
4010,42855.0,LGB,LAX
4011,42860.0,DTLA,LAX
4012,42862.0,DTLA,LAX
4013,42865.0,UVS,LAX
4014,42872.0,DTLA,LAX
4015,42896.0,ANH,LAX
4016,42898.0,BVH,LAX
4017,42912.0,WDHL,LAX
4018,42956.0,LGB,LAX
4019,42973.0,WDHL,LAX
4020,42986.0,PSD,LAX
4021,42996.0,ANH,LAX
4022,42997.0,ANH,LAX
4023,43001.0,DTLA,LAX
4024,43014.0,LGB,LAX
4025,43015.0,LGB,LAX
4026,43023.0,ANH,LAX
4027,43032.0,DTLA,LAX
4028,43035.0,HWD,LAX
4029,43041.0,ANH,LAX
4030,43053.0,LGB,LAX
4031,43071.0,LGB,LAX
4032,43072.0,DTLA,LAX
4033,43074.0,ANH,LAX
4034,43089.0,DTLA,LAX
4035,43090.0,LGB,LAX
4036,43091.0,DTLA,LAX
4037,43095.0,LGB,LAX
4038,43096.0,PSD,LAX
4039,43114.0,LGB,LAX
4040,43140.0,BVH,LAX
4041,43158.0,ANH,LAX
4042,43158.0,BVH,LAX
4043,43172.0,WDHL,LAX
4044,43176.0,LGB,LAX
4045,43199.0,DTLA,LAX
4046,43200.0,DTLA,LAX
4047,43227.0,ANH,LAX
4048,43231.0,PSD,LAX
4049,43244.0,DTLA,LAX
4050,43260.0,HWD,LAX
4051,43269.0,ANH,LAX
4052,43287.0,DTLA,LAX
4053,43287.0,LGB,LAX
4054,43292.0,HWD,LAX
4055,43292.0,PSD,LAX
4056,43309.0,ANH,LAX
4057,43311.0,PSD,LAX
4058,43315.0,ANH,LAX
4059,43325.0,LGB,LAX
4060,43356.0,HWD,LAX
4061,43366.0,HWD,LAX
4062,43371.0,PSD,LAX
4063,43377.0,LGB,LAX
4064,43394.0,ANH,LAX
4065,43401.0,HWD,LAX
4066,43413.0,BVH,LAX
4067,43440.0,HWD,LAX
4068,43443.0,LGB,LAX
4069,43453.0,ANH,LAX
4070,43457.0,HWD,LAX
4071,43473.0,ANH,LAX
4072,43475.0,DTLA,LAX
4073,43489.0,DTLA,LAX
4074,43490.0,PSD,LAX
4075,43530.0,BVH,LAX
4076,43534.0,BVH,LAX
4077,43535.0,ANH,LAX
4078,43542.0,PSD,LAX
4079,43572.0,ANH,LAX
4080,43576.0,DTLA,LAX
4081,43598.0,ANH,LAX
4082,43602.0,DTLA,LAX
4083,43606.0,PSD,LAX
4084,43626.0,HWD,LAX
4085,43631.0,LGB,LAX
4086,43638.0,ANH,LAX
4087,43640.0,DTLA,LAX
4088,43653.0,BVH,LAX
4089,43661.0,PSD,LAX
4090,43667.0,ANH,LAX
4091,43668.0,PSD,LAX
4092,43702.0,DTLA,LAX
4093,43716.0,ANH,LAX
4094,43728.0,HWD,LAX
4095,43754.0,PSD,LAX
4096,43759.0,WDHL,LAX
4097,43787.0,DTLA,LAX
4098,43804.0,PSD,LAX
4099,43811.0,ANH,LAX
4100,43837.0,DTLA,LAX
4101,43846.0,PSD,LAX
4102,43846.0,DTLA,LAX
4103,43856.0,DTLA,LAX
4104,43875.0,WDHL,LAX
4105,43886.0,DTLA,LAX
4106,43919.0,UVS,LAX
4107,43922.0,DTLA,LAX
4108,43932.0,LGB,LAX
4109,43940.0,BVH,LAX
4110,43943.0,DTLA,LAX
4111,43961.0,DTLA,LAX
4112,43965.0,PSD,LAX
4113,43974.0,DTLA,LAX
4114,43989.0,BVH,LAX
4115,44010.0,PSD,LAX
4116,44031.0,ANH,LAX
4117,44058.0,DTLA,LAX
4118,44064.0,PSD,LAX
4119,44066.0,DTLA,LAX
4120,44072.0,LGB,LAX
4121,44072.0,HWD,LAX
4122,44086.0,UVS,LAX
4123,44086.0,WDHL,LAX
4124,44095.0,BVH,LAX
4125,44096.0,PSD,LAX
4126,44110.0,LGB,LAX
4127,44116.0,HWD,LAX
4128,44123.0,UVS,LAX
4129,44126.0,ANH,LAX
4130,44137.0,HWD,LAX
4131,44138.0,WDHL,LAX
4132,44148.0,WDHL,LAX
4133,44163.0,ANH,LAX
4134,44171.0,BVH,LAX
4135,44173.0,PSD,LAX
4136,44176.0,DTLA,LAX
4137,44188.0,WDHL,LAX
4138,44189.0,BVH,LAX
4139,44201.0,ANH,LAX
4140,44223.0,WDHL,LAX
4141,44227.0,PSD,LAX
4142,44262.0,PSD,LAX
4143,44270.0,HWD,LAX
4144,44276.0,UVS,LAX
4145,44280.0,PSD,LAX
4146,44281.0,LGB,LAX
4147,44291.0,ANH,LAX
4148,44301.0,HWD,LAX
4149,44309.0,ANH,LAX
4150,44320.0,DTLA,LAX
4151,44329.0,PSD,LAX
4152,44356.0,DTLA,LAX
4153,44357.0,ANH,LAX
4154,44398.0,HWD,LAX
4155,44416.0,ANH,LAX
4156,44418.0,BVH,LAX
4157,44441.0,LGB,LAX
4158,44441.0,DTLA,LAX
4159,44446.0,DTLA,LAX
4160,44455.0,PSD,LAX
4161,44456.0,ANH,LAX
4162,44481.0,DTLA,LAX
4163,44483.0,DTLA,LAX
4164,44514.0,PSD,LAX
4165,44525.0,DTLA,LAX
4166,44539.0,ANH,LAX
4167,44562.0,PSD,LAX
4168,44566.0,BVH,LAX
4169,44567.0,DTLA,LAX
4170,44587.0,HWD,LAX
4171,44596.0,ANH,LAX
4172,44599.0,HWD,LAX
4173,44606.0,HWD,LAX
4174,44633.0,WDHL,LAX
4175,44634.0,HWD,LAX
4176,44645.0,ANH,LAX
4177,44646.0,HWD,LAX
4178,44646.0,DTLA,LAX
4179,44660.0,UVS,LAX
4180,44666.0,DTLA,LAX
4181,44674.0,DTLA,LAX
4182,44696.0,DTLA,LAX
4183,44706.0,HWD,LAX
4184,44708.0,LGB,LAX
4185,44712.0,HWD,LAX
4186,44722.0,BVH,LAX
4187,44723.0,DTLA,LAX
4188,44731.0,ANH,LAX
4189,44731.0,PSD,LAX
4190,44735.0,DTLA,LAX
4191,44740.0,DTLA,LAX
4192,44767.0,DTLA,LAX
4193,44768.0,HWD,LAX
4194,44770.0,LGB,LAX
4195,44773.0,DTLA,LAX
4196,44788.0,DTLA,LAX
4197,44791.0,DTLA,LAX
4198,44791.0,PSD,LAX
4199,44794.0,DTLA,LAX
4200,44803.0,HWD,LAX
4201,44808.0,DTLA,LAX
4202,44820.0,DTLA,LAX
4203,44830.0,BVH,LAX
4204,44835.0,DTLA,LAX
4205,44851.0,ANH,LAX
4206,44860.0,WDHL,LAX
4207,44862.0,ANH,LAX
4208,44887.0,HWD,LAX
4209,44889.0,DTLA,LAX
4210,44916.0,LGB,LAX
4211,44932.0,HWD,LAX
4212,44934.0,DTLA,LAX
4213,44938.0,ANH,LAX
4214,44947.0,BVH,LAX
4215,44975.0,HWD,LAX
4216,44987.0,ANH,LAX
4217,44987.0,WDHL,LAX
4218,44990.0,BVH,LAX
4219,45003.0,HWD,LAX
4220,45005.0,ANH,LAX
4221,45008.0,HWD,LAX
4222,45026.0,LGB,LAX
4223,45030.0,ANH,LAX
4224,45047.0,DTLA,LAX
4225,45066.0,DTLA,LAX
4226,45070.0,HWD,LAX
4227,45094.0,DTLA,LAX
4228,45105.0,DTLA,LAX
4229,45105.0,HWD,LAX
4230,45111.0,HWD,LAX
4231,45135.0,DTLA,LAX
4232,45135.0,HWD,LAX
4233,45137.0,ANH,LAX
4234,45140.0,DTLA,LAX
4235,45157.0,ANH,LAX
4236,45161.0,ANH,LAX
4237,45169.0,ANH,LAX
4238,45175.0,DTLA,LAX
4239,45176.0,DTLA,LAX
4240,45186.0,LGB,LAX
4241,45188.0,DTLA,LAX
4242,45195.0,ANH,LAX
4243,45210.0,DTLA,LAX
4244,45266.0,DTLA,LAX
4245,45285.0,HWD,LAX
4246,45289.0,ANH,LAX
4247,45312.0,BVH,LAX
4248,45317.0,DTLA,LAX
4249,45319.0,HWD,LAX
4250,45327.0,ANH,LAX
4251,45339.0,PSD,LAX
4252,45370.0,PSD,LAX
4253,45374.0,BVH,LAX
4254,45417.0,DTLA,LAX
4255,45417.0,WDHL,LAX
4256,45422.0,PSD,LAX
4257,45423.0,LGB,LAX
4258,45423.0,HWD,LAX
4259,45433.0,DTLA,LAX
4260,45433.0,DTLA,LAX
4261,45445.0,UVS,LAX
4262,45453.0,ANH,LAX
4263,45464.0,WDHL,LAX
4264,45501.0,DTLA,LAX
4265,45514.0,PSD,LAX
4266,45526.0,ANH,LAX
4267,45536.0,PSD,LAX
4268,45545.0,HWD,LAX
4269,45551.0,HWD,LAX
4270,45562.0,DTLA,LAX
4271,45580.0,ANH,LAX
4272,45580.0,BVH,LAX
4273,45600.0,ANH,LAX
4274,45606.0,BVH,LAX
4275,45614.0,PSD,LAX
4276,45618.0,DTLA,LAX
4277,45623.0,UVS,LAX
4278,45623.0,ANH,LAX
4279,45632.0,ANH,LAX
4280,45635.0,DTLA,LAX
4281,45638.0,DTLA,LAX
4282,45644.0,LGB,LAX
4283,45650.0,ANH,LAX
4284,45671.0,ANH,LAX
4285,45677.0,DTLA,LAX
4286,45679.0,ANH,LAX
4287,45689.0,PSD,LAX
4288,45691.0,UVS,LAX
4289,45692.0,HWD,LAX
4290,45717.0,DTLA,LAX
4291,45723.0,ANH,LAX
4292,45725.0,BVH,LAX
4293,45727.0,DTLA,LAX
4294,45731.0,BVH,LAX
4295,45740.0,LGB,LAX
4296,45743.0,PSD,LAX
4297,45752.0,WDHL,LAX
4298,45756.0,ANH,LAX
4299,45779.0,HWD,LAX
4300,45784.0,WDHL,LAX
4301,45788.0,HWD,LAX
4302,45791.0,BVH,LAX
4303,45799.0,ANH,LAX
4304,45820.0,ANH,LAX
4305,45821.0,WDHL,LAX
4306,45832.0,ANH,LAX
4307,45848.0,DTLA,LAX
4308,45849.0,BVH,LAX
4309,45856.0,HWD,LAX
4310,45857.0,PSD,LAX
4311,45870.0,ANH,LAX
4312,45882.0,BVH,LAX
4313,45889.0,DTLA,LAX
4314,45899.0,ANH,LAX
4315,45932.0,DTLA,LAX
4316,45933.0,UVS,LAX
4317,45933.0,LGB,LAX
4318,45968.0,ANH,LAX
4319,45969.0,ANH,LAX
4320,45980.0,DTLA,LAX
4321,45998.0,ANH,LAX
4322,46010.0,DTLA,LAX
4323,46011.0,ANH,LAX
4324,46014.0,DTLA,LAX
4325,46016.0,BVH,LAX
4326,46018.0,DTLA,LAX
4327,46022.0,LGB,LAX
4328,46031.0,ANH,LAX
4329,46037.0,DTLA,LAX
4330,46039.0,HWD,LAX
4331,46063.0,DTLA,LAX
4332,46072.0,DTLA,LAX
4333,46098.0,WDHL,LAX
4334,46104.0,DTLA,LAX
4335,46122.0,UVS,LAX
4336,46150.0,DTLA,LAX
4337,46185.0,ANH,LAX
4338,46206.0,HWD,LAX
4339,46212.0,BVH,LAX
4340,46222.0,WDHL,LAX
4341,46236.0,PSD,LAX
4342,46254.0,UVS,LAX
4343,46270.0,ANH,LAX
4344,46279.0,DTLA,LAX
4345,46287.0,PSD,LAX
4346,46292.0,HWD,LAX
4347,46303.0,DTLA,LAX
4348,46317.0,WDHL,LAX
4349,46331.0,ANH,LAX
4350,46334.0,WDHL,LAX
4351,46354.0,DTLA,LAX
4352,46359.0,UVS,LAX
4353,46366.0,ANH,LAX
4354,46369.0,BVH,LAX
4355,46371.0,HWD,LAX
4356,46374.0,DTLA,LAX
4357,46374.0,HWD,LAX
4358,46375.0,DTLA,LAX
4359,46382.0,LGB,LAX
4360,46387.0,DTLA,LAX
4361,46396.0,HWD,LAX
4362,46410.0,ANH,LAX
4363,46418.0,LGB,LAX
4364,46428.0,ANH,LAX
4365,46433.0,ANH,LAX
4366,46455.0,DTLA,LAX
4367,46460.0,DTLA,LAX
4368,46502.0,ANH,LAX
4369,46512.0,PSD,LAX
4370,46513.0,DTLA,LAX
4371,46524.0,ANH,LAX
4372,46526.0,LGB,LAX
4373,46533.0,HWD,LAX
4374,46540.0,HWD,LAX
4375,46548.0,BVH,LAX
4376,46575.0,LGB,LAX
4377,46600.0,BVH,LAX
4378,46607.0,LGB,LAX
4379,46621.0,PSD,LAX
4380,46635.0,DTLA,LAX
4381,46647.0,ANH,LAX
4382,46649.0,ANH,LAX
4383,46649.0,LGB,LAX
4384,46673.0,PSD,LAX
4385,46685.0,DTLA,LAX
4386,46752.0,UVS,LAX
4387,46756.0,PSD,LAX
4388,46757.0,LGB,LAX
4389,46761.0,BVH,LAX
4390,46790.0,DTLA,LAX
4391,46795.0,LGB,LAX
4392,46803.0,WDHL,LAX
4393,46806.0,PSD,LAX
4394,46810.0,ANH,LAX
4395,46811.0,HWD,LAX
4396,46819.0,ANH,LAX
4397,46824.0,WDHL,LAX
4398,46829.0,ANH,LAX
4399,46830.0,LGB,LAX
4400,46830.0,LGB,LAX
4401,46838.0,HWD,LAX
4402,46842.0,DTLA,LAX
4403,46848.0,BVH,LAX
4404,46857.0,DTLA,LAX
4405,46873.0,LGB,LAX
4406,46892.0,BVH,LAX
4407,46899.0,DTLA,LAX
4408,46909.0,DTLA,LAX
4409,46916.0,DTLA,LAX
4410,46932.0,ANH,LAX
4411,46947.0,LGB,LAX
4412,46961.0,HWD,LAX
4413,46962.0,HWD,LAX
4414,46977.0,ANH,LAX
4415,47012.0,ANH,LAX
4416,47020.0,DTLA,LAX
4417,47033.0,PSD,LAX
4418,47034.0,HWD,LAX
4419,47042.0,DTLA,LAX
4420,47059.0,DTLA,LAX
4421,47060.0,UVS,LAX
4422,47068.0,DTLA,LAX
4423,47073.0,HWD,LAX
4424,47076.0,HWD,LAX
4425,47087.0,DTLA,LAX
4426,47098.0,DTLA,LAX
4427,47099.0,LGB,LAX
4428,47102.0,ANH,LAX
4429,47105.0,WDHL,LAX
4430,47162.0,HWD,LAX
4431,47169.0,PSD,LAX
4432,47175.0,DTLA,LAX
4433,47177.0,DTLA,LAX
4434,47202.0,HWD,LAX
4435,47214.0,DTLA,LAX
4436,47217.0,ANH,LAX
4437,47218.0,WDHL,LAX
4438,47224.0,DTLA,LAX
4439,47227.0,DTLA,LAX
4440,47232.0,ANH,LAX
4441,47247.0,ANH,LAX
4442,47254.0,ANH,LAX
4443,47254.0,ANH,LAX
4444,47259.0,ANH,LAX
4445,47273.0,BVH,LAX
4446,47282.0,UVS,LAX
4447,47286.0,LGB,LAX
4448,47300.0,ANH,LAX
4449,47307.0,DTLA,LAX
4450,47316.0,WDHL,LAX
4451,47322.0,DTLA,LAX
4452,47330.0,HWD,LAX
4453,47330.0,LGB,LAX
4454,47354.0,LGB,LAX
4455,47356.0,HWD,LAX
4456,47362.0,BVH,LAX
4457,47364.0,ANH,LAX
4458,47366.0,BVH,LAX
4459,47372.0,HWD,LAX
4460,47379.0,HWD,LAX
4461,47395.0,LGB,LAX
4462,47411.0,BVH,LAX
4463,47427.0,LGB,LAX
4464,47432.0,LGB,LAX
4465,47433.0,ANH,LAX
4466,47436.0,DTLA,LAX
4467,47439.0,UVS,LAX
4468,47451.0,BVH,LAX
4469,47452.0,LGB,LAX
4470,47457.0,BVH,LAX
4471,47470.0,ANH,LAX
4472,47471.0,HWD,LAX
4473,47482.0,HWD,LAX
4474,47497.0,LGB,LAX
4475,47505.0,DTLA,LAX
4476,47520.0,WDHL,LAX
4477,47567.0,DTLA,LAX
4478,47573.0,ANH,LAX
4479,47576.0,DTLA,LAX
4480,47598.0,LGB,LAX
4481,47624.0,PSD,LAX
4482,47624.0,DTLA,LAX
4483,47658.0,WDHL,LAX
4484,47675.0,ANH,LAX
4485,47680.0,LGB,LAX
4486,47694.0,ANH,LAX
4487,47694.0,LGB,LAX
4488,47710.0,BVH,LAX
4489,47713.0,LGB,LAX
4490,47724.0,ANH,LAX
4491,47743.0,PSD,LAX
4492,47745.0,WDHL,LAX
4493,47753.0,LGB,LAX
4494,47760.0,HWD,LAX
4495,47771.0,HWD,LAX
4496,47774.0,ANH,LAX
4497,47777.0,LGB,LAX
4498,47800.0,PSD,LAX
4499,47801.0,PSD,LAX
4500,47808.0,BVH,LAX
4501,47808.0,DTLA,LAX
4502,47819.0,UVS,LAX
4503,47827.0,LGB,LAX
4504,47845.0,PSD,LAX
4505,47863.0,PSD,LAX
4506,47866.0,BVH,LAX
4507,47870.0,WDHL,LAX
4508,47872.0,LGB,LAX
4509,47884.0,DTLA,LAX
4510,47885.0,UVS,LAX
4511,47889.0,DTLA,LAX
4512,47896.0,BVH,LAX
4513,47901.0,HWD,LAX
4514,47916.0,LGB,LAX
4515,47918.0,DTLA,LAX
4516,47922.0,HWD,LAX
4517,47924.0,WDHL,LAX
4518,47930.0,UVS,LAX
4519,47932.0,ANH,LAX
4520,47935.0,HWD,LAX
4521,47937.0,UVS,LAX
4522,47958.0,ANH,LAX
4523,47968.0,WDHL,LAX
4524,47973.0,LGB,LAX
4525,47974.0,WDHL,LAX
4526,47978.0,HWD,LAX
4527,47998.0,LGB,LAX
4528,48004.0,ANH,LAX
4529,48010.0,WDHL,LAX
4530,48011.0,HWD,LAX
4531,48018.0,DTLA,LAX
4532,48036.0,ANH,LAX
4533,48049.0,DTLA,LAX
4534,48073.0,UVS,LAX
4535,48074.0,HWD,LAX
4536,48096.0,DTLA,LAX
4537,48101.0,HWD,LAX
4538,48111.0,LGB,LAX
4539,48115.0,UVS,LAX
4540,48132.0,DTLA,LAX
4541,48133.0,DTLA,LAX
4542,48133.0,HWD,LAX
4543,48133.0,HWD,LAX
4544,48138.0,ANH,LAX
4545,48139.0,LGB,LAX
4546,48161.0,ANH,LAX
4547,48167.0,BVH,LAX
4548,48176.0,DTLA,LAX
4549,48180.0,HWD,LAX
4550,48182.0,ANH,LAX
4551,48184.0,HWD,LAX
4552,48192.0,ANH,LAX
4553,48200.0,DTLA,LAX
4554,48200.0,ANH,LAX
4555,48201.0,LGB,LAX
4556,48206.0,BVH,LAX
4557,48215.0,LGB,LAX
4558,48219.0,DTLA,LAX
4559,48222.0,WDHL,LAX
4560,48231.0,DTLA,LAX
4561,48236.0,LGB,LAX
4562,48248.0,WDHL,LAX
4563,48263.0,HWD,LAX
4564,48263.0,DTLA,LAX
4565,48265.0,PSD,LAX
4566,48279.0,HWD,LAX
4567,48286.0,BVH,LAX
4568,48288.0,BVH,LAX
4569,48297.0,ANH,LAX
4570,48308.0,BVH,LAX
4571,48319.0,DTLA,LAX
4572,48331.0,HWD,LAX
4573,48333.0,BVH,LAX
4574,48347.0,BVH,LAX
4575,48354.0,DTLA,LAX
4576,48365.0,PSD,LAX
4577,48369.0,BVH,LAX
4578,48371.0,PSD,LAX
4579,48371.0,DTLA,LAX
4580,48373.0,LGB,LAX
4581,48374.0,ANH,LAX
4582,48375.0,LGB,LAX
4583,48381.0,LGB,LAX
4584,48383.0,BVH,LAX
4585,48390.0,BVH,LAX
4586,48407.0,HWD,LAX
4587,48412.0,LGB,LAX
4588,48430.0,DTLA,LAX
4589,48439.0,UVS,LAX
4590,48471.0,ANH,LAX
4591,48486.0,BVH,LAX
4592,48489.0,WDHL,LAX
4593,48514.0,ANH,LAX
4594,48539.0,BVH,LAX
4595,48545.0,ANH,LAX
4596,48546.0,ANH,LAX
4597,48570.0,PSD,LAX
4598,48570.0,LGB,LAX
4599,48571.0,BVH,LAX
4600,48584.0,ANH,LAX
4601,48591.0,DTLA,LAX
4602,48613.0,HWD,LAX
4603,48613.0,DTLA,LAX
4604,48625.0,HWD,LAX
4605,48634.0,BVH,LAX
4606,48642.0,ANH,LAX
4607,48644.0,DTLA,LAX
4608,48660.0,ANH,LAX
4609,48662.0,ANH,LAX
4610,48665.0,BVH,LAX
4611,48672.0,HWD,LAX
4612,48675.0,ANH,LAX
4613,48680.0,PSD,LAX
4614,48681.0,DTLA,LAX
4615,48684.0,HWD,LAX
4616,48692.0,DTLA,LAX
4617,48709.0,UVS,LAX
4618,48713.0,DTLA,LAX
4619,48728.0,HWD,LAX
4620,48732.0,DTLA,LAX
4621,48733.0,WDHL,LAX
4622,48753.0,ANH,LAX
4623,48762.0,ANH,LAX
4624,48769.0,ANH,LAX
4625,48770.0,ANH,LAX
4626,48777.0,PSD,LAX
4627,48783.0,DTLA,LAX
4628,48795.0,BVH,LAX
4629,48797.0,DTLA,LAX
4630,48798.0,HWD,LAX
4631,48799.0,HWD,LAX
4632,48800.0,ANH,LAX
4633,48807.0,HWD,LAX
4634,48823.0,ANH,LAX
4635,48824.0,BVH,LAX
4636,48826.0,ANH,LAX
4637,48857.0,DTLA,LAX
4638,48870.0,DTLA,LAX
4639,48871.0,ANH,LAX
4640,48879.0,LGB,LAX
4641,48880.0,DTLA,LAX
4642,48893.0,DTLA,LAX
4643,48893.0,UVS,LAX
4644,48914.0,PSD,LAX
4645,48916.0,ANH,LAX
4646,48927.0,DTLA,LAX
4647,48930.0,PSD,LAX
4648,48939.0,DTLA,LAX
4649,48946.0,LGB,LAX
4650,48946.0,DTLA,LAX
4651,48950.0,ANH,LAX
4652,48960.0,DTLA,LAX
4653,48964.0,HWD,LAX
4654,48981.0,BVH,LAX
4655,49001.0,LGB,LAX
4656,49003.0,DTLA,LAX
4657,49010.0,HWD,LAX
4658,49012.0,DTLA,LAX
4659,49016.0,PSD,LAX
4660,49023.0,LGB,LAX
4661,49023.0,LGB,LAX
4662,49028.0,DTLA,LAX
4663,49031.0,DTLA,LAX
4664,49034.0,ANH,LAX
4665,49040.0,ANH,LAX
4666,49042.0,ANH,LAX
4667,49045.0,HWD,LAX
4668,49056.0,PSD,LAX
4669,49056.0,ANH,LAX
4670,49067.0,ANH,LAX
4671,49068.0,DTLA,LAX
4672,49082.0,BVH,LAX
4673,49084.0,PSD,LAX
4674,49097.0,HWD,LAX
4675,49127.0,LGB,LAX
4676,49142.0,ANH,LAX
4677,49147.0,HWD,LAX
4678,49174.0,WDHL,LAX
4679,49177.0,ANH,LAX
4680,49179.0,HWD,LAX
4681,49190.0,HWD,LAX
4682,49198.0,DTLA,LAX
4683,49218.0,ANH,LAX
4684,49224.0,ANH,LAX
4685,49262.0,DTLA,LAX
4686,49265.0,ANH,LAX
4687,49271.0,PSD,LAX
4688,49272.0,DTLA,LAX
4689,49276.0,ANH,LAX
4690,49283.0,BVH,LAX
4691,49298.0,LGB,LAX
4692,49316.0,DTLA,LAX
4693,49320.0,DTLA,LAX
4694,49331.0,LGB,LAX
4695,49337.0,HWD,LAX
4696,49346.0,BVH,LAX
4697,49350.0,ANH,LAX
4698,49371.0,UVS,LAX
4699,49380.0,BVH,LAX
4700,49400.0,BVH,LAX
4701,49405.0,WDHL,LAX
4702,49414.0,ANH,LAX
4703,49430.0,DTLA,LAX
4704,49433.0,BVH,LAX
4705,49452.0,ANH,LAX
4706,49453.0,DTLA,LAX
4707,49472.0,DTLA,LAX
4708,49475.0,HWD,LAX
4709,49479.0,ANH,LAX
4710,49484.0,ANH,LAX
4711,49489.0,BVH,LAX
4712,49495.0,DTLA,LAX
4713,49499.0,HWD,LAX
4714,49506.0,DTLA,LAX
4715,49510.0,DTLA,LAX
4716,49511.0,ANH,LAX
4717,49540.0,DTLA,LAX
4718,49542.0,WDHL,LAX
4719,49568.0,ANH,LAX
4720,49574.0,DTLA,LAX
4721,49574.0,DTLA,LAX
4722,49597.0,HWD,LAX
4723,49602.0,PSD,LAX
4724,49606.0,PSD,LAX
4725,49615.0,BVH,LAX
4726,49617.0,ANH,LAX
4727,49635.0,HWD,LAX
4728,49638.0,UVS,LAX
4729,49661.0,ANH,LAX
4730,49673.0,HWD,LAX
4731,49692.0,ANH,LAX
4732,49713.0,LGB,LAX
4733,49714.0,DTLA,LAX
4734,49716.0,DTLA,LAX
4735,49722.0,WDHL,LAX
4736,49740.0,ANH,LAX
4737,49758.0,BVH,LAX
4738,49768.0,DTLA,LAX
4739,49775.0,DTLA,LAX
4740,49787.0,DTLA,LAX
4741,49790.0,DTLA,LAX
4742,49791.0,DTLA,LAX
4743,49801.0,HWD,LAX
4744,49817.0,BVH,LAX
4745,49842.0,HWD,LAX
4746,49856.0,BVH,LAX
4747,49869.0,DTLA,LAX
4748,49876.0,HWD,LAX
4749,49879.0,DTLA,LAX
4750,49885.0,BVH,LAX
4751,49919.0,HWD,LAX
4752,49924.0,DTLA,LAX
4753,49928.0,UVS,LAX
4754,49961.0,BVH,LAX
4755,49972.0,LGB,LAX
4756,49979.0,PSD,LAX
4757,49980.0,HWD,LAX
4758,49993.0,DTLA,LAX
4759,50002.0,PSD,LAX
4760,50008.0,LGB,LAX
4761,50011.0,LGB,LAX
4762,50026.0,HWD,LAX
4763,50029.0,PSD,LAX
4764,50034.0,BVH,LAX
4765,50048.0,LGB,LAX
4766,50060.0,ANH,LAX
4767,50071.0,UVS,LAX
4768,50073.0,UVS,LAX
4769,50083.0,PSD,LAX
4770,50088.0,DTLA,LAX
4771,50099.0,PSD,LAX
4772,50105.0,BVH,LAX
4773,50124.0,DTLA,LAX
4774,50128.0,DTLA,LAX
4775,50130.0,ANH,LAX
4776,50142.0,BVH,LAX
4777,50170.0,BVH,LAX
4778,50183.0,UVS,LAX
4779,50188.0,DTLA,LAX
4780,50191.0,DTLA,LAX
4781,50196.0,DTLA,LAX
4782,50247.0,DTLA,LAX
4783,50252.0,HWD,LAX
4784,50265.0,HWD,LAX
4785,50294.0,PSD,LAX
4786,50298.0,DTLA,LAX
4787,50306.0,UVS,LAX
4788,50334.0,DTLA,LAX
4789,50355.0,PSD,LAX
4790,50360.0,PSD,LAX
4791,50378.0,ANH,LAX
4792,50379.0,BVH,LAX
4793,50387.0,UVS,LAX
4794,50393.0,ANH,LAX
4795,50412.0,PSD,LAX
4796,50414.0,ANH,LAX
4797,50440.0,ANH,LAX
4798,50460.0,LGB,LAX
4799,50473.0,PSD,LAX
4800,50473.0,DTLA,LAX
4801,50478.0,BVH,LAX
4802,50486.0,ANH,LAX
4803,50489.0,BVH,LAX
4804,50490.0,UVS,LAX
4805,50495.0,WDHL,LAX
4806,50503.0,DTLA,LAX
4807,50516.0,HWD,LAX
4808,50527.0,ANH,LAX
4809,50528.0,DTLA,LAX
4810,50531.0,HWD,LAX
4811,50565.0,DTLA,LAX
4812,50591.0,ANH,LAX
4813,50611.0,ANH,LAX
4814,50613.0,HWD,LAX
4815,50614.0,UVS,LAX
4816,50614.0,DTLA,LAX
4817,50624.0,DTLA,LAX
4818,50625.0,ANH,LAX
4819,50635.0,ANH,LAX
4820,50639.0,ANH,LAX
4821,50645.0,ANH,LAX
4822,50652.0,LGB,LAX
4823,50654.0,UVS,LAX
4824,50668.0,DTLA,LAX
4825,50674.0,BVH,LAX
4826,50685.0,PSD,LAX
4827,50720.0,HWD,LAX
4828,50722.0,WDHL,LAX
4829,50724.0,DTLA,LAX
4830,50736.0,DTLA,LAX
4831,50737.0,HWD,LAX
4832,50738.0,ANH,LAX
4833,50740.0,DTLA,LAX
4834,50747.0,DTLA,LAX
4835,50752.0,UVS,LAX
4836,50755.0,PSD,LAX
4837,50774.0,DTLA,LAX
4838,50774.0,PSD,LAX
4839,50796.0,PSD,LAX
4840,50805.0,LGB,LAX
4841,50821.0,WDHL,LAX
4842,50831.0,HWD,LAX
4843,50837.0,DTLA,LAX
4844,50840.0,ANH,LAX
4845,50855.0,ANH,LAX
4846,50865.0,DTLA,LAX
4847,50875.0,HWD,LAX
4848,50881.0,ANH,LAX
4849,50913.0,LGB,LAX
4850,50918.0,ANH,LAX
4851,50935.0,DTLA,LAX
4852,50946.0,DTLA,LAX
4853,50949.0,BVH,LAX
4854,50969.0,WDHL,LAX
4855,50973.0,PSD,LAX
4856,50980.0,PSD,LAX
4857,50989.0,ANH,LAX
4858,51016.0,PSD,LAX
4859,51025.0,BVH,LAX
4860,51035.0,LGB,LAX
4861,51054.0,BVH,LAX
4862,51074.0,DTLA,LAX
4863,51079.0,ANH,LAX
4864,51082.0,HWD,LAX
4865,51082.0,ANH,LAX
4866,51103.0,ANH,LAX
4867,51108.0,ANH,LAX
4868,51120.0,DTLA,LAX
4869,51132.0,LGB,LAX
4870,51141.0,HWD,LAX
4871,51143.0,HWD,LAX
4872,51154.0,PSD,LAX
4873,51185.0,HWD,LAX
4874,51197.0,ANH,LAX
4875,51197.0,LGB,LAX
4876,51211.0,DTLA,LAX
4877,51214.0,LGB,LAX
4878,51224.0,ANH,LAX
4879,51228.0,ANH,LAX
4880,51228.0,LGB,LAX
4881,51237.0,ANH,LAX
4882,51237.0,LGB,LAX
4883,51254.0,PSD,LAX
4884,51271.0,DTLA,LAX
4885,51285.0,LGB,LAX
4886,51308.0,HWD,LAX
4887,51315.0,LGB,LAX
4888,51334.0,LGB,LAX
4889,51341.0,HWD,LAX
4890,51342.0,PSD,LAX
4891,51353.0,WDHL,LAX
4892,51382.0,PSD,LAX
4893,51385.0,UVS,LAX
4894,51389.0,HWD,LAX
4895,51407.0,ANH,LAX
4896,51407.0,UVS,LAX
4897,51417.0,LGB,LAX
4898,51424.0,ANH,LAX
4899,51429.0,DTLA,LAX
4900,51456.0,HWD,LAX
4901,51468.0,HWD,LAX
4902,51481.0,ANH,LAX
4903,51482.0,BVH,LAX
4904,51489.0,DTLA,LAX
4905,51510.0,HWD,LAX
4906,51520.0,ANH,LAX
4907,51542.0,DTLA,LAX
4908,51545.0,DTLA,LAX
4909,51576.0,UVS,LAX
4910,51579.0,HWD,LAX
4911,51584.0,HWD,LAX
4912,51592.0,LGB,LAX
4913,51596.0,HWD,LAX
4914,51607.0,HWD,LAX
4915,51608.0,ANH,LAX
4916,51630.0,DTLA,LAX
4917,51634.0,LGB,LAX
4918,51642.0,ANH,LAX
4919,51655.0,PSD,LAX
4920,51656.0,PSD,LAX
4921,51691.0,ANH,LAX
4922,51715.0,ANH,LAX
4923,51718.0,ANH,LAX
4924,51724.0,DTLA,LAX
4925,51740.0,LGB,LAX
4926,51756.0,BVH,LAX
4927,51768.0,DTLA,LAX
4928,51775.0,HWD,LAX
4929,51790.0,PSD,LAX
4930,51792.0,ANH,LAX
4931,51802.0,ANH,LAX
4932,51829.0,BVH,LAX
4933,51844.0,DTLA,LAX
4934,51857.0,DTLA,LAX
4935,51923.0,LGB,LAX
4936,51932.0,ANH,LAX
4937,51938.0,DTLA,LAX
4938,51938.0,DTLA,LAX
4939,51940.0,PSD,LAX
4940,51956.0,HWD,LAX
4941,51959.0,DTLA,LAX
4942,51980.0,HWD,LAX
4943,51994.0,UVS,LAX
4944,51999.0,WDHL,LAX
4945,51999.0,DTLA,LAX
4946,52026.0,HWD,LAX
4947,52026.0,DTLA,LAX
4948,52031.0,PSD,LAX
4949,52047.0,ANH,LAX
4950,52056.0,PSD,LAX
4951,52057.0,DTLA,LAX
4952,52091.0,DTLA,LAX
4953,52097.0,UVS,LAX
4954,52113.0,WDHL,LAX
4955,52116.0,BVH,LAX
4956,52116.0,ANH,LAX
4957,52127.0,PSD,LAX
4958,52130.0,DTLA,LAX
4959,52139.0,LGB,LAX
4960,52169.0,ANH,LAX
4961,52174.0,DTLA,LAX
4962,52176.0,HWD,LAX
4963,52177.0,DTLA,LAX
4964,52213.0,DTLA,LAX
4965,52220.0,LGB,LAX
4966,52237.0,WDHL,LAX
4967,52244.0,HWD,LAX
4968,52259.0,UVS,LAX
4969,52264.0,WDHL,LAX
4970,52267.0,HWD,LAX
4971,52287.0,ANH,LAX
4972,52300.0,DTLA,LAX
4973,52303.0,PSD,LAX
4974,52307.0,ANH,LAX
4975,52324.0,DTLA,LAX
4976,52330.0,DTLA,LAX
4977,52347.0,ANH,LAX
4978,52360.0,WDHL,LAX
4979,52368.0,HWD,LAX
4980,52370.0,DTLA,LAX
4981,52395.0,LGB,LAX
4982,52397.0,LGB,LAX
4983,52411.0,BVH,LAX
4984,52441.0,BVH,LAX
4985,52468.0,ANH,LAX
4986,52480.0,HWD,LAX
4987,52487.0,LGB,LAX
4988,52489.0,HWD,LAX
4989,52505.0,ANH,LAX
4990,52506.0,LGB,LAX
4991,52510.0,LGB,LAX
4992,52519.0,UVS,LAX
4993,52524.0,ANH,LAX
4994,52567.0,DTLA,LAX
4995,52571.0,HWD,LAX
4996,52587.0,BVH,LAX
4997,52587.0,UVS,LAX
4998,52597.0,ANH,LAX
4999,52606.0,HWD,LAX
5000,52609.0,DTLA,LAX
5001,52617.0,WDHL,LAX
5002,52667.0,PSD,LAX
5003,52676.0,DTLA,LAX
5004,52691.0,HWD,LAX
5005,52693.0,HWD,LAX
5006,52711.0,DTLA,LAX
5007,52720.0,LGB,LAX
5008,52722.0,BVH,LAX
5009,52723.0,HWD,LAX
5010,52726.0,DTLA,LAX
5011,52734.0,ANH,LAX
5012,52736.0,WDHL,LAX
5013,52742.0,BVH,LAX
5014,52782.0,ANH,LAX
5015,52799.0,ANH,LAX
5016,52807.0,UVS,LAX
5017,52810.0,UVS,LAX
5018,52829.0,DTLA,LAX
5019,52840.0,BVH,LAX
5020,52868.0,ANH,LAX
5021,52870.0,DTLA,LAX
5022,52872.0,DTLA,LAX
5023,52874.0,DTLA,LAX
5024,52877.0,UVS,LAX
5025,52882.0,DTLA,LAX
5026,52892.0,BVH,LAX
5027,52910.0,PSD,LAX
5028,52919.0,DTLA,LAX
5029,52945.0,LGB,LAX
5030,52948.0,LGB,LAX
5031,52949.0,BVH,LAX
5032,53001.0,ANH,LAX
5033,53017.0,ANH,LAX
5034,53024.0,WDHL,LAX
5035,53031.0,WDHL,LAX
5036,53033.0,DTLA,LAX
5037,53038.0,ANH,LAX
5038,53055.0,ANH,LAX
5039,53061.0,LGB,LAX
5040,53066.0,DTLA,LAX
5041,53066.0,ANH,LAX
5042,53066.0,DTLA,LAX
5043,53077.0,WDHL,LAX
5044,53079.0,HWD,LAX
5045,53101.0,HWD,LAX
5046,53105.0,ANH,LAX
5047,53124.0,DTLA,LAX
5048,53128.0,PSD,LAX
5049,53140.0,DTLA,LAX
5050,53171.0,ANH,LAX
5051,53181.0,LGB,LAX
5052,53190.0,BVH,LAX
5053,53195.0,UVS,LAX
5054,53212.0,BVH,LAX
5055,53216.0,ANH,LAX
5056,53241.0,LGB,LAX
5057,53250.0,ANH,LAX
5058,53258.0,UVS,LAX
5059,53264.0,DTLA,LAX
5060,53267.0,HWD,LAX
5061,53276.0,UVS,LAX
5062,53278.0,LGB,LAX
5063,53288.0,BVH,LAX
5064,53302.0,ANH,LAX
5065,53319.0,HWD,LAX
5066,53326.0,HWD,LAX
5067,53326.0,ANH,LAX
5068,53345.0,HWD,LAX
5069,53350.0,HWD,LAX
5070,53351.0,ANH,LAX
5071,53359.0,ANH,LAX
5072,53373.0,DTLA,LAX
5073,53391.0,ANH,LAX
5074,53394.0,HWD,LAX
5075,53396.0,DTLA,LAX
5076,53402.0,ANH,LAX
5077,53415.0,WDHL,LAX
5078,53420.0,DTLA,LAX
5079,53434.0,WDHL,LAX
5080,53453.0,HWD,LAX
5081,53476.0,BVH,LAX
5082,53485.0,DTLA,LAX
5083,53487.0,BVH,LAX
5084,53510.0,LGB,LAX
5085,53527.0,HWD,LAX
5086,53545.0,DTLA,LAX
5087,53551.0,HWD,LAX
5088,53552.0,HWD,LAX
5089,53553.0,PSD,LAX
5090,53556.0,WDHL,LAX
5091,53586.0,DTLA,LAX
5092,53587.0,LGB,LAX
5093,53598.0,ANH,LAX
5094,53610.0,ANH,LAX
5095,53644.0,HWD,LAX
5096,53660.0,WDHL,LAX
5097,53661.0,HWD,LAX
5098,53673.0,DTLA,LAX
5099,53673.0,WDHL,LAX
5100,53675.0,DTLA,LAX
5101,53688.0,DTLA,LAX
5102,53701.0,HWD,LAX
5103,53710.0,HWD,LAX
5104,53738.0,PSD,LAX
5105,53744.0,BVH,LAX
5106,53760.0,ANH,LAX
5107,53764.0,DTLA,LAX
5108,53771.0,ANH,LAX
5109,53775.0,PSD,LAX
5110,53776.0,ANH,LAX
5111,53779.0,ANH,LAX
5112,53788.0,PSD,LAX
5113,53817.0,PSD,LAX
5114,53822.0,BVH,LAX
5115,53836.0,PSD,LAX
5116,53836.0,UVS,LAX
5117,53839.0,DTLA,LAX
5118,53877.0,HWD,LAX
5119,53909.0,PSD,LAX
5120,53913.0,ANH,LAX
5121,53914.0,ANH,LAX
5122,53915.0,PSD,LAX
5123,53941.0,WDHL,LAX
5124,53956.0,HWD,LAX
5125,53962.0,ANH,LAX
5126,53964.0,LGB,LAX
5127,53966.0,DTLA,LAX
5128,53966.0,DTLA,LAX
5129,53969.0,UVS,LAX
5130,53983.0,DTLA,LAX
5131,54010.0,ANH,LAX
5132,54014.0,DTLA,LAX
5133,54015.0,LGB,LAX
5134,54025.0,ANH,LAX
5135,54057.0,ANH,LAX
5136,54066.0,DTLA,LAX
5137,54070.0,DTLA,LAX
5138,54094.0,DTLA,LAX
5139,54098.0,DTLA,LAX
5140,54125.0,PSD,LAX
5141,54126.0,DTLA,LAX
5142,54143.0,PSD,LAX
5143,54143.0,HWD,LAX
5144,54156.0,HWD,LAX
5145,54159.0,HWD,LAX
5146,54189.0,PSD,LAX
5147,54202.0,ANH,LAX
5148,54203.0,DTLA,LAX
5149,54225.0,LGB,LAX
5150,54228.0,ANH,LAX
5151,54231.0,DTLA,LAX
5152,54262.0,LGB,LAX
5153,54272.0,WDHL,LAX
5154,54281.0,ANH,LAX
5155,54282.0,HWD,LAX
5156,54283.0,DTLA,LAX
5157,54292.0,HWD,LAX
5158,54293.0,DTLA,LAX
5159,54324.0,DTLA,LAX
5160,54365.0,DTLA,LAX
5161,54394.0,ANH,LAX
5162,54405.0,LGB,LAX
5163,54406.0,UVS,LAX
5164,54407.0,ANH,LAX
5165,54408.0,ANH,LAX
5166,54410.0,DTLA,LAX
5167,54410.0,UVS,LAX
5168,54411.0,HWD,LAX
5169,54431.0,WDHL,LAX
5170,54437.0,HWD,LAX
5171,54441.0,HWD,LAX
5172,54456.0,HWD,LAX
5173,54475.0,DTLA,LAX
5174,54486.0,DTLA,LAX
5175,54489.0,BVH,LAX
5176,54517.0,LGB,LAX
5177,54519.0,LGB,LAX
5178,54534.0,DTLA,LAX
5179,54544.0,HWD,LAX
5180,54553.0,HWD,LAX
5181,54569.0,ANH,LAX
5182,54578.0,LGB,LAX
5183,54582.0,ANH,LAX
5184,54591.0,DTLA,LAX
5185,54597.0,DTLA,LAX
5186,54630.0,ANH,LAX
5187,54650.0,DTLA,LAX
5188,54651.0,DTLA,LAX
5189,54657.0,HWD,LAX
5190,54663.0,ANH,LAX
5191,54664.0,DTLA,LAX
5192,54682.0,HWD,LAX
5193,54682.0,HWD,LAX
5194,54684.0,DTLA,LAX
5195,54732.0,DTLA,LAX
5196,54740.0,ANH,LAX
5197,54743.0,ANH,LAX
5198,54749.0,HWD,LAX
5199,54752.0,DTLA,LAX
5200,54771.0,WDHL,LAX
5201,54805.0,HWD,LAX
5202,54818.0,LGB,LAX
5203,54838.0,ANH,LAX
5204,54855.0,ANH,LAX
5205,54863.0,ANH,LAX
5206,54868.0,DTLA,LAX
5207,54888.0,DTLA,LAX
5208,54905.0,LGB,LAX
5209,54905.0,LGB,LAX
5210,54905.0,LGB,LAX
5211,54907.0,HWD,LAX
5212,54923.0,ANH,LAX
5213,54927.0,WDHL,LAX
5214,54929.0,ANH,LAX
5215,54934.0,LGB,LAX
5216,54971.0,DTLA,LAX
5217,54973.0,HWD,LAX
5218,54980.0,ANH,LAX
5219,54994.0,LGB,LAX
5220,55000.0,PSD,LAX
5221,55005.0,ANH,LAX
5222,55041.0,DTLA,LAX
5223,55041.0,ANH,LAX
5224,55043.0,HWD,LAX
5225,55049.0,ANH,LAX
5226,55060.0,LGB,LAX
5227,55077.0,UVS,LAX
5228,55095.0,ANH,LAX
5229,55096.0,LGB,LAX
5230,55096.0,DTLA,LAX
5231,55100.0,WDHL,LAX
5232,55120.0,ANH,LAX
5233,55123.0,LGB,LAX
5234,55141.0,ANH,LAX
5235,55146.0,ANH,LAX
5236,55152.0,ANH,LAX
5237,55186.0,HWD,LAX
5238,55215.0,UVS,LAX
5239,55221.0,WDHL,LAX
5240,55249.0,PSD,LAX
5241,55252.0,WDHL,LAX
5242,55252.0,WDHL,LAX
5243,55279.0,ANH,LAX
5244,55279.0,PSD,LAX
5245,55281.0,LGB,LAX
5246,55295.0,DTLA,LAX
5247,55317.0,DTLA,LAX
5248,55325.0,UVS,LAX
5249,55333.0,BVH,LAX
5250,55334.0,WDHL,LAX
5251,55348.0,HWD,LAX
5252,55357.0,DTLA,LAX
5253,55376.0,WDHL,LAX
5254,55380.0,PSD,LAX
5255,55382.0,DTLA,LAX
5256,55384.0,PSD,LAX
5257,55390.0,PSD,LAX
5258,55402.0,ANH,LAX
5259,55413.0,HWD,LAX
5260,55417.0,LGB,LAX
5261,55431.0,DTLA,LAX
5262,55446.0,LGB,LAX
5263,55463.0,HWD,LAX
5264,55483.0,ANH,LAX
5265,55494.0,ANH,LAX
5266,55514.0,DTLA,LAX
5267,55533.0,LGB,LAX
5268,55549.0,LGB,LAX
5269,55560.0,DTLA,LAX
5270,55566.0,PSD,LAX
5271,55567.0,LGB,LAX
5272,55584.0,ANH,LAX
5273,55584.0,LGB,LAX
5274,55598.0,PSD,LAX
5275,55603.0,ANH,LAX
5276,55610.0,LGB,LAX
5277,55634.0,LGB,LAX
5278,55639.0,PSD,LAX
5279,55675.0,BVH,LAX
5280,55675.0,WDHL,LAX
5281,55685.0,BVH,LAX
5282,55690.0,UVS,LAX
5283,55691.0,DTLA,LAX
5284,55706.0,PSD,LAX
5285,55736.0,HWD,LAX
5286,55759.0,DTLA,LAX
5287,55759.0,ANH,LAX
5288,55767.0,HWD,LAX
5289,55768.0,DTLA,LAX
5290,55782.0,ANH,LAX
5291,55813.0,BVH,LAX
5292,55817.0,ANH,LAX
5293,55818.0,UVS,LAX
5294,55829.0,DTLA,LAX
5295,55833.0,LGB,LAX
5296,55836.0,ANH,LAX
5297,55841.0,HWD,LAX
5298,55852.0,ANH,LAX
5299,55857.0,HWD,LAX
5300,55867.0,ANH,LAX
5301,55886.0,LGB,LAX
5302,55891.0,DTLA,LAX
5303,55922.0,HWD,LAX
5304,55933.0,PSD,LAX
5305,55936.0,BVH,LAX
5306,55947.0,DTLA,LAX
5307,55977.0,HWD,LAX
5308,55984.0,UVS,LAX
5309,55987.0,ANH,LAX
5310,55993.0,DTLA,LAX
5311,56026.0,LGB,LAX
5312,56035.0,DTLA,LAX
5313,56037.0,ANH,LAX
5314,56077.0,ANH,LAX
5315,56153.0,DTLA,LAX
5316,56153.0,LGB,LAX
5317,56165.0,HWD,LAX
5318,56185.0,HWD,LAX
5319,56190.0,HWD,LAX
5320,56191.0,LGB,LAX
5321,56202.0,UVS,LAX
5322,56204.0,HWD,LAX
5323,56217.0,BVH,LAX
5324,56221.0,LGB,LAX
5325,56260.0,PSD,LAX
5326,56268.0,LGB,LAX
5327,56274.0,PSD,LAX
5328,56276.0,WDHL,LAX
5329,56311.0,DTLA,LAX
5330,56313.0,HWD,LAX
5331,56318.0,HWD,LAX
5332,56345.0,ANH,LAX
5333,56374.0,ANH,LAX
5334,56378.0,UVS,LAX
5335,56422.0,HWD,LAX
5336,56425.0,ANH,LAX
5337,56430.0,ANH,LAX
5338,56430.0,UVS,LAX
5339,56437.0,WDHL,LAX
5340,56442.0,UVS,LAX
5341,56443.0,LGB,LAX
5342,56451.0,PSD,LAX
5343,56463.0,DTLA,LAX
5344,56471.0,BVH,LAX
5345,56494.0,DTLA,LAX
5346,56501.0,DTLA,LAX
5347,56508.0,DTLA,LAX
5348,56513.0,PSD,LAX
5349,56515.0,PSD,LAX
5350,56530.0,DTLA,LAX
5351,56535.0,ANH,LAX
5352,56549.0,WDHL,LAX
5353,56558.0,ANH,LAX
5354,56564.0,DTLA,LAX
5355,56588.0,BVH,LAX
5356,56605.0,BVH,LAX
5357,56611.0,LGB,LAX
5358,56613.0,HWD,LAX
5359,56648.0,DTLA,LAX
5360,56671.0,HWD,LAX
5361,56677.0,BVH,LAX
5362,56679.0,ANH,LAX
5363,56681.0,DTLA,LAX
5364,56692.0,PSD,LAX
5365,56716.0,ANH,LAX
5366,56758.0,HWD,LAX
5367,56764.0,BVH,LAX
5368,56776.0,LGB,LAX
5369,56787.0,DTLA,LAX
5370,56793.0,UVS,LAX
5371,56809.0,ANH,LAX
5372,56817.0,DTLA,LAX
5373,56819.0,PSD,LAX
5374,56843.0,UVS,LAX
5375,56847.0,PSD,LAX
5376,56847.0,LGB,LAX
5377,56858.0,UVS,LAX
5378,56863.0,PSD,LAX
5379,56886.0,ANH,LAX
5380,56928.0,PSD,LAX
5381,56942.0,BVH,LAX
5382,56984.0,ANH,LAX
5383,56988.0,UVS,LAX
5384,56992.0,HWD,LAX
5385,56994.0,ANH,LAX
5386,57002.0,PSD,LAX
5387,57020.0,BVH,LAX
5388,57028.0,LGB,LAX
5389,57054.0,BVH,LAX
5390,57062.0,DTLA,LAX
5391,57109.0,DTLA,LAX
5392,57114.0,LGB,LAX
5393,57119.0,DTLA,LAX
5394,57143.0,LGB,LAX
5395,57146.0,WDHL,LAX
5396,57160.0,BVH,LAX
5397,57163.0,DTLA,LAX
5398,57166.0,ANH,LAX
5399,57177.0,DTLA,LAX
5400,57203.0,DTLA,LAX
5401,57223.0,ANH,LAX
5402,57230.0,HWD,LAX
5403,57233.0,DTLA,LAX
5404,57238.0,PSD,LAX
5405,57247.0,HWD,LAX
5406,57248.0,ANH,LAX
5407,57265.0,BVH,LAX
5408,57275.0,PSD,LAX
5409,57282.0,PSD,LAX
5410,57301.0,PSD,LAX
5411,57308.0,ANH,LAX
5412,57313.0,ANH,LAX
5413,57339.0,PSD,LAX
5414,57353.0,PSD,LAX
5415,57382.0,ANH,LAX
5416,57383.0,ANH,LAX
5417,57386.0,UVS,LAX
5418,57392.0,DTLA,LAX
5419,57392.0,LGB,LAX
5420,57400.0,PSD,LAX
5421,57414.0,BVH,LAX
5422,57425.0,HWD,LAX
5423,57430.0,HWD,LAX
5424,57433.0,ANH,LAX
5425,57439.0,DTLA,LAX
5426,57443.0,DTLA,LAX
5427,57455.0,DTLA,LAX
5428,57465.0,HWD,LAX
5429,57470.0,HWD,LAX
5430,57480.0,ANH,LAX
5431,57484.0,ANH,LAX
5432,57496.0,DTLA,LAX
5433,57498.0,UVS,LAX
5434,57498.0,DTLA,LAX
5435,57514.0,PSD,LAX
5436,57529.0,PSD,LAX
5437,57536.0,DTLA,LAX
5438,57537.0,ANH,LAX
5439,57552.0,LGB,LAX
5440,57555.0,DTLA,LAX
5441,57557.0,ANH,LAX
5442,57569.0,ANH,LAX
5443,57572.0,HWD,LAX
5444,57598.0,UVS,LAX
5445,57607.0,LGB,LAX
5446,57617.0,UVS,LAX
5447,57658.0,BVH,LAX
5448,57670.0,PSD,LAX
5449,57672.0,DTLA,LAX
5450,57673.0,PSD,LAX
5451,57720.0,ANH,LAX
5452,57727.0,DTLA,LAX
5453,57732.0,HWD,LAX
5454,57733.0,ANH,LAX
5455,57735.0,HWD,LAX
5456,57756.0,DTLA,LAX
5457,57762.0,HWD,LAX
5458,57789.0,ANH,LAX
5459,57799.0,PSD,LAX
5460,57834.0,DTLA,LAX
5461,57849.0,DTLA,LAX
5462,57855.0,PSD,LAX
5463,57875.0,HWD,LAX
5464,57880.0,DTLA,LAX
5465,57882.0,DTLA,LAX
5466,57891.0,LGB,LAX
5467,57911.0,ANH,LAX
5468,57918.0,UVS,LAX
5469,57919.0,PSD,LAX
5470,57925.0,DTLA,LAX
5471,57926.0,HWD,LAX
5472,57927.0,DTLA,LAX
5473,57941.0,DTLA,LAX
5474,57952.0,DTLA,LAX
5475,57957.0,DTLA,LAX
5476,57962.0,PSD,LAX
5477,57974.0,DTLA,LAX
5478,57986.0,WDHL,LAX
5479,57995.0,LGB,LAX
5480,57999.0,UVS,LAX
5481,58002.0,LGB,LAX
5482,58008.0,HWD,LAX
5483,58020.0,DTLA,LAX
5484,58029.0,ANH,LAX
5485,58037.0,UVS,LAX
5486,58040.0,PSD,LAX
5487,58046.0,ANH,LAX
5488,58050.0,PSD,LAX
5489,58071.0,DTLA,LAX
5490,58079.0,HWD,LAX
5491,58092.0,ANH,LAX
5492,58093.0,DTLA,LAX
5493,58126.0,ANH,LAX
5494,58162.0,ANH,LAX
5495,58175.0,DTLA,LAX
5496,58181.0,UVS,LAX
5497,58193.0,HWD,LAX
5498,58196.0,LGB,LAX
5499,58208.0,DTLA,LAX
5500,58214.0,ANH,LAX
5501,58214.0,DTLA,LAX
5502,58220.0,HWD,LAX
5503,58233.0,BVH,LAX
5504,58236.0,DTLA,LAX
5505,58248.0,ANH,LAX
5506,58261.0,BVH,LAX
5507,58275.0,ANH,LAX
5508,58275.0,DTLA,LAX
5509,58276.0,ANH,LAX
5510,58278.0,PSD,LAX
5511,58313.0,PSD,LAX
5512,58323.0,UVS,LAX
5513,58333.0,ANH,LAX
5514,58337.0,DTLA,LAX
5515,58342.0,LGB,LAX
5516,58363.0,DTLA,LAX
5517,58424.0,HWD,LAX
5518,58433.0,HWD,LAX
5519,58434.0,ANH,LAX
5520,58437.0,PSD,LAX
5521,58439.0,HWD,LAX
5522,58443.0,DTLA,LAX
5523,58446.0,DTLA,LAX
5524,58450.0,HWD,LAX
5525,58471.0,ANH,LAX
5526,58486.0,HWD,LAX
5527,58496.0,ANH,LAX
5528,58497.0,ANH,LAX
5529,58498.0,LGB,LAX
5530,58499.0,LGB,LAX
5531,58501.0,WDHL,LAX
5532,58518.0,DTLA,LAX
5533,58556.0,DTLA,LAX
5534,58557.0,HWD,LAX
5535,58560.0,ANH,LAX
5536,58560.0,HWD,LAX
5537,58563.0,DTLA,LAX
5538,58587.0,BVH,LAX
5539,58597.0,ANH,LAX
5540,58600.0,WDHL,LAX
5541,58607.0,BVH,LAX
5542,58608.0,DTLA,LAX
5543,58609.0,DTLA,LAX
5544,58610.0,ANH,LAX
5545,58613.0,BVH,LAX
5546,58617.0,PSD,LAX
5547,58651.0,HWD,LAX
5548,58662.0,PSD,LAX
5549,58676.0,WDHL,LAX
5550,58680.0,ANH,LAX
5551,58692.0,HWD,LAX
5552,58697.0,ANH,LAX
5553,58700.0,DTLA,LAX
5554,58703.0,LGB,LAX
5555,58704.0,DTLA,LAX
5556,58707.0,ANH,LAX
5557,58711.0,ANH,LAX
5558,58712.0,LGB,LAX
5559,58715.0,HWD,LAX
5560,58729.0,WDHL,LAX
5561,58756.0,ANH,LAX
5562,58772.0,DTLA,LAX
5563,58772.0,PSD,LAX
5564,58779.0,HWD,LAX
5565,58781.0,LGB,LAX
5566,58801.0,PSD,LAX
5567,58811.0,ANH,LAX
5568,58821.0,PSD,LAX
5569,58826.0,LGB,LAX
5570,58848.0,HWD,LAX
5571,58848.0,DTLA,LAX
5572,58877.0,DTLA,LAX
5573,58879.0,HWD,LAX
5574,58883.0,BVH,LAX
5575,58897.0,DTLA,LAX
5576,58911.0,ANH,LAX
5577,58932.0,HWD,LAX
5578,58945.0,UVS,LAX
5579,58947.0,DTLA,LAX
5580,58966.0,DTLA,LAX
5581,58970.0,HWD,LAX
5582,58994.0,DTLA,LAX
5583,58997.0,PSD,LAX
5584,59005.0,HWD,LAX
5585,59009.0,LGB,LAX
5586,59014.0,LGB,LAX
5587,59038.0,ANH,LAX
5588,59046.0,ANH,LAX
5589,59047.0,HWD,LAX
5590,59054.0,ANH,LAX
5591,59057.0,ANH,LAX
5592,59060.0,DTLA,LAX
5593,59062.0,LGB,LAX
5594,59066.0,ANH,LAX
5595,59072.0,WDHL,LAX
5596,59073.0,DTLA,LAX
5597,59080.0,ANH,LAX
5598,59087.0,LGB,LAX
5599,59089.0,DTLA,LAX
5600,59094.0,LGB,LAX
5601,59096.0,DTLA,LAX
5602,59122.0,PSD,LAX
5603,59125.0,PSD,LAX
5604,59125.0,BVH,LAX
5605,59133.0,LGB,LAX
5606,59134.0,HWD,LAX
5607,59135.0,HWD,LAX
5608,59137.0,ANH,LAX
5609,59139.0,UVS,LAX
5610,59139.0,ANH,LAX
5611,59144.0,LGB,LAX
5612,59145.0,HWD,LAX
5613,59146.0,LGB,LAX
5614,59146.0,DTLA,LAX
5615,59156.0,HWD,LAX
5616,59157.0,ANH,LAX
5617,59159.0,HWD,LAX
5618,59160.0,LGB,LAX
5619,59179.0,HWD,LAX
5620,59179.0,ANH,LAX
5621,59191.0,ANH,LAX
5622,59208.0,ANH,LAX
5623,59213.0,DTLA,LAX
5624,59218.0,LGB,LAX
5625,59222.0,HWD,LAX
5626,59232.0,BVH,LAX
5627,59256.0,ANH,LAX
5628,59270.0,ANH,LAX
5629,59277.0,PSD,LAX
5630,59325.0,BVH,LAX
5631,59327.0,HWD,LAX
5632,59337.0,LGB,LAX
5633,59339.0,PSD,LAX
5634,59349.0,DTLA,LAX
5635,59360.0,PSD,LAX
5636,59385.0,DTLA,LAX
5637,59400.0,BVH,LAX
5638,59403.0,DTLA,LAX
5639,59404.0,PSD,LAX
5640,59415.0,HWD,LAX
5641,59415.0,UVS,LAX
5642,59420.0,HWD,LAX
5643,59421.0,LGB,LAX
5644,59436.0,HWD,LAX
5645,59444.0,HWD,LAX
5646,59448.0,LGB,LAX
5647,59478.0,LGB,LAX
5648,59500.0,ANH,LAX
5649,59503.0,HWD,LAX
5650,59513.0,PSD,LAX
5651,59520.0,DTLA,LAX
5652,59537.0,ANH,LAX
5653,59540.0,BVH,LAX
5654,59542.0,WDHL,LAX
5655,59544.0,HWD,LAX
5656,59563.0,ANH,LAX
5657,59577.0,LGB,LAX
5658,59579.0,LGB,LAX
5659,59596.0,PSD,LAX
5660,59596.0,ANH,LAX
5661,59605.0,LGB,LAX
5662,59610.0,BVH,LAX
5663,59621.0,DTLA,LAX
5664,59622.0,HWD,LAX
5665,59637.0,PSD,LAX
5666,59646.0,LGB,LAX
5667,59653.0,PSD,LAX
5668,59657.0,BVH,LAX
5669,59674.0,HWD,LAX
5670,59675.0,DTLA,LAX
5671,59679.0,DTLA,LAX
5672,59685.0,UVS,LAX
5673,59686.0,DTLA,LAX
5674,59714.0,PSD,LAX
5675,59718.0,DTLA,LAX
5676,59731.0,ANH,LAX
5677,59732.0,UVS,LAX
5678,59752.0,DTLA,LAX
5679,59768.0,ANH,LAX
5680,59797.0,ANH,LAX
5681,59800.0,ANH,LAX
5682,59811.0,DTLA,LAX
5683,59850.0,HWD,LAX
5684,59863.0,HWD,LAX
5685,59871.0,DTLA,LAX
5686,59873.0,DTLA,LAX
5687,59887.0,UVS,LAX
5688,59894.0,HWD,LAX
5689,59908.0,ANH,LAX
5690,59923.0,LGB,LAX
5691,59942.0,HWD,LAX
5692,59945.0,DTLA,LAX
5693,59946.0,LGB,LAX
5694,59951.0,ANH,LAX
5695,59965.0,HWD,LAX
5696,59976.0,LGB,LAX
5697,59984.0,UVS,LAX
5698,60000.0,LGB,LAX
5699,60008.0,ANH,LAX
5700,60009.0,LGB,LAX
5701,60024.0,BVH,LAX
5702,60036.0,ANH,LAX
5703,60042.0,BVH,LAX
5704,60065.0,DTLA,LAX
5705,60070.0,DTLA,LAX
5706,60094.0,DTLA,LAX
5707,60106.0,HWD,LAX
5708,60108.0,LGB,LAX
5709,60116.0,HWD,LAX
5710,60122.0,WDHL,LAX
5711,60137.0,HWD,LAX
5712,60177.0,ANH,LAX
5713,60179.0,LGB,LAX
5714,60208.0,WDHL,LAX
5715,60212.0,ANH,LAX
5716,60213.0,BVH,LAX
5717,60213.0,HWD,LAX
5718,60217.0,HWD,LAX
5719,60226.0,PSD,LAX
5720,60237.0,BVH,LAX
5721,60246.0,DTLA,LAX
5722,60247.0,ANH,LAX
5723,60257.0,HWD,LAX
5724,60258.0,ANH,LAX
5725,60263.0,DTLA,LAX
5726,60265.0,WDHL,LAX
5727,60276.0,HWD,LAX
5728,60282.0,DTLA,LAX
5729,60291.0,LGB,LAX
5730,60294.0,WDHL,LAX
5731,60306.0,WDHL,LAX
5732,60312.0,ANH,LAX
5733,60314.0,ANH,LAX
5734,60315.0,BVH,LAX
5735,60323.0,HWD,LAX
5736,60333.0,BVH,LAX
5737,60341.0,ANH,LAX
5738,60342.0,BVH,LAX
5739,60346.0,BVH,LAX
5740,60375.0,ANH,LAX
5741,60403.0,LGB,LAX
5742,60410.0,BVH,LAX
5743,60412.0,WDHL,LAX
5744,60417.0,LGB,LAX
5745,60448.0,DTLA,LAX
5746,60456.0,DTLA,LAX
5747,60464.0,ANH,LAX
5748,60469.0,DTLA,LAX
5749,60479.0,UVS,LAX
5750,60508.0,PSD,LAX
5751,60511.0,LGB,LAX
5752,60535.0,LGB,LAX
5753,60548.0,DTLA,LAX
5754,60576.0,WDHL,LAX
5755,60588.0,ANH,LAX
5756,60589.0,HWD,LAX
5757,60607.0,LGB,LAX
5758,60611.0,BVH,LAX
5759,60619.0,BVH,LAX
5760,60639.0,HWD,LAX
5761,60642.0,ANH,LAX
5762,60647.0,BVH,LAX
5763,60661.0,DTLA,LAX
5764,60666.0,HWD,LAX
5765,60685.0,LGB,LAX
5766,60702.0,LGB,LAX
5767,60708.0,ANH,LAX
5768,60710.0,ANH,LAX
5769,60744.0,HWD,LAX
5770,60764.0,BVH,LAX
5771,60768.0,DTLA,LAX
5772,60770.0,DTLA,LAX
5773,60771.0,DTLA,LAX
5774,60780.0,HWD,LAX
5775,60789.0,BVH,LAX
5776,60800.0,LGB,LAX
5777,60801.0,ANH,LAX
5778,60820.0,DTLA,LAX
5779,60837.0,HWD,LAX
5780,60843.0,HWD,LAX
5781,60852.0,LGB,LAX
5782,60857.0,ANH,LAX
5783,60876.0,WDHL,LAX
5784,60913.0,PSD,LAX
5785,60920.0,WDHL,LAX
5786,60923.0,HWD,LAX
5787,60928.0,DTLA,LAX
5788,60929.0,LGB,LAX
5789,60932.0,ANH,LAX
5790,60942.0,LGB,LAX
5791,60944.0,LGB,LAX
5792,60953.0,PSD,LAX
5793,60971.0,DTLA,LAX
5794,60974.0,ANH,LAX
5795,60974.0,DTLA,LAX
5796,60981.0,PSD,LAX
5797,60988.0,WDHL,LAX
5798,60998.0,PSD,LAX
5799,61001.0,LGB,LAX
5800,61004.0,HWD,LAX
5801,61010.0,WDHL,LAX
5802,61013.0,LGB,LAX
5803,61021.0,ANH,LAX
5804,61028.0,UVS,LAX
5805,61029.0,LGB,LAX
5806,61061.0,BVH,LAX
5807,61076.0,UVS,LAX
5808,61091.0,DTLA,LAX
5809,61094.0,LGB,LAX
5810,61104.0,ANH,LAX
5811,61112.0,LGB,LAX
5812,61120.0,HWD,LAX
5813,61128.0,DTLA,LAX
5814,61140.0,HWD,LAX
5815,61142.0,WDHL,LAX
5816,61145.0,HWD,LAX
5817,61166.0,LGB,LAX
5818,61166.0,HWD,LAX
5819,61166.0,HWD,LAX
5820,61193.0,PSD,LAX
5821,61199.0,HWD,LAX
5822,61214.0,BVH,LAX
5823,61217.0,DTLA,LAX
5824,61239.0,ANH,LAX
5825,61242.0,DTLA,LAX
5826,61245.0,HWD,LAX
5827,61255.0,DTLA,LAX
5828,61295.0,BVH,LAX
5829,61306.0,HWD,LAX
5830,61308.0,PSD,LAX
5831,61309.0,DTLA,LAX
5832,61310.0,DTLA,LAX
5833,61345.0,HWD,LAX
5834,61349.0,DTLA,LAX
5835,61363.0,LGB,LAX
5836,61367.0,LGB,LAX
5837,61368.0,HWD,LAX
5838,61379.0,PSD,LAX
5839,61384.0,HWD,LAX
5840,61388.0,ANH,LAX
5841,61396.0,HWD,LAX
5842,61402.0,ANH,LAX
5843,61407.0,ANH,LAX
5844,61428.0,LGB,LAX
5845,61431.0,DTLA,LAX
5846,61431.0,BVH,LAX
5847,61437.0,DTLA,LAX
5848,61454.0,ANH,LAX
5849,61476.0,HWD,LAX
5850,61490.0,HWD,LAX
5851,61506.0,ANH,LAX
5852,61553.0,DTLA,LAX
5853,61582.0,ANH,LAX
5854,61587.0,LGB,LAX
5855,61595.0,HWD,LAX
5856,61603.0,LGB,LAX
5857,61604.0,ANH,LAX
5858,61628.0,PSD,LAX
5859,61632.0,ANH,LAX
5860,61637.0,ANH,LAX
5861,61643.0,BVH,LAX
5862,61657.0,ANH,LAX
5863,61677.0,DTLA,LAX
5864,61706.0,ANH,LAX
5865,61713.0,DTLA,LAX
5866,61714.0,WDHL,LAX
5867,61719.0,ANH,LAX
5868,61722.0,PSD,LAX
5869,61726.0,HWD,LAX
5870,61740.0,BVH,LAX
5871,61750.0,HWD,LAX
5872,61768.0,DTLA,LAX
5873,61780.0,ANH,LAX
5874,61784.0,DTLA,LAX
5875,61794.0,HWD,LAX
5876,61836.0,HWD,LAX
5877,61844.0,ANH,LAX
5878,61861.0,WDHL,LAX
5879,61865.0,LGB,LAX
5880,61866.0,DTLA,LAX
5881,61868.0,BVH,LAX
5882,61879.0,DTLA,LAX
5883,61885.0,UVS,LAX
5884,61900.0,ANH,LAX
5885,61909.0,HWD,LAX
5886,61910.0,DTLA,LAX
5887,61924.0,DTLA,LAX
5888,61951.0,ANH,LAX
5889,61952.0,PSD,LAX
5890,61954.0,LGB,LAX
5891,61963.0,UVS,LAX
5892,61976.0,ANH,LAX
5893,61980.0,UVS,LAX
5894,61984.0,DTLA,LAX
5895,61992.0,LGB,LAX
5896,61992.0,HWD,LAX
5897,62004.0,ANH,LAX
5898,62005.0,HWD,LAX
5899,62013.0,DTLA,LAX
5900,62024.0,ANH,LAX
5901,62029.0,PSD,LAX
5902,62030.0,WDHL,LAX
5903,62038.0,DTLA,LAX
5904,62040.0,DTLA,LAX
5905,62065.0,PSD,LAX
5906,62080.0,DTLA,LAX
5907,62090.0,UVS,LAX
5908,62107.0,DTLA,LAX
5909,62107.0,LGB,LAX
5910,62115.0,DTLA,LAX
5911,62135.0,WDHL,LAX
5912,62148.0,DTLA,LAX
5913,62188.0,ANH,LAX
5914,62191.0,HWD,LAX
5915,62200.0,ANH,LAX
5916,62207.0,DTLA,LAX
5917,62215.0,LGB,LAX
5918,62221.0,ANH,LAX
5919,62221.0,ANH,LAX
5920,62231.0,DTLA,LAX
5921,62234.0,LGB,LAX
5922,62238.0,PSD,LAX
5923,62246.0,DTLA,LAX
5924,62269.0,DTLA,LAX
5925,62275.0,WDHL,LAX
5926,62287.0,DTLA,LAX
5927,62293.0,HWD,LAX
5928,62298.0,DTLA,LAX
5929,62304.0,PSD,LAX
5930,62313.0,ANH,LAX
5931,62326.0,DTLA,LAX
5932,62327.0,DTLA,LAX
5933,62340.0,HWD,LAX
5934,62340.0,ANH,LAX
5935,62350.0,LGB,LAX
5936,62355.0,HWD,LAX
5937,62360.0,LGB,LAX
5938,62374.0,BVH,LAX
5939,62406.0,WDHL,LAX
5940,62408.0,PSD,LAX
5941,62442.0,UVS,LAX
5942,62454.0,PSD,LAX
5943,62457.0,HWD,LAX
5944,62476.0,HWD,LAX
5945,62503.0,PSD,LAX
5946,62503.0,DTLA,LAX
5947,62528.0,DTLA,LAX
5948,62537.0,BVH,LAX
5949,62538.0,PSD,LAX
5950,62551.0,ANH,LAX
5951,62559.0,ANH,LAX
5952,62561.0,PSD,LAX
5953,62573.0,ANH,LAX
5954,62595.0,ANH,LAX
5955,62611.0,ANH,LAX
5956,62679.0,PSD,LAX
5957,62686.0,BVH,LAX
5958,62689.0,BVH,LAX
5959,62691.0,HWD,LAX
5960,62696.0,LGB,LAX
5961,62710.0,LGB,LAX
5962,62726.0,ANH,LAX
5963,62727.0,HWD,LAX
5964,62729.0,WDHL,LAX
5965,62734.0,ANH,LAX
5966,62739.0,DTLA,LAX
5967,62742.0,ANH,LAX
5968,62765.0,HWD,LAX
5969,62779.0,HWD,LAX
5970,62790.0,ANH,LAX
5971,62791.0,BVH,LAX
5972,62800.0,BVH,LAX
5973,62809.0,HWD,LAX
5974,62836.0,ANH,LAX
5975,62836.0,ANH,LAX
5976,62836.0,DTLA,LAX
5977,62845.0,DTLA,LAX
5978,62854.0,DTLA,LAX
5979,62861.0,BVH,LAX
5980,62871.0,ANH,LAX
5981,62883.0,ANH,LAX
5982,62908.0,LGB,LAX
5983,62920.0,LGB,LAX
5984,62924.0,PSD,LAX
5985,62927.0,DTLA,LAX
5986,62935.0,DTLA,LAX
5987,62962.0,LGB,LAX
5988,62970.0,HWD,LAX
5989,62975.0,BVH,LAX
5990,62979.0,ANH,LAX
5991,62983.0,ANH,LAX
5992,62987.0,DTLA,LAX
5993,63034.0,DTLA,LAX
5994,63054.0,ANH,LAX
5995,63062.0,LGB,LAX
5996,63079.0,LGB,LAX
5997,63083.0,DTLA,LAX
5998,63098.0,WDHL,LAX
5999,63104.0,LGB,LAX
6000,63113.0,DTLA,LAX
6001,63127.0,DTLA,LAX
6002,63132.0,ANH,LAX
6003,63132.0,PSD,LAX
6004,63134.0,ANH,LAX
6005,63141.0,DTLA,LAX
6006,63178.0,UVS,LAX
6007,63200.0,ANH,LAX
6008,63202.0,DTLA,LAX
6009,63208.0,ANH,LAX
6010,63212.0,ANH,LAX
6011,63243.0,ANH,LAX
6012,63277.0,DTLA,LAX
6013,63286.0,ANH,LAX
6014,63326.0,LGB,LAX
6015,63337.0,LGB,LAX
6016,63338.0,HWD,LAX
6017,63338.0,HWD,LAX
6018,63360.0,ANH,LAX
6019,63365.0,ANH,LAX
6020,63369.0,PSD,LAX
6021,63378.0,DTLA,LAX
6022,63389.0,ANH,LAX
6023,63396.0,ANH,LAX
6024,63424.0,HWD,LAX
6025,63448.0,ANH,LAX
6026,63451.0,DTLA,LAX
6027,63458.0,LGB,LAX
6028,63477.0,LGB,LAX
6029,63481.0,PSD,LAX
6030,63490.0,BVH,LAX
6031,63492.0,DTLA,LAX
6032,63540.0,HWD,LAX
6033,63548.0,LGB,LAX
6034,63574.0,DTLA,LAX
6035,63592.0,WDHL,LAX
6036,63606.0,PSD,LAX
6037,63612.0,UVS,LAX
6038,63625.0,DTLA,LAX
6039,63667.0,ANH,LAX
6040,63687.0,PSD,LAX
6041,63715.0,DTLA,LAX
6042,63721.0,LGB,LAX
6043,63730.0,LGB,LAX
6044,63770.0,ANH,LAX
6045,63777.0,LGB,LAX
6046,63786.0,LGB,LAX
6047,63798.0,DTLA,LAX
6048,63813.0,UVS,LAX
6049,63859.0,HWD,LAX
6050,63884.0,DTLA,LAX
6051,63892.0,ANH,LAX
6052,63898.0,HWD,LAX
6053,63899.0,ANH,LAX
6054,63934.0,BVH,LAX
6055,63957.0,HWD,LAX
6056,63958.0,DTLA,LAX
6057,63967.0,DTLA,LAX
6058,63993.0,LGB,LAX
6059,64002.0,WDHL,LAX
6060,64021.0,ANH,LAX
6061,64023.0,ANH,LAX
6062,64046.0,UVS,LAX
6063,64056.0,UVS,LAX
6064,64058.0,HWD,LAX
6065,64058.0,UVS,LAX
6066,64060.0,DTLA,LAX
6067,64080.0,ANH,LAX
6068,64090.0,BVH,LAX
6069,64133.0,ANH,LAX
6070,64141.0,HWD,LAX
6071,64152.0,LGB,LAX
6072,64161.0,DTLA,LAX
6073,64163.0,DTLA,LAX
6074,64166.0,WDHL,LAX
6075,64175.0,HWD,LAX
6076,64197.0,DTLA,LAX
6077,64207.0,HWD,LAX
6078,64212.0,HWD,LAX
6079,64218.0,HWD,LAX
6080,64225.0,LGB,LAX
6081,64231.0,PSD,LAX
6082,64239.0,BVH,LAX
6083,64249.0,HWD,LAX
6084,64267.0,DTLA,LAX
6085,64290.0,DTLA,LAX
6086,64298.0,LGB,LAX
6087,64299.0,BVH,LAX
6088,64301.0,DTLA,LAX
6089,64322.0,DTLA,LAX
6090,64334.0,DTLA,LAX
6091,64347.0,WDHL,LAX
6092,64358.0,DTLA,LAX
6093,64364.0,LGB,LAX
6094,64369.0,UVS,LAX
6095,64386.0,HWD,LAX
6096,64424.0,ANH,LAX
6097,64469.0,ANH,LAX
6098,64469.0,HWD,LAX
6099,64481.0,DTLA,LAX
6100,64489.0,DTLA,LAX
6101,64490.0,ANH,LAX
6102,64500.0,ANH,LAX
6103,64514.0,ANH,LAX
6104,64520.0,HWD,LAX
6105,64528.0,DTLA,LAX
6106,64532.0,LGB,LAX
6107,64535.0,LGB,LAX
6108,64538.0,DTLA,LAX
6109,64542.0,HWD,LAX
6110,64589.0,ANH,LAX
6111,64608.0,HWD,LAX
6112,64614.0,ANH,LAX
6113,64641.0,DTLA,LAX
6114,64641.0,DTLA,LAX
6115,64686.0,ANH,LAX
6116,64716.0,DTLA,LAX
6117,64730.0,LGB,LAX
6118,64734.0,UVS,LAX
6119,64765.0,UVS,LAX
6120,64781.0,ANH,LAX
6121,64794.0,BVH,LAX
6122,64862.0,PSD,LAX
6123,64869.0,LGB,LAX
6124,64903.0,DTLA,LAX
6125,64939.0,ANH,LAX
6126,64942.0,PSD,LAX
6127,64958.0,ANH,LAX
6128,64979.0,HWD,LAX
6129,64989.0,DTLA,LAX
6130,65016.0,WDHL,LAX
6131,65017.0,ANH,LAX
6132,65026.0,HWD,LAX
6133,65051.0,DTLA,LAX
6134,65123.0,DTLA,LAX
6135,65123.0,BVH,LAX
6136,65139.0,PSD,LAX
6137,65144.0,LGB,LAX
6138,65146.0,HWD,LAX
6139,65152.0,WDHL,LAX
6140,65157.0,BVH,LAX
6141,65168.0,DTLA,LAX
6142,65177.0,WDHL,LAX
6143,65180.0,ANH,LAX
6144,65195.0,LGB,LAX
6145,65209.0,ANH,LAX
6146,65214.0,PSD,LAX
6147,65215.0,WDHL,LAX
6148,65225.0,DTLA,LAX
6149,65231.0,ANH,LAX
6150,65263.0,ANH,LAX
6151,65284.0,ANH,LAX
6152,65295.0,LGB,LAX
6153,65296.0,HWD,LAX
6154,65321.0,PSD,LAX
6155,65329.0,DTLA,LAX
6156,65349.0,ANH,LAX
6157,65367.0,WDHL,LAX
6158,65370.0,BVH,LAX
6159,65371.0,DTLA,LAX
6160,65380.0,WDHL,LAX
6161,65412.0,DTLA,LAX
6162,65447.0,ANH,LAX
6163,65497.0,DTLA,LAX
6164,65497.0,HWD,LAX
6165,65518.0,BVH,LAX
6166,65551.0,LGB,LAX
6167,65552.0,HWD,LAX
6168,65566.0,ANH,LAX
6169,65568.0,DTLA,LAX
6170,65610.0,DTLA,LAX
6171,65614.0,LGB,LAX
6172,65624.0,LGB,LAX
6173,65641.0,ANH,LAX
6174,65680.0,HWD,LAX
6175,65760.0,LGB,LAX
6176,65764.0,ANH,LAX
6177,65770.0,PSD,LAX
6178,65792.0,WDHL,LAX
6179,65793.0,PSD,LAX
6180,65795.0,PSD,LAX
6181,65795.0,HWD,LAX
6182,65800.0,UVS,LAX
6183,65806.0,DTLA,LAX
6184,65835.0,PSD,LAX
6185,65836.0,UVS,LAX
6186,65837.0,LGB,LAX
6187,65848.0,HWD,LAX
6188,65848.0,PSD,LAX
6189,65876.0,DTLA,LAX
6190,65880.0,HWD,LAX
6191,65881.0,UVS,LAX
6192,65897.0,HWD,LAX
6193,65908.0,LGB,LAX
6194,65910.0,DTLA,LAX
6195,65931.0,LGB,LAX
6196,65933.0,DTLA,LAX
6197,65952.0,ANH,LAX
6198,66002.0,HWD,LAX
6199,66005.0,LGB,LAX
6200,66035.0,HWD,LAX
6201,66054.0,BVH,LAX
6202,66075.0,ANH,LAX
6203,66078.0,HWD,LAX
6204,66085.0,LGB,LAX
6205,66103.0,BVH,LAX
6206,66116.0,DTLA,LAX
6207,66119.0,PSD,LAX
6208,66129.0,DTLA,LAX
6209,66143.0,HWD,LAX
6210,66156.0,ANH,LAX
6211,66170.0,DTLA,LAX
6212,66181.0,WDHL,LAX
6213,66183.0,DTLA,LAX
6214,66195.0,ANH,LAX
6215,66206.0,DTLA,LAX
6216,66225.0,DTLA,LAX
6217,66258.0,HWD,LAX
6218,66259.0,DTLA,LAX
6219,66281.0,HWD,LAX
6220,66286.0,BVH,LAX
6221,66297.0,PSD,LAX
6222,66316.0,DTLA,LAX
6223,66341.0,ANH,LAX
6224,66348.0,LGB,LAX
6225,66356.0,DTLA,LAX
6226,66369.0,HWD,LAX
6227,66370.0,HWD,LAX
6228,66387.0,LGB,LAX
6229,66392.0,LGB,LAX
6230,66403.0,ANH,LAX
6231,66411.0,LGB,LAX
6232,66437.0,BVH,LAX
6233,66449.0,PSD,LAX
6234,66451.0,PSD,LAX
6235,66456.0,LGB,LAX
6236,66486.0,WDHL,LAX
6237,66503.0,PSD,LAX
6238,66531.0,ANH,LAX
6239,66543.0,PSD,LAX
6240,66548.0,UVS,LAX
6241,66554.0,HWD,LAX
6242,66561.0,WDHL,LAX
6243,66572.0,ANH,LAX
6244,66583.0,ANH,LAX
6245,66676.0,DTLA,LAX
6246,66697.0,UVS,LAX
6247,66704.0,PSD,LAX
6248,66713.0,LGB,LAX
6249,66714.0,DTLA,LAX
6250,66732.0,ANH,LAX
6251,66766.0,DTLA,LAX
6252,66769.0,ANH,LAX
6253,66771.0,WDHL,LAX
6254,66774.0,BVH,LAX
6255,66780.0,PSD,LAX
6256,66856.0,DTLA,LAX
6257,66861.0,PSD,LAX
6258,66869.0,HWD,LAX
6259,66892.0,WDHL,LAX
6260,66900.0,HWD,LAX
6261,66919.0,LGB,LAX
6262,66928.0,UVS,LAX
6263,66954.0,WDHL,LAX
6264,66997.0,DTLA,LAX
6265,67008.0,LGB,LAX
6266,67040.0,DTLA,LAX
6267,67062.0,ANH,LAX
6268,67091.0,UVS,LAX
6269,67111.0,HWD,LAX
6270,67131.0,ANH,LAX
6271,67145.0,DTLA,LAX
6272,67155.0,DTLA,LAX
6273,67193.0,ANH,LAX
6274,67220.0,PSD,LAX
6275,67233.0,HWD,LAX
6276,67259.0,HWD,LAX
6277,67311.0,HWD,LAX
6278,67324.0,HWD,LAX
6279,67340.0,DTLA,LAX
6280,67340.0,DTLA,LAX
6281,67344.0,HWD,LAX
6282,67377.0,ANH,LAX
6283,67388.0,BVH,LAX
6284,67416.0,BVH,LAX
6285,67429.0,BVH,LAX
6286,67464.0,WDHL,LAX
6287,67464.0,DTLA,LAX
6288,67493.0,LGB,LAX
6289,67498.0,BVH,LAX
6290,67554.0,HWD,LAX
6291,67571.0,DTLA,LAX
6292,67576.0,DTLA,LAX
6293,67579.0,BVH,LAX
6294,67585.0,HWD,LAX
6295,67602.0,ANH,LAX
6296,67619.0,HWD,LAX
6297,67625.0,BVH,LAX
6298,67632.0,ANH,LAX
6299,67642.0,ANH,LAX
6300,67662.0,DTLA,LAX
6301,67676.0,ANH,LAX
6302,67706.0,PSD,LAX
6303,67710.0,PSD,LAX
6304,67713.0,LGB,LAX
6305,67714.0,DTLA,LAX
6306,67722.0,PSD,LAX
6307,67736.0,DTLA,LAX
6308,67737.0,DTLA,LAX
6309,67747.0,HWD,LAX
6310,67753.0,ANH,LAX
6311,67754.0,LGB,LAX
6312,67796.0,BVH,LAX
6313,67828.0,LGB,LAX
6314,67833.0,DTLA,LAX
6315,67840.0,HWD,LAX
6316,67849.0,PSD,LAX
6317,67851.0,PSD,LAX
6318,67864.0,WDHL,LAX
6319,67877.0,WDHL,LAX
6320,67879.0,ANH,LAX
6321,67890.0,ANH,LAX
6322,67901.0,HWD,LAX
6323,67903.0,HWD,LAX
6324,67905.0,DTLA,LAX
6325,67909.0,DTLA,LAX
6326,67920.0,WDHL,LAX
6327,67928.0,PSD,LAX
6328,67942.0,UVS,LAX
6329,67944.0,ANH,LAX
6330,67957.0,DTLA,LAX
6331,68023.0,ANH,LAX
6332,68040.0,ANH,LAX
6333,68054.0,DTLA,LAX
6334,68058.0,HWD,LAX
6335,68058.0,PSD,LAX
6336,68067.0,DTLA,LAX
6337,68072.0,ANH,LAX
6338,68100.0,UVS,LAX
6339,68118.0,UVS,LAX
6340,68125.0,LGB,LAX
6341,68150.0,HWD,LAX
6342,68154.0,DTLA,LAX
6343,68194.0,PSD,LAX
6344,68234.0,DTLA,LAX
6345,68237.0,ANH,LAX
6346,68248.0,BVH,LAX
6347,68261.0,DTLA,LAX
6348,68268.0,ANH,LAX
6349,68281.0,HWD,LAX
6350,68290.0,HWD,LAX
6351,68319.0,HWD,LAX
6352,68333.0,BVH,LAX
6353,68334.0,DTLA,LAX
6354,68361.0,ANH,LAX
6355,68375.0,LGB,LAX
6356,68378.0,HWD,LAX
6357,68379.0,HWD,LAX
6358,68385.0,HWD,LAX
6359,68390.0,LGB,LAX
6360,68399.0,WDHL,LAX
6361,68399.0,DTLA,LAX
6362,68409.0,DTLA,LAX
6363,68412.0,BVH,LAX
6364,68449.0,ANH,LAX
6365,68455.0,DTLA,LAX
6366,68458.0,PSD,LAX
6367,68479.0,ANH,LAX
6368,68487.0,DTLA,LAX
6369,68499.0,PSD,LAX
6370,68502.0,DTLA,LAX
6371,68504.0,HWD,LAX
6372,68504.0,ANH,LAX
6373,68515.0,PSD,LAX
6374,68521.0,HWD,LAX
6375,68527.0,ANH,LAX
6376,68545.0,DTLA,LAX
6377,68567.0,PSD,LAX
6378,68585.0,WDHL,LAX
6379,68595.0,HWD,LAX
6380,68609.0,DTLA,LAX
6381,68613.0,UVS,LAX
6382,68632.0,DTLA,LAX
6383,68633.0,BVH,LAX
6384,68654.0,WDHL,LAX
6385,68669.0,LGB,LAX
6386,68671.0,ANH,LAX
6387,68677.0,UVS,LAX
6388,68756.0,WDHL,LAX
6389,68764.0,DTLA,LAX
6390,68779.0,WDHL,LAX
6391,68810.0,HWD,LAX
6392,68817.0,LGB,LAX
6393,68823.0,WDHL,LAX
6394,68824.0,WDHL,LAX
6395,68832.0,ANH,LAX
6396,68833.0,DTLA,LAX
6397,68874.0,BVH,LAX
6398,68879.0,DTLA,LAX
6399,68898.0,DTLA,LAX
6400,68903.0,LGB,LAX
6401,68931.0,ANH,LAX
6402,68951.0,ANH,LAX
6403,68957.0,ANH,LAX
6404,68960.0,PSD,LAX
6405,68963.0,ANH,LAX
6406,68964.0,LGB,LAX
6407,68982.0,ANH,LAX
6408,68991.0,LGB,LAX
6409,68995.0,WDHL,LAX
6410,68998.0,BVH,LAX
6411,69002.0,ANH,LAX
6412,69005.0,HWD,LAX
6413,69068.0,UVS,LAX
6414,69073.0,HWD,LAX
6415,69075.0,ANH,LAX
6416,69084.0,BVH,LAX
6417,69086.0,BVH,LAX
6418,69123.0,PSD,LAX
6419,69130.0,UVS,LAX
6420,69169.0,HWD,LAX
6421,69177.0,DTLA,LAX
6422,69199.0,LGB,LAX
6423,69256.0,DTLA,LAX
6424,69260.0,LGB,LAX
6425,69262.0,DTLA,LAX
6426,69269.0,DTLA,LAX
6427,69275.0,DTLA,LAX
6428,69288.0,LGB,LAX
6429,69289.0,HWD,LAX
6430,69301.0,LGB,LAX
6431,69308.0,DTLA,LAX
6432,69319.0,LGB,LAX
6433,69322.0,DTLA,LAX
6434,69324.0,DTLA,LAX
6435,69350.0,LGB,LAX
6436,69382.0,LGB,LAX
6437,69384.0,BVH,LAX
6438,69418.0,WDHL,LAX
6439,69430.0,WDHL,LAX
6440,69444.0,DTLA,LAX
6441,69452.0,ANH,LAX
6442,69457.0,LGB,LAX
6443,69467.0,HWD,LAX
6444,69494.0,HWD,LAX
6445,69496.0,LGB,LAX
6446,69505.0,LGB,LAX
6447,69508.0,ANH,LAX
6448,69524.0,ANH,LAX
6449,69535.0,LGB,LAX
6450,69580.0,HWD,LAX
6451,69594.0,UVS,LAX
6452,69618.0,PSD,LAX
6453,69619.0,PSD,LAX
6454,69629.0,DTLA,LAX
6455,69672.0,DTLA,LAX
6456,69677.0,HWD,LAX
6457,69679.0,ANH,LAX
6458,69721.0,HWD,LAX
6459,69728.0,DTLA,LAX
6460,69729.0,LGB,LAX
6461,69760.0,ANH,LAX
6462,69776.0,LGB,LAX
6463,69777.0,ANH,LAX
6464,69784.0,UVS,LAX
6465,69784.0,PSD,LAX
6466,69819.0,PSD,LAX
6467,69822.0,ANH,LAX
6468,69836.0,BVH,LAX
6469,69850.0,ANH,LAX
6470,69855.0,WDHL,LAX
6471,69895.0,ANH,LAX
6472,69896.0,DTLA,LAX
6473,69897.0,LGB,LAX
6474,69902.0,DTLA,LAX
6475,69910.0,BVH,LAX
6476,69913.0,ANH,LAX
6477,69921.0,ANH,LAX
6478,69939.0,DTLA,LAX
6479,69944.0,WDHL,LAX
6480,69993.0,HWD,LAX
6481,69997.0,DTLA,LAX
6482,70005.0,ANH,LAX
6483,70028.0,BVH,LAX
6484,70029.0,PSD,LAX
6485,70050.0,DTLA,LAX
6486,70060.0,HWD,LAX
6487,70065.0,BVH,LAX
6488,70100.0,LGB,LAX
6489,70106.0,LGB,LAX
6490,70122.0,DTLA,LAX
6491,70141.0,HWD,LAX
6492,70152.0,HWD,LAX
6493,70158.0,DTLA,LAX
6494,70182.0,LGB,LAX
6495,70219.0,LGB,LAX
6496,70241.0,WDHL,LAX
6497,70278.0,HWD,LAX
6498,70284.0,DTLA,LAX
6499,70296.0,LGB,LAX
6500,70306.0,LGB,LAX
6501,70311.0,LGB,LAX
6502,70316.0,PSD,LAX
6503,70363.0,DTLA,LAX
6504,70375.0,HWD,LAX
6505,70377.0,DTLA,LAX
6506,70398.0,DTLA,LAX
6507,70400.0,DTLA,LAX
6508,70402.0,LGB,LAX
6509,70453.0,HWD,LAX
6510,70456.0,DTLA,LAX
6511,70458.0,DTLA,LAX
6512,70480.0,DTLA,LAX
6513,70517.0,DTLA,LAX
6514,70520.0,DTLA,LAX
6515,70523.0,WDHL,LAX
6516,70533.0,LGB,LAX
6517,70557.0,PSD,LAX
6518,70559.0,DTLA,LAX
6519,70584.0,BVH,LAX
6520,70590.0,LGB,LAX
6521,70619.0,WDHL,LAX
6522,70627.0,DTLA,LAX
6523,70648.0,DTLA,LAX
6524,70651.0,ANH,LAX
6525,70662.0,DTLA,LAX
6526,70662.0,HWD,LAX
6527,70686.0,HWD,LAX
6528,70747.0,LGB,LAX
6529,70754.0,PSD,LAX
6530,70756.0,LGB,LAX
6531,70758.0,HWD,LAX
6532,70780.0,DTLA,LAX
6533,70790.0,WDHL,LAX
6534,70792.0,DTLA,LAX
6535,70805.0,BVH,LAX
6536,70815.0,DTLA,LAX
6537,70816.0,ANH,LAX
6538,70823.0,ANH,LAX
6539,70827.0,LGB,LAX
6540,70829.0,UVS,LAX
6541,70874.0,ANH,LAX
6542,70893.0,HWD,LAX
6543,70899.0,HWD,LAX
6544,70914.0,ANH,LAX
6545,70914.0,UVS,LAX
6546,70916.0,DTLA,LAX
6547,70963.0,HWD,LAX
6548,70964.0,DTLA,LAX
6549,70967.0,DTLA,LAX
6550,70972.0,WDHL,LAX
6551,70975.0,HWD,LAX
6552,70979.0,PSD,LAX
6553,71036.0,DTLA,LAX
6554,71072.0,BVH,LAX
6555,71079.0,PSD,LAX
6556,71103.0,UVS,LAX
6557,71110.0,WDHL,LAX
6558,71129.0,DTLA,LAX
6559,71132.0,LGB,LAX
6560,71135.0,PSD,LAX
6561,71140.0,BVH,LAX
6562,71146.0,ANH,LAX
6563,71179.0,DTLA,LAX
6564,71191.0,UVS,LAX
6565,71206.0,BVH,LAX
6566,71212.0,BVH,LAX
6567,71225.0,ANH,LAX
6568,71225.0,WDHL,LAX
6569,71239.0,BVH,LAX
6570,71266.0,UVS,LAX
6571,71269.0,ANH,LAX
6572,71274.0,ANH,LAX
6573,71295.0,LGB,LAX
6574,71371.0,LGB,LAX
6575,71387.0,HWD,LAX
6576,71391.0,HWD,LAX
6577,71399.0,UVS,LAX
6578,71415.0,ANH,LAX
6579,71429.0,HWD,LAX
6580,71432.0,HWD,LAX
6581,71448.0,HWD,LAX
6582,71449.0,DTLA,LAX
6583,71482.0,WDHL,LAX
6584,71483.0,HWD,LAX
6585,71498.0,DTLA,LAX
6586,71499.0,HWD,LAX
6587,71500.0,HWD,LAX
6588,71511.0,HWD,LAX
6589,71512.0,HWD,LAX
6590,71527.0,ANH,LAX
6591,71528.0,PSD,LAX
6592,71535.0,DTLA,LAX
6593,71540.0,WDHL,LAX
6594,71570.0,DTLA,LAX
6595,71575.0,WDHL,LAX
6596,71582.0,ANH,LAX
6597,71590.0,HWD,LAX
6598,71592.0,DTLA,LAX
6599,71604.0,LGB,LAX
6600,71611.0,DTLA,LAX
6601,71633.0,ANH,LAX
6602,71650.0,DTLA,LAX
6603,71655.0,HWD,LAX
6604,71656.0,LGB,LAX
6605,71658.0,ANH,LAX
6606,71664.0,BVH,LAX
6607,71670.0,LGB,LAX
6608,71684.0,ANH,LAX
6609,71691.0,DTLA,LAX
6610,71700.0,ANH,LAX
6611,71732.0,LGB,LAX
6612,71732.0,ANH,LAX
6613,71773.0,DTLA,LAX
6614,71783.0,PSD,LAX
6615,71802.0,LGB,LAX
6616,71815.0,DTLA,LAX
6617,71825.0,HWD,LAX
6618,71864.0,HWD,LAX
6619,71871.0,UVS,LAX
6620,71873.0,LGB,LAX
6621,71885.0,LGB,LAX
6622,71895.0,HWD,LAX
6623,71911.0,LGB,LAX
6624,71916.0,DTLA,LAX
6625,71938.0,HWD,LAX
6626,71940.0,ANH,LAX
6627,71953.0,DTLA,LAX
6628,71968.0,WDHL,LAX
6629,72005.0,BVH,LAX
6630,72008.0,DTLA,LAX
6631,72048.0,DTLA,LAX
6632,72056.0,ANH,LAX
6633,72061.0,LGB,LAX
6634,72063.0,LGB,LAX
6635,72070.0,ANH,LAX
6636,72070.0,DTLA,LAX
6637,72072.0,ANH,LAX
6638,72076.0,HWD,LAX
6639,72082.0,HWD,LAX
6640,72085.0,BVH,LAX
6641,72097.0,HWD,LAX
6642,72116.0,LGB,LAX
6643,72121.0,HWD,LAX
6644,72129.0,DTLA,LAX
6645,72132.0,HWD,LAX
6646,72152.0,ANH,LAX
6647,72187.0,ANH,LAX
6648,72219.0,DTLA,LAX
6649,72221.0,BVH,LAX
6650,72255.0,BVH,LAX
6651,72260.0,PSD,LAX
6652,72291.0,BVH,LAX
6653,72294.0,BVH,LAX
6654,72299.0,HWD,LAX
6655,72319.0,HWD,LAX
6656,72349.0,DTLA,LAX
6657,72355.0,PSD,LAX
6658,72369.0,ANH,LAX
6659,72376.0,ANH,LAX
6660,72377.0,HWD,LAX
6661,72393.0,LGB,LAX
6662,72416.0,PSD,LAX
6663,72425.0,HWD,LAX
6664,72426.0,DTLA,LAX
6665,72450.0,DTLA,LAX
6666,72453.0,DTLA,LAX
6667,72456.0,DTLA,LAX
6668,72508.0,ANH,LAX
6669,72533.0,PSD,LAX
6670,72539.0,HWD,LAX
6671,72544.0,PSD,LAX
6672,72545.0,WDHL,LAX
6673,72546.0,DTLA,LAX
6674,72549.0,PSD,LAX
6675,72550.0,LGB,LAX
6676,72564.0,HWD,LAX
6677,72580.0,HWD,LAX
6678,72595.0,PSD,LAX
6679,72601.0,DTLA,LAX
6680,72606.0,HWD,LAX
6681,72615.0,DTLA,LAX
6682,72620.0,ANH,LAX
6683,72626.0,PSD,LAX
6684,72656.0,DTLA,LAX
6685,72665.0,PSD,LAX
6686,72678.0,DTLA,LAX
6687,72683.0,LGB,LAX
6688,72688.0,HWD,LAX
6689,72688.0,PSD,LAX
6690,72730.0,ANH,LAX
6691,72743.0,HWD,LAX
6692,72763.0,DTLA,LAX
6693,72767.0,LGB,LAX
6694,72768.0,LGB,LAX
6695,72771.0,LGB,LAX
6696,72772.0,PSD,LAX
6697,72786.0,HWD,LAX
6698,72786.0,DTLA,LAX
6699,72786.0,ANH,LAX
6700,72806.0,DTLA,LAX
6701,72817.0,UVS,LAX
6702,72825.0,DTLA,LAX
6703,72830.0,DTLA,LAX
6704,72835.0,PSD,LAX
6705,72841.0,HWD,LAX
6706,72843.0,LGB,LAX
6707,72848.0,DTLA,LAX
6708,72870.0,WDHL,LAX
6709,72885.0,DTLA,LAX
6710,72903.0,DTLA,LAX
6711,72908.0,HWD,LAX
6712,72910.0,BVH,LAX
6713,72911.0,DTLA,LAX
6714,72917.0,DTLA,LAX
6715,72927.0,ANH,LAX
6716,72938.0,UVS,LAX
6717,72938.0,DTLA,LAX
6718,72959.0,ANH,LAX
6719,72968.0,DTLA,LAX
6720,72975.0,ANH,LAX
6721,72996.0,BVH,LAX
6722,73002.0,ANH,LAX
6723,73010.0,WDHL,LAX
6724,73022.0,UVS,LAX
6725,73024.0,BVH,LAX
6726,73051.0,UVS,LAX
6727,73054.0,WDHL,LAX
6728,73063.0,HWD,LAX
6729,73065.0,LGB,LAX
6730,73072.0,DTLA,LAX
6731,73083.0,UVS,LAX
6732,73089.0,DTLA,LAX
6733,73093.0,HWD,LAX
6734,73093.0,ANH,LAX
6735,73094.0,HWD,LAX
6736,73095.0,HWD,LAX
6737,73102.0,DTLA,LAX
6738,73103.0,UVS,LAX
6739,73125.0,DTLA,LAX
6740,73129.0,ANH,LAX
6741,73130.0,PSD,LAX
6742,73148.0,DTLA,LAX
6743,73156.0,ANH,LAX
6744,73157.0,WDHL,LAX
6745,73160.0,WDHL,LAX
6746,73179.0,LGB,LAX
6747,73214.0,HWD,LAX
6748,73218.0,ANH,LAX
6749,73220.0,UVS,LAX
6750,73234.0,PSD,LAX
6751,73240.0,DTLA,LAX
6752,73242.0,HWD,LAX
6753,73246.0,LGB,LAX
6754,73247.0,HWD,LAX
6755,73249.0,DTLA,LAX
6756,73257.0,ANH,LAX
6757,73288.0,ANH,LAX
6758,73289.0,LGB,LAX
6759,73295.0,ANH,LAX
6760,73298.0,PSD,LAX
6761,73302.0,BVH,LAX
6762,73310.0,ANH,LAX
6763,73316.0,HWD,LAX
6764,73324.0,HWD,LAX
6765,73341.0,BVH,LAX
6766,73342.0,HWD,LAX
6767,73347.0,LGB,LAX
6768,73355.0,DTLA,LAX
6769,73364.0,DTLA,LAX
6770,73365.0,DTLA,LAX
6771,73370.0,DTLA,LAX
6772,73378.0,HWD,LAX
6773,73378.0,DTLA,LAX
6774,73384.0,ANH,LAX
6775,73386.0,ANH,LAX
6776,73386.0,UVS,LAX
6777,73386.0,HWD,LAX
6778,73393.0,DTLA,LAX
6779,73395.0,BVH,LAX
6780,73398.0,LGB,LAX
6781,73400.0,ANH,LAX
6782,73409.0,HWD,LAX
6783,73415.0,PSD,LAX
6784,73418.0,LGB,LAX
6785,73432.0,ANH,LAX
6786,73444.0,BVH,LAX
6787,73445.0,ANH,LAX
6788,73449.0,LGB,LAX
6789,73450.0,HWD,LAX
6790,73462.0,ANH,LAX
6791,73465.0,PSD,LAX
6792,73478.0,DTLA,LAX
6793,73500.0,PSD,LAX
6794,73503.0,ANH,LAX
6795,73511.0,BVH,LAX
6796,73523.0,PSD,LAX
6797,73528.0,HWD,LAX
6798,73542.0,HWD,LAX
6799,73545.0,HWD,LAX
6800,73566.0,BVH,LAX
6801,73570.0,ANH,LAX
6802,73573.0,DTLA,LAX
6803,73598.0,DTLA,LAX
6804,73606.0,DTLA,LAX
6805,73607.0,DTLA,LAX
6806,73637.0,HWD,LAX
6807,73646.0,WDHL,LAX
6808,73648.0,ANH,LAX
6809,73650.0,BVH,LAX
6810,73652.0,ANH,LAX
6811,73654.0,HWD,LAX
6812,73660.0,DTLA,LAX
6813,73681.0,LGB,LAX
6814,73685.0,HWD,LAX
6815,73688.0,ANH,LAX
6816,73691.0,ANH,LAX
6817,73697.0,DTLA,LAX
6818,73711.0,WDHL,LAX
6819,73718.0,ANH,LAX
6820,73722.0,BVH,LAX
6821,73726.0,ANH,LAX
6822,73732.0,BVH,LAX
6823,73733.0,WDHL,LAX
6824,73740.0,DTLA,LAX
6825,73742.0,LGB,LAX
6826,73745.0,ANH,LAX
6827,73748.0,LGB,LAX
6828,73754.0,BVH,LAX
6829,73755.0,PSD,LAX
6830,73759.0,DTLA,LAX
6831,73765.0,LGB,LAX
6832,73772.0,DTLA,LAX
6833,73776.0,LGB,LAX
6834,73777.0,DTLA,LAX
6835,73786.0,HWD,LAX
6836,73802.0,DTLA,LAX
6837,73809.0,ANH,LAX
6838,73811.0,WDHL,LAX
6839,73820.0,HWD,LAX
6840,73837.0,PSD,LAX
6841,73843.0,ANH,LAX
6842,73847.0,DTLA,LAX
6843,73849.0,BVH,LAX
6844,73851.0,HWD,LAX
6845,73884.0,UVS,LAX
6846,73885.0,ANH,LAX
6847,73885.0,LGB,LAX
6848,73886.0,BVH,LAX
6849,73886.0,DTLA,LAX
6850,73898.0,BVH,LAX
6851,73903.0,UVS,LAX
6852,73911.0,LGB,LAX
6853,73916.0,DTLA,LAX
6854,73926.0,DTLA,LAX
6855,73945.0,ANH,LAX
6856,73959.0,PSD,LAX
6857,73961.0,HWD,LAX
6858,73966.0,DTLA,LAX
6859,73971.0,ANH,LAX
6860,73973.0,UVS,LAX
6861,73976.0,UVS,LAX
6862,73976.0,WDHL,LAX
6863,73984.0,HWD,LAX
6864,73986.0,WDHL,LAX
6865,74005.0,LGB,LAX
6866,74013.0,ANH,LAX
6867,74049.0,LGB,LAX
6868,74062.0,PSD,LAX
6869,74067.0,DTLA,LAX
6870,74085.0,LGB,LAX
6871,74107.0,WDHL,LAX
6872,74112.0,ANH,LAX
6873,74116.0,UVS,LAX
6874,74119.0,HWD,LAX
6875,74121.0,LGB,LAX
6876,74125.0,PSD,LAX
6877,74128.0,ANH,LAX
6878,74149.0,LGB,LAX
6879,74163.0,DTLA,LAX
6880,74163.0,ANH,LAX
6881,74200.0,PSD,LAX
6882,74202.0,BVH,LAX
6883,74203.0,BVH,LAX
6884,74204.0,WDHL,LAX
6885,74209.0,DTLA,LAX
6886,74217.0,UVS,LAX
6887,74220.0,LGB,LAX
6888,74234.0,DTLA,LAX
6889,74235.0,HWD,LAX
6890,74238.0,DTLA,LAX
6891,74243.0,ANH,LAX
6892,74252.0,ANH,LAX
6893,74268.0,DTLA,LAX
6894,74274.0,DTLA,LAX
6895,74312.0,ANH,LAX
6896,74334.0,ANH,LAX
6897,74338.0,LGB,LAX
6898,74342.0,HWD,LAX
6899,74349.0,DTLA,LAX
6900,74359.0,PSD,LAX
6901,74361.0,WDHL,LAX
6902,74369.0,PSD,LAX
6903,74374.0,UVS,LAX
6904,74383.0,HWD,LAX
6905,74388.0,BVH,LAX
6906,74397.0,BVH,LAX
6907,74398.0,WDHL,LAX
6908,74407.0,UVS,LAX
6909,74416.0,UVS,LAX
6910,74417.0,ANH,LAX
6911,74423.0,ANH,LAX
6912,74429.0,UVS,LAX
6913,74430.0,HWD,LAX
6914,74442.0,DTLA,LAX
6915,74461.0,LGB,LAX
6916,74463.0,BVH,LAX
6917,74464.0,PSD,LAX
6918,74467.0,PSD,LAX
6919,74489.0,HWD,LAX
6920,74512.0,UVS,LAX
6921,74516.0,DTLA,LAX
6922,74520.0,WDHL,LAX
6923,74522.0,ANH,LAX
6924,74529.0,DTLA,LAX
6925,74537.0,ANH,LAX
6926,74550.0,LGB,LAX
6927,74558.0,LGB,LAX
6928,74565.0,DTLA,LAX
6929,74574.0,UVS,LAX
6930,74584.0,LGB,LAX
6931,74585.0,DTLA,LAX
6932,74597.0,DTLA,LAX
6933,74599.0,BVH,LAX
6934,74611.0,BVH,LAX
6935,74614.0,ANH,LAX
6936,74616.0,LGB,LAX
6937,74623.0,LGB,LAX
6938,74630.0,HWD,LAX
6939,74646.0,HWD,LAX
6940,74651.0,DTLA,LAX
6941,74659.0,DTLA,LAX
6942,74659.0,DTLA,LAX
6943,74672.0,BVH,LAX
6944,74677.0,LGB,LAX
6945,74686.0,HWD,LAX
6946,74704.0,LGB,LAX
6947,74705.0,LGB,LAX
6948,74717.0,HWD,LAX
6949,74718.0,ANH,LAX
6950,74737.0,LGB,LAX
6951,74737.0,ANH,LAX
6952,74746.0,UVS,LAX
6953,74763.0,ANH,LAX
6954,74783.0,UVS,LAX
6955,74789.0,DTLA,LAX
6956,74792.0,ANH,LAX
6957,74795.0,WDHL,LAX
6958,74795.0,ANH,LAX
6959,74796.0,HWD,LAX
6960,74813.0,BVH,LAX
6961,74823.0,ANH,LAX
6962,74841.0,WDHL,LAX
6963,74847.0,DTLA,LAX
6964,74858.0,LGB,LAX
6965,74871.0,DTLA,LAX
6966,74878.0,ANH,LAX
6967,74894.0,DTLA,LAX
6968,74895.0,WDHL,LAX
6969,74908.0,HWD,LAX
6970,74913.0,BVH,LAX
6971,74922.0,HWD,LAX
6972,74922.0,BVH,LAX
6973,74928.0,DTLA,LAX
6974,74937.0,LGB,LAX
6975,74941.0,DTLA,LAX
6976,74942.0,WDHL,LAX
6977,74971.0,LGB,LAX
6978,74974.0,BVH,LAX
6979,74990.0,HWD,LAX
6980,74992.0,HWD,LAX
6981,74992.0,ANH,LAX
6982,74994.0,DTLA,LAX
6983,74994.0,DTLA,LAX
6984,75002.0,ANH,LAX
6985,75005.0,HWD,LAX
6986,75012.0,ANH,LAX
6987,75019.0,WDHL,LAX
6988,75022.0,LGB,LAX
6989,75028.0,WDHL,LAX
6990,75031.0,LGB,LAX
6991,75040.0,DTLA,LAX
6992,75049.0,PSD,LAX
6993,75053.0,BVH,LAX
6994,75066.0,DTLA,LAX
6995,75067.0,WDHL,LAX
6996,75077.0,ANH,LAX
6997,75084.0,DTLA,LAX
6998,75085.0,DTLA,LAX
6999,75090.0,DTLA,LAX
7000,75096.0,LGB,LAX
7001,75097.0,DTLA,LAX
7002,75100.0,LGB,LAX
7003,75118.0,PSD,LAX
7004,75119.0,UVS,LAX
7005,75127.0,UVS,LAX
7006,75137.0,WDHL,LAX
7007,75141.0,HWD,LAX
7008,75154.0,DTLA,LAX
7009,75160.0,DTLA,LAX
7010,75160.0,UVS,LAX
7011,75169.0,ANH,LAX
7012,75174.0,UVS,LAX
7013,75177.0,BVH,LAX
7014,75192.0,LGB,LAX
7015,75196.0,LGB,LAX
7016,75201.0,HWD,LAX
7017,75206.0,LGB,LAX
7018,75208.0,HWD,LAX
7019,75221.0,LGB,LAX
7020,75222.0,DTLA,LAX
7021,75237.0,ANH,LAX
7022,75239.0,PSD,LAX
7023,75254.0,DTLA,LAX
7024,75256.0,PSD,LAX
7025,75259.0,WDHL,LAX
7026,75264.0,ANH,LAX
7027,75272.0,ANH,LAX
7028,75281.0,ANH,LAX
7029,75287.0,PSD,LAX
7030,75288.0,PSD,LAX
7031,75291.0,WDHL,LAX
7032,75292.0,ANH,LAX
7033,75300.0,PSD,LAX
7034,75305.0,BVH,LAX
7035,75317.0,ANH,LAX
7036,75317.0,BVH,LAX
7037,75320.0,BVH,LAX
7038,75326.0,PSD,LAX
7039,75350.0,LGB,LAX
7040,75352.0,ANH,LAX
7041,75357.0,BVH,LAX
7042,75370.0,DTLA,LAX
7043,75371.0,PSD,LAX
7044,75381.0,UVS,LAX
7045,75382.0,UVS,LAX
7046,75385.0,ANH,LAX
7047,75386.0,HWD,LAX
7048,75387.0,DTLA,LAX
7049,75390.0,ANH,LAX
7050,75413.0,LGB,LAX
7051,75426.0,LGB,LAX
7052,75429.0,ANH,LAX
7053,75442.0,DTLA,LAX
7054,75468.0,BVH,LAX
7055,75473.0,PSD,LAX
7056,75475.0,DTLA,LAX
7057,75476.0,HWD,LAX
7058,75479.0,ANH,LAX
7059,75489.0,PSD,LAX
7060,75491.0,UVS,LAX
7061,75505.0,LGB,LAX
7062,75508.0,PSD,LAX
7063,75508.0,LGB,LAX
7064,75512.0,LGB,LAX
7065,75515.0,DTLA,LAX
7066,75528.0,BVH,LAX
7067,75531.0,PSD,LAX
7068,75534.0,DTLA,LAX
7069,75539.0,DTLA,LAX
7070,75549.0,ANH,LAX
7071,75552.0,ANH,LAX
7072,75561.0,HWD,LAX
7073,75562.0,HWD,LAX
7074,75563.0,UVS,LAX
7075,75579.0,UVS,LAX
7076,75579.0,ANH,LAX
7077,75589.0,DTLA,LAX
7078,75589.0,LGB,LAX
7079,75603.0,LGB,LAX
7080,75618.0,ANH,LAX
7081,75645.0,HWD,LAX
7082,75645.0,ANH,LAX
7083,75650.0,DTLA,LAX
7084,75652.0,DTLA,LAX
7085,75657.0,ANH,LAX
7086,75662.0,UVS,LAX
7087,75668.0,LGB,LAX
7088,75673.0,ANH,LAX
7089,75685.0,DTLA,LAX
7090,75696.0,WDHL,LAX
7091,75702.0,DTLA,LAX
7092,75730.0,BVH,LAX
7093,75735.0,PSD,LAX
7094,75737.0,PSD,LAX
7095,75742.0,PSD,LAX
7096,75751.0,UVS,LAX
7097,75759.0,UVS,LAX
7098,75760.0,PSD,LAX
7099,75763.0,PSD,LAX
7100,75763.0,LGB,LAX
7101,75777.0,DTLA,LAX
7102,75779.0,ANH,LAX
7103,75785.0,LGB,LAX
7104,75789.0,HWD,LAX
7105,75801.0,BVH,LAX
7106,75812.0,ANH,LAX
7107,75839.0,WDHL,LAX
7108,75856.0,DTLA,LAX
7109,75862.0,ANH,LAX
7110,75874.0,ANH,LAX
7111,75878.0,HWD,LAX
7112,75885.0,HWD,LAX
7113,75887.0,DTLA,LAX
7114,75893.0,HWD,LAX
7115,75901.0,LGB,LAX
7116,75906.0,DTLA,LAX
7117,75907.0,ANH,LAX
7118,75915.0,ANH,LAX
7119,75949.0,WDHL,LAX
7120,75955.0,BVH,LAX
7121,75973.0,DTLA,LAX
7122,75980.0,LGB,LAX
7123,75981.0,UVS,LAX
7124,75989.0,LGB,LAX
7125,76006.0,UVS,LAX
7126,76006.0,HWD,LAX
7127,76007.0,ANH,LAX
7128,76011.0,WDHL,LAX
7129,76020.0,WDHL,LAX
7130,76025.0,ANH,LAX
7131,76032.0,BVH,LAX
7132,76035.0,DTLA,LAX
7133,76076.0,HWD,LAX
7134,76076.0,LGB,LAX
7135,76085.0,LGB,LAX
7136,76095.0,BVH,LAX
7137,76100.0,DTLA,LAX
7138,76100.0,WDHL,LAX
7139,76112.0,HWD,LAX
7140,76112.0,ANH,LAX
7141,76144.0,HWD,LAX
7142,76158.0,HWD,LAX
7143,76167.0,DTLA,LAX
7144,76173.0,HWD,LAX
7145,76186.0,PSD,LAX
7146,76200.0,WDHL,LAX
7147,76212.0,ANH,LAX
7148,76213.0,LGB,LAX
7149,76214.0,DTLA,LAX
7150,76215.0,HWD,LAX
7151,76217.0,HWD,LAX
7152,76218.0,HWD,LAX
7153,76222.0,WDHL,LAX
7154,76249.0,UVS,LAX
7155,76250.0,BVH,LAX
7156,76264.0,BVH,LAX
7157,76266.0,DTLA,LAX
7158,76277.0,WDHL,LAX
7159,76278.0,ANH,LAX
7160,76293.0,DTLA,LAX
7161,76300.0,DTLA,LAX
7162,76310.0,ANH,LAX
7163,76316.0,WDHL,LAX
7164,76323.0,BVH,LAX
7165,76330.0,PSD,LAX
7166,76340.0,DTLA,LAX
7167,76359.0,ANH,LAX
7168,76378.0,PSD,LAX
7169,76421.0,WDHL,LAX
7170,76426.0,DTLA,LAX
7171,76454.0,UVS,LAX
7172,76455.0,WDHL,LAX
7173,76461.0,LGB,LAX
7174,76470.0,ANH,LAX
7175,76535.0,HWD,LAX
7176,76546.0,DTLA,LAX
7177,76551.0,HWD,LAX
7178,76561.0,DTLA,LAX
7179,76561.0,HWD,LAX
7180,76562.0,WDHL,LAX
7181,76569.0,WDHL,LAX
7182,76570.0,HWD,LAX
7183,76573.0,DTLA,LAX
7184,76581.0,ANH,LAX
7185,76593.0,LGB,LAX
7186,76604.0,DTLA,LAX
7187,76619.0,BVH,LAX
7188,76624.0,HWD,LAX
7189,76625.0,DTLA,LAX
7190,76625.0,HWD,LAX
7191,76626.0,HWD,LAX
7192,76646.0,UVS,LAX
7193,76663.0,ANH,LAX
7194,76698.0,LGB,LAX
7195,76713.0,ANH,LAX
7196,76717.0,ANH,LAX
7197,76744.0,LGB,LAX
7198,76758.0,PSD,LAX
7199,76776.0,BVH,LAX
7200,76805.0,WDHL,LAX
7201,76807.0,PSD,LAX
7202,76810.0,HWD,LAX
7203,76821.0,UVS,LAX
7204,76821.0,WDHL,LAX
7205,76821.0,DTLA,LAX
7206,76826.0,HWD,LAX
7207,76829.0,ANH,LAX
7208,76837.0,LGB,LAX
7209,76838.0,HWD,LAX
7210,76845.0,HWD,LAX
7211,76873.0,DTLA,LAX
7212,76880.0,HWD,LAX
7213,76881.0,DTLA,LAX
7214,76901.0,LGB,LAX
7215,76904.0,WDHL,LAX
7216,76905.0,BVH,LAX
7217,76924.0,DTLA,LAX
7218,76926.0,ANH,LAX
7219,76937.0,LGB,LAX
7220,76956.0,LGB,LAX
7221,76960.0,HWD,LAX
7222,76970.0,PSD,LAX
7223,76972.0,DTLA,LAX
7224,76984.0,PSD,LAX
7225,76986.0,WDHL,LAX
7226,76994.0,ANH,LAX
7227,77028.0,UVS,LAX
7228,77035.0,ANH,LAX
7229,77042.0,BVH,LAX
7230,77054.0,PSD,LAX
7231,77067.0,LGB,LAX
7232,77080.0,DTLA,LAX
7233,77127.0,DTLA,LAX
7234,77133.0,LGB,LAX
7235,77143.0,WDHL,LAX
7236,77146.0,ANH,LAX
7237,77151.0,LGB,LAX
7238,77157.0,HWD,LAX
7239,77161.0,HWD,LAX
7240,77190.0,WDHL,LAX
7241,77230.0,ANH,LAX
7242,77253.0,HWD,LAX
7243,77263.0,ANH,LAX
7244,77264.0,HWD,LAX
7245,77272.0,HWD,LAX
7246,77272.0,ANH,LAX
7247,77277.0,HWD,LAX
7248,77304.0,BVH,LAX
7249,77360.0,PSD,LAX
7250,77366.0,ANH,LAX
7251,77401.0,ANH,LAX
7252,77421.0,LGB,LAX
7253,77424.0,ANH,LAX
7254,77433.0,DTLA,LAX
7255,77446.0,ANH,LAX
7256,77447.0,ANH,LAX
7257,77484.0,BVH,LAX
7258,77490.0,ANH,LAX
7259,77500.0,ANH,LAX
7260,77504.0,LGB,LAX
7261,77530.0,DTLA,LAX
7262,77561.0,DTLA,LAX
7263,77566.0,LGB,LAX
7264,77570.0,ANH,LAX
7265,77570.0,PSD,LAX
7266,77576.0,ANH,LAX
7267,77577.0,DTLA,LAX
7268,77592.0,LGB,LAX
7269,77594.0,WDHL,LAX
7270,77598.0,HWD,LAX
7271,77612.0,PSD,LAX
7272,77617.0,HWD,LAX
7273,77619.0,ANH,LAX
7274,77632.0,PSD,LAX
7275,77643.0,DTLA,LAX
7276,77652.0,DTLA,LAX
7277,77687.0,PSD,LAX
7278,77696.0,WDHL,LAX
7279,77700.0,DTLA,LAX
7280,77716.0,LGB,LAX
7281,77733.0,DTLA,LAX
7282,77735.0,HWD,LAX
7283,77747.0,HWD,LAX
7284,77765.0,LGB,LAX
7285,77771.0,DTLA,LAX
7286,77780.0,DTLA,LAX
7287,77816.0,ANH,LAX
7288,77820.0,ANH,LAX
7289,77903.0,ANH,LAX
7290,77911.0,ANH,LAX
7291,77925.0,PSD,LAX
7292,77940.0,PSD,LAX
7293,77948.0,PSD,LAX
7294,77976.0,BVH,LAX
7295,77988.0,UVS,LAX
7296,77995.0,LGB,LAX
7297,77998.0,PSD,LAX
7298,78025.0,HWD,LAX
7299,78030.0,PSD,LAX
7300,78038.0,LGB,LAX
7301,78071.0,ANH,LAX
7302,78073.0,HWD,LAX
7303,78078.0,LGB,LAX
7304,78078.0,PSD,LAX
7305,78082.0,BVH,LAX
7306,78092.0,LGB,LAX
7307,78096.0,BVH,LAX
7308,78108.0,LGB,LAX
7309,78117.0,ANH,LAX
7310,78123.0,WDHL,LAX
7311,78125.0,HWD,LAX
7312,78132.0,DTLA,LAX
7313,78134.0,DTLA,LAX
7314,78144.0,DTLA,LAX
7315,78149.0,DTLA,LAX
7316,78166.0,WDHL,LAX
7317,78167.0,BVH,LAX
7318,78197.0,ANH,LAX
7319,78209.0,DTLA,LAX
7320,78213.0,ANH,LAX
7321,78231.0,DTLA,LAX
7322,78245.0,PSD,LAX
7323,78251.0,ANH,LAX
7324,78263.0,DTLA,LAX
7325,78265.0,HWD,LAX
7326,78279.0,DTLA,LAX
7327,78280.0,LGB,LAX
7328,78288.0,DTLA,LAX
7329,78303.0,DTLA,LAX
7330,78319.0,BVH,LAX
7331,78334.0,DTLA,LAX
7332,78335.0,ANH,LAX
7333,78337.0,DTLA,LAX
7334,78341.0,DTLA,LAX
7335,78347.0,ANH,LAX
7336,78354.0,BVH,LAX
7337,78356.0,BVH,LAX
7338,78366.0,HWD,LAX
7339,78370.0,DTLA,LAX
7340,78372.0,WDHL,LAX
7341,78380.0,ANH,LAX
7342,78392.0,HWD,LAX
7343,78396.0,ANH,LAX
7344,78417.0,PSD,LAX
7345,78424.0,ANH,LAX
7346,78433.0,DTLA,LAX
7347,78440.0,DTLA,LAX
7348,78441.0,DTLA,LAX
7349,78475.0,LGB,LAX
7350,78503.0,DTLA,LAX
7351,78519.0,PSD,LAX
7352,78531.0,WDHL,LAX
7353,78540.0,ANH,LAX
7354,78552.0,HWD,LAX
7355,78553.0,DTLA,LAX
7356,78558.0,PSD,LAX
7357,78579.0,WDHL,LAX
7358,78593.0,BVH,LAX
7359,78616.0,ANH,LAX
7360,78616.0,LGB,LAX
7361,78628.0,LGB,LAX
7362,78640.0,BVH,LAX
7363,78644.0,DTLA,LAX
7364,78649.0,DTLA,LAX
7365,78652.0,BVH,LAX
7366,78673.0,HWD,LAX
7367,78674.0,WDHL,LAX
7368,78678.0,DTLA,LAX
7369,78709.0,ANH,LAX
7370,78726.0,DTLA,LAX
7371,78726.0,DTLA,LAX
7372,78739.0,HWD,LAX
7373,78778.0,HWD,LAX
7374,78784.0,BVH,LAX
7375,78798.0,WDHL,LAX
7376,78810.0,DTLA,LAX
7377,78815.0,ANH,LAX
7378,78820.0,DTLA,LAX
7379,78825.0,BVH,LAX
7380,78833.0,UVS,LAX
7381,78837.0,LGB,LAX
7382,78870.0,BVH,LAX
7383,78872.0,DTLA,LAX
7384,78877.0,ANH,LAX
7385,78879.0,PSD,LAX
7386,78895.0,LGB,LAX
7387,78916.0,BVH,LAX
7388,78929.0,ANH,LAX
7389,78968.0,ANH,LAX
7390,78973.0,UVS,LAX
7391,78974.0,BVH,LAX
7392,78976.0,BVH,LAX
7393,78977.0,LGB,LAX
7394,79020.0,PSD,LAX
7395,79023.0,HWD,LAX
7396,79030.0,DTLA,LAX
7397,79036.0,DTLA,LAX
7398,79053.0,PSD,LAX
7399,79055.0,HWD,LAX
7400,79057.0,PSD,LAX
7401,79063.0,DTLA,LAX
7402,79080.0,ANH,LAX
7403,79084.0,DTLA,LAX
7404,79101.0,BVH,LAX
7405,79107.0,DTLA,LAX
7406,79158.0,DTLA,LAX
7407,79159.0,LGB,LAX
7408,79162.0,DTLA,LAX
7409,79175.0,ANH,LAX
7410,79219.0,DTLA,LAX
7411,79233.0,BVH,LAX
7412,79246.0,WDHL,LAX
7413,79257.0,BVH,LAX
7414,79303.0,ANH,LAX
7415,79330.0,PSD,LAX
7416,79350.0,LGB,LAX
7417,79399.0,ANH,LAX
7418,79402.0,ANH,LAX
7419,79418.0,ANH,LAX
7420,79419.0,HWD,LAX
7421,79426.0,HWD,LAX
7422,79430.0,PSD,LAX
7423,79431.0,BVH,LAX
7424,79441.0,DTLA,LAX
7425,79441.0,DTLA,LAX
7426,79444.0,ANH,LAX
7427,79458.0,DTLA,LAX
7428,79504.0,LGB,LAX
7429,79515.0,PSD,LAX
7430,79518.0,DTLA,LAX
7431,79520.0,PSD,LAX
7432,79522.0,UVS,LAX
7433,79525.0,PSD,LAX
7434,79525.0,DTLA,LAX
7435,79586.0,BVH,LAX
7436,79595.0,ANH,LAX
7437,79600.0,ANH,LAX
7438,79614.0,ANH,LAX
7439,79623.0,PSD,LAX
7440,79640.0,ANH,LAX
7441,79645.0,PSD,LAX
7442,79662.0,DTLA,LAX
7443,79675.0,DTLA,LAX
7444,79683.0,ANH,LAX
7445,79688.0,ANH,LAX
7446,79689.0,PSD,LAX
7447,79695.0,ANH,LAX
7448,79726.0,HWD,LAX
7449,79742.0,DTLA,LAX
7450,79750.0,HWD,LAX
7451,79775.0,HWD,LAX
7452,79834.0,WDHL,LAX
7453,79862.0,ANH,LAX
7454,79871.0,DTLA,LAX
7455,79875.0,HWD,LAX
7456,79877.0,HWD,LAX
7457,79886.0,DTLA,LAX
7458,79896.0,DTLA,LAX
7459,79906.0,LGB,LAX
7460,79922.0,DTLA,LAX
7461,80004.0,ANH,LAX
7462,80026.0,DTLA,LAX
7463,80050.0,HWD,LAX
7464,80072.0,HWD,LAX
7465,80112.0,HWD,LAX
7466,80116.0,ANH,LAX
7467,80151.0,DTLA,LAX
7468,80160.0,ANH,LAX
7469,80175.0,ANH,LAX
7470,80216.0,ANH,LAX
7471,80237.0,WDHL,LAX
7472,80251.0,PSD,LAX
7473,80269.0,DTLA,LAX
7474,80274.0,HWD,LAX
7475,80292.0,WDHL,LAX
7476,80305.0,LGB,LAX
7477,80324.0,HWD,LAX
7478,80336.0,ANH,LAX
7479,80338.0,ANH,LAX
7480,80350.0,DTLA,LAX
7481,80363.0,DTLA,LAX
7482,80408.0,ANH,LAX
7483,80445.0,ANH,LAX
7484,80454.0,DTLA,LAX
7485,80462.0,WDHL,LAX
7486,80492.0,DTLA,LAX
7487,80535.0,HWD,LAX
7488,80555.0,HWD,LAX
7489,80571.0,HWD,LAX
7490,80608.0,HWD,LAX
7491,80637.0,WDHL,LAX
7492,80639.0,ANH,LAX
7493,80640.0,ANH,LAX
7494,80653.0,DTLA,LAX
7495,80674.0,PSD,LAX
7496,80724.0,ANH,LAX
7497,80792.0,UVS,LAX
7498,80863.0,HWD,LAX
7499,80865.0,DTLA,LAX
7500,80878.0,DTLA,LAX
7501,80882.0,DTLA,LAX
7502,80890.0,PSD,LAX
7503,80890.0,DTLA,LAX
7504,80918.0,DTLA,LAX
7505,80922.0,HWD,LAX
7506,80929.0,DTLA,LAX
7507,80942.0,DTLA,LAX
7508,80955.0,PSD,LAX
7509,80984.0,DTLA,LAX
7510,81002.0,LGB,LAX
7511,81011.0,PSD,LAX
7512,81061.0,HWD,LAX
7513,81082.0,LGB,LAX
7514,81132.0,DTLA,LAX
7515,81192.0,LGB,LAX
7516,81206.0,LGB,LAX
7517,81249.0,HWD,LAX
7518,81260.0,ANH,LAX
7519,81282.0,HWD,LAX
7520,81298.0,PSD,LAX
7521,81344.0,PSD,LAX
7522,81352.0,HWD,LAX
7523,81398.0,WDHL,LAX
7524,81399.0,LGB,LAX
7525,81424.0,HWD,LAX
7526,81484.0,ANH,LAX
7527,81490.0,DTLA,LAX
7528,81504.0,ANH,LAX
7529,81507.0,WDHL,LAX
7530,81511.0,DTLA,LAX
7531,81527.0,PSD,LAX
7532,81551.0,DTLA,LAX
7533,81554.0,UVS,LAX
7534,81571.0,LGB,LAX
7535,81611.0,DTLA,LAX
7536,81625.0,ANH,LAX
7537,81637.0,DTLA,LAX
7538,81645.0,ANH,LAX
7539,81663.0,ANH,LAX
7540,81719.0,PSD,LAX
7541,81722.0,WDHL,LAX
7542,81728.0,HWD,LAX
7543,81733.0,PSD,LAX
7544,81816.0,HWD,LAX
7545,81821.0,ANH,LAX
7546,81822.0,UVS,LAX
7547,81826.0,HWD,LAX
7548,81829.0,HWD,LAX
7549,81841.0,WDHL,LAX
7550,81845.0,UVS,LAX
7551,81857.0,LGB,LAX
7552,81869.0,HWD,LAX
7553,81877.0,PSD,LAX
7554,81880.0,DTLA,LAX
7555,81895.0,HWD,LAX
7556,81979.0,HWD,LAX
7557,81988.0,LGB,LAX
7558,82006.0,ANH,LAX
7559,82022.0,HWD,LAX
7560,82048.0,PSD,LAX
7561,82049.0,HWD,LAX
7562,82062.0,HWD,LAX
7563,82073.0,LGB,LAX
7564,82108.0,DTLA,LAX
7565,82109.0,DTLA,LAX
7566,82166.0,DTLA,LAX
7567,82190.0,WDHL,LAX
7568,82225.0,LGB,LAX
7569,82251.0,BVH,LAX
7570,82252.0,PSD,LAX
7571,82267.0,HWD,LAX
7572,82283.0,BVH,LAX
7573,82293.0,UVS,LAX
7574,82301.0,DTLA,LAX
7575,82305.0,HWD,LAX
7576,82311.0,LGB,LAX
7577,82374.0,LGB,LAX
7578,82381.0,BVH,LAX
7579,82381.0,BVH,LAX
7580,82392.0,HWD,LAX
7581,82402.0,ANH,LAX
7582,82446.0,ANH,LAX
7583,82540.0,ANH,LAX
7584,82542.0,HWD,LAX
7585,82559.0,PSD,LAX
7586,82569.0,DTLA,LAX
7587,82582.0,DTLA,LAX
7588,82589.0,DTLA,LAX
7589,82600.0,DTLA,LAX
7590,82607.0,DTLA,LAX
7591,82644.0,ANH,LAX
7592,82649.0,ANH,LAX
7593,82656.0,HWD,LAX
7594,82661.0,DTLA,LAX
7595,82707.0,DTLA,LAX
7596,82727.0,DTLA,LAX
7597,82727.0,HWD,LAX
7598,82740.0,ANH,LAX
7599,82751.0,UVS,LAX
7600,82782.0,LGB,LAX
7601,82786.0,PSD,LAX
7602,82861.0,PSD,LAX
7603,82898.0,HWD,LAX
7604,82903.0,LGB,LAX
7605,82911.0,BVH,LAX
7606,82913.0,BVH,LAX
7607,82998.0,HWD,LAX
7608,83111.0,ANH,LAX
7609,83168.0,DTLA,LAX
7610,83247.0,DTLA,LAX
7611,83268.0,BVH,LAX
7612,83293.0,PSD,LAX
7613,83301.0,WDHL,LAX
7614,83389.0,DTLA,LAX
7615,83417.0,BVH,LAX
7616,83420.0,HWD,LAX
7617,83428.0,HWD,LAX
7618,83456.0,ANH,LAX
7619,83530.0,LGB,LAX
7620,83530.0,HWD,LAX
7621,83560.0,DTLA,LAX
7622,83677.0,DTLA,LAX
7623,83708.0,LGB,LAX
7624,83746.0,HWD,LAX
7625,83778.0,PSD,LAX
7626,84075.0,ANH,LAX
7627,84241.0,DTLA,LAX
7628,84660.0,BVH,LAX
7629,84871.0,DTLA,LAX
7630,84921.0,DTLA,LAX
7631,85003.0,HWD,LAX
7632,85154.0,ANH,LAX
7633,85231.0,BVH,LAX
7634,85427.0,HWD,LAX
7635,85559.0,DTLA,LAX
7636,85691.0,DTLA,LAX
7637,85857.0,PSD,LAX
7638,86080.0,ANH,LAX
7639,86131.0,HWD,LAX
7640,86137.0,UVS,LAX
7641,86400.0,DTLA,LAX
7642,0.0,LAX,DTLA
7643,118.0,LAX,ANH
7644,181.0,LAX,DTLA
7645,256.0,LAX,PSD
7646,275.0,LAX,ANH
7647,276.0,LAX,WDHL
7648,288.0,LAX,DTLA
7649,304.0,LAX,PSD
7650,317.0,LAX,LGB
7651,323.0,LAX,LGB
7652,328.0,LAX,PSD
7653,334.0,LAX,DTLA
7654,339.0,LAX,HWD
7655,348.0,LAX,ANH
7656,369.0,LAX,LGB
7657,387.0,LAX,HWD
7658,392.0,LAX,BVH
7659,393.0,LAX,DTLA
7660,410.0,LAX,WDHL
7661,415.0,LAX,UVS
7662,422.0,LAX,WDHL
7663,428.0,LAX,HWD
7664,430.0,LAX,ANH
7665,443.0,LAX,PSD
7666,458.0,LAX,ANH
7667,460.0,LAX,HWD
7668,474.0,LAX,BVH
7669,480.0,LAX,HWD
7670,486.0,LAX,DTLA
7671,510.0,LAX,HWD
7672,511.0,LAX,LGB
7673,514.0,LAX,HWD
7674,515.0,LAX,HWD
7675,523.0,LAX,HWD
7676,557.0,LAX,HWD
7677,581.0,LAX,DTLA
7678,588.0,LAX,BVH
7679,596.0,LAX,ANH
7680,606.0,LAX,LGB
7681,611.0,LAX,BVH
7682,636.0,LAX,BVH
7683,704.0,LAX,ANH
7684,714.0,LAX,ANH
7685,719.0,LAX,ANH
7686,732.0,LAX,HWD
7687,751.0,LAX,ANH
7688,763.0,LAX,LGB
7689,765.0,LAX,ANH
7690,805.0,LAX,LGB
7691,832.0,LAX,HWD
7692,894.0,LAX,LGB
7693,930.0,LAX,LGB
7694,951.0,LAX,BVH
7695,953.0,LAX,WDHL
7696,960.0,LAX,ANH
7697,960.0,LAX,PSD
7698,993.0,LAX,DTLA
7699,1025.0,LAX,ANH
7700,1044.0,LAX,PSD
7701,1049.0,LAX,PSD
7702,1051.0,LAX,PSD
7703,1080.0,LAX,DTLA
7704,1099.0,LAX,DTLA
7705,1179.0,LAX,UVS
7706,1198.0,LAX,ANH
7707,1205.0,LAX,WDHL
7708,1212.0,LAX,ANH
7709,1229.0,LAX,LGB
7710,1260.0,LAX,ANH
7711,1262.0,LAX,WDHL
7712,1286.0,LAX,LGB
7713,1515.0,LAX,BVH
7714,1524.0,LAX,UVS
7715,1637.0,LAX,DTLA
7716,1836.0,LAX,WDHL
7717,1854.0,LAX,PSD
7718,1907.0,LAX,PSD
7719,1921.0,LAX,HWD
7720,1974.0,LAX,DTLA
7721,1993.0,LAX,LGB
7722,1999.0,LAX,LGB
7723,2054.0,LAX,DTLA
7724,2082.0,LAX,HWD
7725,2103.0,LAX,WDHL
7726,2109.0,LAX,HWD
7727,2132.0,LAX,LGB
7728,2134.0,LAX,ANH
7729,2134.0,LAX,ANH
7730,2144.0,LAX,LGB
7731,2153.0,LAX,ANH
7732,2161.0,LAX,LGB
7733,2204.0,LAX,DTLA
7734,2224.0,LAX,HWD
7735,2300.0,LAX,PSD
7736,2324.0,LAX,UVS
7737,2376.0,LAX,ANH
7738,2402.0,LAX,HWD
7739,2407.0,LAX,ANH
7740,2472.0,LAX,DTLA
7741,2515.0,LAX,ANH
7742,3949.0,LAX,HWD
7743,4038.0,LAX,BVH
7744,4072.0,LAX,PSD
7745,4122.0,LAX,DTLA
7746,4154.0,LAX,HWD
7747,4177.0,LAX,HWD
7748,4213.0,LAX,PSD
7749,5101.0,LAX,DTLA
7750,5135.0,LAX,DTLA
7751,5136.0,LAX,LGB
7752,5147.0,LAX,DTLA
7753,5161.0,LAX,ANH
7754,5171.0,LAX,DTLA
7755,5172.0,LAX,ANH
7756,5174.0,LAX,DTLA
7757,5182.0,LAX,ANH
7758,5236.0,LAX,HWD
7759,5313.0,LAX,HWD
7760,6998.0,LAX,ANH
7761,7043.0,LAX,DTLA
7762,7068.0,LAX,HWD
7763,7069.0,LAX,UVS
7764,7070.0,LAX,DTLA
7765,7101.0,LAX,PSD
7766,7119.0,LAX,DTLA
7767,7154.0,LAX,ANH
7768,7169.0,LAX,LGB
7769,7172.0,LAX,LGB
7770,7229.0,LAX,DTLA
7771,14744.0,LAX,DTLA
7772,14771.0,LAX,BVH
7773,14775.0,LAX,DTLA
7774,14781.0,LAX,ANH
7775,14788.0,LAX,DTLA
7776,14789.0,LAX,LGB
7777,14790.0,LAX,UVS
7778,14806.0,LAX,BVH
7779,14811.0,LAX,DTLA
7780,14813.0,LAX,HWD
7781,14830.0,LAX,PSD
7782,14839.0,LAX,DTLA
7783,14845.0,LAX,DTLA
7784,14851.0,LAX,LGB
7785,14856.0,LAX,ANH
7786,14865.0,LAX,PSD
7787,14868.0,LAX,LGB
7788,14874.0,LAX,DTLA
7789,14888.0,LAX,DTLA
7790,14891.0,LAX,WDHL
7791,14894.0,LAX,LGB
7792,14900.0,LAX,WDHL
7793,14920.0,LAX,WDHL
7794,14947.0,LAX,DTLA
7795,14952.0,LAX,ANH
7796,14958.0,LAX,PSD
7797,14983.0,LAX,HWD
7798,15097.0,LAX,HWD
7799,18170.0,LAX,PSD
7800,18183.0,LAX,ANH
7801,18203.0,LAX,LGB
7802,18222.0,LAX,PSD
7803,18243.0,LAX,DTLA
7804,18278.0,LAX,ANH
7805,18283.0,LAX,ANH
7806,18346.0,LAX,DTLA
7807,18389.0,LAX,DTLA
7808,18390.0,LAX,DTLA
7809,18399.0,LAX,ANH
7810,19045.0,LAX,WDHL
7811,19073.0,LAX,DTLA
7812,19100.0,LAX,DTLA
7813,19105.0,LAX,BVH
7814,19124.0,LAX,DTLA
7815,19184.0,LAX,DTLA
7816,19203.0,LAX,DTLA
7817,19219.0,LAX,LGB
7818,19221.0,LAX,LGB
7819,19264.0,LAX,PSD
7820,19270.0,LAX,ANH
7821,19291.0,LAX,HWD
7822,19357.0,LAX,DTLA
7823,19359.0,LAX,HWD
7824,19382.0,LAX,LGB
7825,19389.0,LAX,DTLA
7826,19401.0,LAX,LGB
7827,19404.0,LAX,ANH
7828,19414.0,LAX,LGB
7829,19416.0,LAX,DTLA
7830,19424.0,LAX,ANH
7831,19434.0,LAX,UVS
7832,19436.0,LAX,ANH
7833,19439.0,LAX,DTLA
7834,19442.0,LAX,LGB
7835,19464.0,LAX,DTLA
7836,19472.0,LAX,ANH
7837,19474.0,LAX,ANH
7838,19533.0,LAX,BVH
7839,19566.0,LAX,HWD
7840,19569.0,LAX,BVH
7841,19575.0,LAX,DTLA
7842,19617.0,LAX,DTLA
7843,19725.0,LAX,LGB
7844,19759.0,LAX,DTLA
7845,19769.0,LAX,LGB
7846,19781.0,LAX,DTLA
7847,19793.0,LAX,HWD
7848,19833.0,LAX,DTLA
7849,19837.0,LAX,HWD
7850,19837.0,LAX,DTLA
7851,19844.0,LAX,DTLA
7852,19858.0,LAX,BVH
7853,19870.0,LAX,LGB
7854,19870.0,LAX,UVS
7855,19871.0,LAX,ANH
7856,19876.0,LAX,ANH
7857,19879.0,LAX,ANH
7858,19888.0,LAX,WDHL
7859,19889.0,LAX,ANH
7860,19899.0,LAX,ANH
7861,19905.0,LAX,LGB
7862,19907.0,LAX,HWD
7863,19917.0,LAX,PSD
7864,19927.0,LAX,ANH
7865,19938.0,LAX,WDHL
7866,19940.0,LAX,BVH
7867,19946.0,LAX,UVS
7868,19947.0,LAX,PSD
7869,19948.0,LAX,ANH
7870,19971.0,LAX,UVS
7871,19977.0,LAX,LGB
7872,19992.0,LAX,ANH
7873,20046.0,LAX,HWD
7874,20052.0,LAX,LGB
7875,20129.0,LAX,ANH
7876,20136.0,LAX,DTLA
7877,20176.0,LAX,BVH
7878,20209.0,LAX,HWD
7879,20248.0,LAX,HWD
7880,20339.0,LAX,ANH
7881,20364.0,LAX,UVS
7882,21187.0,LAX,DTLA
7883,21208.0,LAX,HWD
7884,21239.0,LAX,HWD
7885,21240.0,LAX,UVS
7886,21269.0,LAX,DTLA
7887,21290.0,LAX,PSD
7888,21323.0,LAX,BVH
7889,21329.0,LAX,PSD
7890,21342.0,LAX,BVH
7891,21366.0,LAX,ANH
7892,21371.0,LAX,HWD
7893,21396.0,LAX,DTLA
7894,21403.0,LAX,ANH
7895,21421.0,LAX,LGB
7896,21451.0,LAX,UVS
7897,21547.0,LAX,LGB
7898,21961.0,LAX,PSD
7899,21976.0,LAX,PSD
7900,21985.0,LAX,WDHL
7901,22016.0,LAX,HWD
7902,22019.0,LAX,WDHL
7903,22021.0,LAX,LGB
7904,22054.0,LAX,DTLA
7905,22074.0,LAX,ANH
7906,22074.0,LAX,DTLA
7907,22083.0,LAX,DTLA
7908,22114.0,LAX,ANH
7909,22118.0,LAX,ANH
7910,22121.0,LAX,BVH
7911,22158.0,LAX,ANH
7912,22170.0,LAX,PSD
7913,22206.0,LAX,ANH
7914,22243.0,LAX,DTLA
7915,22246.0,LAX,ANH
7916,22257.0,LAX,WDHL
7917,22260.0,LAX,DTLA
7918,22264.0,LAX,LGB
7919,22266.0,LAX,HWD
7920,22270.0,LAX,DTLA
7921,22271.0,LAX,HWD
7922,22278.0,LAX,WDHL
7923,22279.0,LAX,DTLA
7924,22285.0,LAX,ANH
7925,22291.0,LAX,DTLA
7926,22293.0,LAX,DTLA
7927,22293.0,LAX,ANH
7928,22297.0,LAX,ANH
7929,22304.0,LAX,ANH
7930,22305.0,LAX,DTLA
7931,22308.0,LAX,ANH
7932,22308.0,LAX,LGB
7933,22319.0,LAX,ANH
7934,22325.0,LAX,UVS
7935,22325.0,LAX,PSD
7936,22328.0,LAX,LGB
7937,22332.0,LAX,HWD
7938,22333.0,LAX,BVH
7939,22338.0,LAX,ANH
7940,22344.0,LAX,ANH
7941,22358.0,LAX,DTLA
7942,22359.0,LAX,ANH
7943,22370.0,LAX,PSD
7944,22373.0,LAX,BVH
7945,22379.0,LAX,WDHL
7946,22379.0,LAX,HWD
7947,22381.0,LAX,PSD
7948,22383.0,LAX,DTLA
7949,22399.0,LAX,ANH
7950,22417.0,LAX,WDHL
7951,22424.0,LAX,LGB
7952,22426.0,LAX,WDHL
7953,22428.0,LAX,HWD
7954,22432.0,LAX,PSD
7955,22436.0,LAX,DTLA
7956,22437.0,LAX,PSD
7957,22451.0,LAX,ANH
7958,22452.0,LAX,DTLA
7959,22458.0,LAX,ANH
7960,22473.0,LAX,UVS
7961,22480.0,LAX,HWD
7962,22485.0,LAX,DTLA
7963,22705.0,LAX,HWD
7964,23027.0,LAX,LGB
7965,23099.0,LAX,PSD
7966,23104.0,LAX,HWD
7967,23110.0,LAX,DTLA
7968,23139.0,LAX,ANH
7969,23190.0,LAX,LGB
7970,23194.0,LAX,HWD
7971,23201.0,LAX,DTLA
7972,23207.0,LAX,PSD
7973,23225.0,LAX,DTLA
7974,23236.0,LAX,DTLA
7975,23278.0,LAX,DTLA
7976,23289.0,LAX,LGB
7977,23439.0,LAX,DTLA
7978,23470.0,LAX,DTLA
7979,23473.0,LAX,ANH
7980,23484.0,LAX,LGB
7981,23486.0,LAX,DTLA
7982,23486.0,LAX,HWD
7983,23492.0,LAX,ANH
7984,23493.0,LAX,BVH
7985,23505.0,LAX,HWD
7986,23533.0,LAX,DTLA
7987,23562.0,LAX,PSD
7988,23566.0,LAX,LGB
7989,23581.0,LAX,PSD
7990,23601.0,LAX,ANH
7991,23605.0,LAX,LGB
7992,23606.0,LAX,UVS
7993,23614.0,LAX,ANH
7994,23633.0,LAX,HWD
7995,23641.0,LAX,BVH
7996,23660.0,LAX,DTLA
7997,23664.0,LAX,ANH
7998,23687.0,LAX,DTLA
7999,23696.0,LAX,UVS
8000,23704.0,LAX,ANH
8001,23715.0,LAX,ANH
8002,23718.0,LAX,HWD
8003,23731.0,LAX,ANH
8004,23731.0,LAX,LGB
8005,23735.0,LAX,BVH
8006,23738.0,LAX,ANH
8007,23747.0,LAX,BVH
8008,23753.0,LAX,BVH
8009,23763.0,LAX,ANH
8010,23769.0,LAX,DTLA
8011,23771.0,LAX,DTLA
8012,23777.0,LAX,WDHL
8013,23779.0,LAX,ANH
8014,23784.0,LAX,LGB
8015,23821.0,LAX,WDHL
8016,23828.0,LAX,LGB
8017,23829.0,LAX,LGB
8018,23831.0,LAX,ANH
8019,23835.0,LAX,HWD
8020,23841.0,LAX,LGB
8021,23845.0,LAX,PSD
8022,23846.0,LAX,DTLA
8023,23847.0,LAX,PSD
8024,23866.0,LAX,HWD
8025,23868.0,LAX,WDHL
8026,23873.0,LAX,ANH
8027,23884.0,LAX,WDHL
8028,23887.0,LAX,LGB
8029,23905.0,LAX,HWD
8030,23909.0,LAX,ANH
8031,23913.0,LAX,HWD
8032,23913.0,LAX,DTLA
8033,23916.0,LAX,HWD
8034,23924.0,LAX,WDHL
8035,23937.0,LAX,DTLA
8036,23959.0,LAX,BVH
8037,23961.0,LAX,HWD
8038,23980.0,LAX,LGB
8039,23987.0,LAX,DTLA
8040,23990.0,LAX,ANH
8041,23995.0,LAX,UVS
8042,23999.0,LAX,PSD
8043,24024.0,LAX,BVH
8044,24027.0,LAX,LGB
8045,24057.0,LAX,ANH
8046,24112.0,LAX,WDHL
8047,24117.0,LAX,PSD
8048,24154.0,LAX,DTLA
8049,24193.0,LAX,PSD
8050,24204.0,LAX,DTLA
8051,24223.0,LAX,BVH
8052,24243.0,LAX,ANH
8053,24247.0,LAX,PSD
8054,24252.0,LAX,LGB
8055,24252.0,LAX,PSD
8056,24254.0,LAX,ANH
8057,24254.0,LAX,DTLA
8058,24274.0,LAX,BVH
8059,24291.0,LAX,LGB
8060,24306.0,LAX,HWD
8061,24320.0,LAX,DTLA
8062,24356.0,LAX,UVS
8063,24363.0,LAX,HWD
8064,24366.0,LAX,ANH
8065,24378.0,LAX,ANH
8066,24383.0,LAX,WDHL
8067,24500.0,LAX,ANH
8068,24511.0,LAX,ANH
8069,24516.0,LAX,WDHL
8070,24556.0,LAX,DTLA
8071,24583.0,LAX,LGB
8072,24584.0,LAX,UVS
8073,24598.0,LAX,DTLA
8074,24613.0,LAX,PSD
8075,24618.0,LAX,HWD
8076,24639.0,LAX,ANH
8077,24640.0,LAX,ANH
8078,24641.0,LAX,DTLA
8079,24641.0,LAX,ANH
8080,24649.0,LAX,HWD
8081,24661.0,LAX,PSD
8082,24663.0,LAX,UVS
8083,24665.0,LAX,ANH
8084,24676.0,LAX,HWD
8085,24679.0,LAX,LGB
8086,24686.0,LAX,HWD
8087,24690.0,LAX,DTLA
8088,24692.0,LAX,DTLA
8089,24695.0,LAX,ANH
8090,24705.0,LAX,PSD
8091,24726.0,LAX,ANH
8092,24728.0,LAX,ANH
8093,24729.0,LAX,ANH
8094,24734.0,LAX,DTLA
8095,24737.0,LAX,HWD
8096,24749.0,LAX,DTLA
8097,24753.0,LAX,PSD
8098,24759.0,LAX,PSD
8099,24768.0,LAX,LGB
8100,24773.0,LAX,PSD
8101,24778.0,LAX,DTLA
8102,24780.0,LAX,DTLA
8103,24783.0,LAX,HWD
8104,24785.0,LAX,HWD
8105,24794.0,LAX,WDHL
8106,24794.0,LAX,DTLA
8107,24818.0,LAX,DTLA
8108,24866.0,LAX,ANH
8109,24886.0,LAX,BVH
8110,24888.0,LAX,LGB
8111,24897.0,LAX,HWD
8112,24901.0,LAX,DTLA
8113,24912.0,LAX,LGB
8114,24925.0,LAX,BVH
8115,24934.0,LAX,ANH
8116,24941.0,LAX,DTLA
8117,24960.0,LAX,ANH
8118,24966.0,LAX,HWD
8119,24968.0,LAX,ANH
8120,24970.0,LAX,PSD
8121,24989.0,LAX,BVH
8122,24994.0,LAX,UVS
8123,25001.0,LAX,PSD
8124,25009.0,LAX,HWD
8125,25010.0,LAX,DTLA
8126,25015.0,LAX,ANH
8127,25015.0,LAX,UVS
8128,25023.0,LAX,ANH
8129,25025.0,LAX,HWD
8130,25038.0,LAX,HWD
8131,25047.0,LAX,PSD
8132,25051.0,LAX,ANH
8133,25062.0,LAX,DTLA
8134,25093.0,LAX,BVH
8135,25097.0,LAX,PSD
8136,25140.0,LAX,HWD
8137,25174.0,LAX,LGB
8138,25178.0,LAX,DTLA
8139,25192.0,LAX,UVS
8140,25251.0,LAX,HWD
8141,25268.0,LAX,DTLA
8142,25309.0,LAX,DTLA
8143,25312.0,LAX,PSD
8144,25361.0,LAX,PSD
8145,25361.0,LAX,ANH
8146,25366.0,LAX,ANH
8147,25366.0,LAX,UVS
8148,25372.0,LAX,WDHL
8149,25377.0,LAX,PSD
8150,25378.0,LAX,ANH
8151,25396.0,LAX,PSD
8152,25396.0,LAX,BVH
8153,25401.0,LAX,UVS
8154,25407.0,LAX,HWD
8155,25412.0,LAX,LGB
8156,25413.0,LAX,DTLA
8157,25420.0,LAX,ANH
8158,25422.0,LAX,ANH
8159,25423.0,LAX,LGB
8160,25425.0,LAX,DTLA
8161,25425.0,LAX,DTLA
8162,25426.0,LAX,DTLA
8163,25429.0,LAX,LGB
8164,25448.0,LAX,DTLA
8165,25450.0,LAX,ANH
8166,25457.0,LAX,LGB
8167,25460.0,LAX,PSD
8168,25477.0,LAX,BVH
8169,25487.0,LAX,HWD
8170,25509.0,LAX,LGB
8171,25536.0,LAX,ANH
8172,25549.0,LAX,DTLA
8173,25554.0,LAX,ANH
8174,25581.0,LAX,ANH
8175,25594.0,LAX,PSD
8176,25608.0,LAX,DTLA
8177,25643.0,LAX,HWD
8178,25644.0,LAX,LGB
8179,25706.0,LAX,WDHL
8180,25713.0,LAX,DTLA
8181,25721.0,LAX,DTLA
8182,25742.0,LAX,PSD
8183,25755.0,LAX,DTLA
8184,25759.0,LAX,LGB
8185,25763.0,LAX,DTLA
8186,25764.0,LAX,BVH
8187,25767.0,LAX,WDHL
8188,25785.0,LAX,BVH
8189,25793.0,LAX,HWD
8190,25795.0,LAX,LGB
8191,25813.0,LAX,DTLA
8192,25820.0,LAX,DTLA
8193,25841.0,LAX,HWD
8194,25858.0,LAX,LGB
8195,25860.0,LAX,HWD
8196,25894.0,LAX,HWD
8197,25900.0,LAX,DTLA
8198,26236.0,LAX,DTLA
8199,26256.0,LAX,ANH
8200,26282.0,LAX,LGB
8201,26328.0,LAX,ANH
8202,26337.0,LAX,LGB
8203,26404.0,LAX,HWD
8204,26420.0,LAX,PSD
8205,26445.0,LAX,PSD
8206,26449.0,LAX,PSD
8207,26471.0,LAX,ANH
8208,26503.0,LAX,DTLA
8209,26506.0,LAX,DTLA
8210,26510.0,LAX,DTLA
8211,26511.0,LAX,HWD
8212,26572.0,LAX,HWD
8213,26602.0,LAX,ANH
8214,26665.0,LAX,WDHL
8215,26677.0,LAX,DTLA
8216,26679.0,LAX,DTLA
8217,26712.0,LAX,HWD
8218,26722.0,LAX,BVH
8219,26729.0,LAX,ANH
8220,26739.0,LAX,LGB
8221,26746.0,LAX,DTLA
8222,26750.0,LAX,DTLA
8223,26757.0,LAX,WDHL
8224,26759.0,LAX,WDHL
8225,26777.0,LAX,HWD
8226,26789.0,LAX,DTLA
8227,26797.0,LAX,HWD
8228,26804.0,LAX,ANH
8229,26806.0,LAX,HWD
8230,26822.0,LAX,DTLA
8231,26830.0,LAX,DTLA
8232,26839.0,LAX,DTLA
8233,26872.0,LAX,DTLA
8234,26882.0,LAX,HWD
8235,26913.0,LAX,DTLA
8236,27017.0,LAX,LGB
8237,27023.0,LAX,LGB
8238,27039.0,LAX,DTLA
8239,27069.0,LAX,LGB
8240,27175.0,LAX,ANH
8241,27222.0,LAX,PSD
8242,27239.0,LAX,LGB
8243,27248.0,LAX,HWD
8244,27376.0,LAX,ANH
8245,27390.0,LAX,HWD
8246,27414.0,LAX,BVH
8247,27456.0,LAX,LGB
8248,27457.0,LAX,HWD
8249,27507.0,LAX,LGB
8250,27510.0,LAX,DTLA
8251,27519.0,LAX,DTLA
8252,27533.0,LAX,BVH
8253,27542.0,LAX,HWD
8254,27544.0,LAX,HWD
8255,27625.0,LAX,LGB
8256,27637.0,LAX,LGB
8257,27642.0,LAX,LGB
8258,27647.0,LAX,BVH
8259,27648.0,LAX,PSD
8260,27695.0,LAX,DTLA
8261,27736.0,LAX,HWD
8262,27740.0,LAX,LGB
8263,27761.0,LAX,HWD
8264,27762.0,LAX,DTLA
8265,27794.0,LAX,HWD
8266,27802.0,LAX,ANH
8267,27815.0,LAX,ANH
8268,27819.0,LAX,LGB
8269,27832.0,LAX,ANH
8270,27832.0,LAX,DTLA
8271,27858.0,LAX,DTLA
8272,27868.0,LAX,HWD
8273,27870.0,LAX,LGB
8274,27887.0,LAX,PSD
8275,27900.0,LAX,LGB
8276,27907.0,LAX,ANH
8277,27917.0,LAX,ANH
8278,27917.0,LAX,ANH
8279,27921.0,LAX,DTLA
8280,27945.0,LAX,HWD
8281,27946.0,LAX,ANH
8282,27951.0,LAX,PSD
8283,27951.0,LAX,LGB
8284,27956.0,LAX,LGB
8285,27971.0,LAX,DTLA
8286,27977.0,LAX,BVH
8287,27978.0,LAX,ANH
8288,27978.0,LAX,UVS
8289,27985.0,LAX,HWD
8290,27989.0,LAX,DTLA
8291,27991.0,LAX,DTLA
8292,27993.0,LAX,DTLA
8293,27999.0,LAX,PSD
8294,28003.0,LAX,LGB
8295,28003.0,LAX,ANH
8296,28006.0,LAX,WDHL
8297,28017.0,LAX,LGB
8298,28018.0,LAX,LGB
8299,28024.0,LAX,LGB
8300,28030.0,LAX,ANH
8301,28038.0,LAX,WDHL
8302,28043.0,LAX,DTLA
8303,28050.0,LAX,BVH
8304,28058.0,LAX,DTLA
8305,28089.0,LAX,DTLA
8306,28092.0,LAX,ANH
8307,28103.0,LAX,BVH
8308,28123.0,LAX,DTLA
8309,28157.0,LAX,ANH
8310,28186.0,LAX,LGB
8311,28195.0,LAX,DTLA
8312,28204.0,LAX,UVS
8313,28205.0,LAX,LGB
8314,28220.0,LAX,HWD
8315,28221.0,LAX,BVH
8316,28244.0,LAX,BVH
8317,28247.0,LAX,LGB
8318,28277.0,LAX,ANH
8319,28280.0,LAX,BVH
8320,28288.0,LAX,HWD
8321,28290.0,LAX,UVS
8322,28293.0,LAX,HWD
8323,28302.0,LAX,ANH
8324,28302.0,LAX,HWD
8325,28303.0,LAX,BVH
8326,28347.0,LAX,PSD
8327,28347.0,LAX,ANH
8328,28395.0,LAX,DTLA
8329,28403.0,LAX,ANH
8330,28421.0,LAX,PSD
8331,28459.0,LAX,UVS
8332,28468.0,LAX,ANH
8333,28469.0,LAX,HWD
8334,28483.0,LAX,DTLA
8335,28494.0,LAX,BVH
8336,28500.0,LAX,DTLA
8337,28504.0,LAX,LGB
8338,28504.0,LAX,DTLA
8339,28509.0,LAX,HWD
8340,28523.0,LAX,LGB
8341,28524.0,LAX,BVH
8342,28529.0,LAX,BVH
8343,28529.0,LAX,PSD
8344,28565.0,LAX,PSD
8345,28568.0,LAX,ANH
8346,28572.0,LAX,HWD
8347,28576.0,LAX,DTLA
8348,28582.0,LAX,UVS
8349,28587.0,LAX,DTLA
8350,28592.0,LAX,HWD
8351,28594.0,LAX,ANH
8352,28595.0,LAX,ANH
8353,28595.0,LAX,DTLA
8354,28599.0,LAX,HWD
8355,28600.0,LAX,BVH
8356,28607.0,LAX,LGB
8357,28611.0,LAX,DTLA
8358,28616.0,LAX,ANH
8359,28619.0,LAX,BVH
8360,28621.0,LAX,ANH
8361,28626.0,LAX,DTLA
8362,28628.0,LAX,LGB
8363,28630.0,LAX,PSD
8364,28643.0,LAX,ANH
8365,28649.0,LAX,HWD
8366,28652.0,LAX,HWD
8367,28655.0,LAX,BVH
8368,28663.0,LAX,PSD
8369,28671.0,LAX,LGB
8370,28673.0,LAX,ANH
8371,28675.0,LAX,HWD
8372,28682.0,LAX,BVH
8373,28687.0,LAX,HWD
8374,28691.0,LAX,LGB
8375,28693.0,LAX,PSD
8376,28719.0,LAX,ANH
8377,28734.0,LAX,DTLA
8378,28751.0,LAX,PSD
8379,28765.0,LAX,UVS
8380,28770.0,LAX,PSD
8381,28784.0,LAX,ANH
8382,28789.0,LAX,DTLA
8383,28791.0,LAX,ANH
8384,28819.0,LAX,ANH
8385,28823.0,LAX,ANH
8386,28827.0,LAX,LGB
8387,28833.0,LAX,PSD
8388,28835.0,LAX,DTLA
8389,28845.0,LAX,DTLA
8390,28849.0,LAX,DTLA
8391,28857.0,LAX,ANH
8392,28858.0,LAX,ANH
8393,28910.0,LAX,LGB
8394,28922.0,LAX,HWD
8395,28926.0,LAX,DTLA
8396,28979.0,LAX,HWD
8397,28999.0,LAX,DTLA
8398,29003.0,LAX,LGB
8399,29006.0,LAX,HWD
8400,29011.0,LAX,BVH
8401,29015.0,LAX,DTLA
8402,29086.0,LAX,LGB
8403,29109.0,LAX,PSD
8404,29120.0,LAX,HWD
8405,29133.0,LAX,PSD
8406,29142.0,LAX,HWD
8407,29149.0,LAX,ANH
8408,29156.0,LAX,DTLA
8409,29165.0,LAX,PSD
8410,29176.0,LAX,ANH
8411,29180.0,LAX,ANH
8412,29182.0,LAX,UVS
8413,29192.0,LAX,DTLA
8414,29194.0,LAX,DTLA
8415,29195.0,LAX,UVS
8416,29198.0,LAX,LGB
8417,29206.0,LAX,HWD
8418,29211.0,LAX,PSD
8419,29211.0,LAX,DTLA
8420,29217.0,LAX,HWD
8421,29223.0,LAX,ANH
8422,29230.0,LAX,BVH
8423,29234.0,LAX,WDHL
8424,29235.0,LAX,BVH
8425,29237.0,LAX,HWD
8426,29239.0,LAX,ANH
8427,29240.0,LAX,PSD
8428,29240.0,LAX,PSD
8429,29241.0,LAX,PSD
8430,29255.0,LAX,HWD
8431,29256.0,LAX,BVH
8432,29256.0,LAX,DTLA
8433,29260.0,LAX,UVS
8434,29290.0,LAX,DTLA
8435,29291.0,LAX,BVH
8436,29294.0,LAX,HWD
8437,29305.0,LAX,LGB
8438,29310.0,LAX,LGB
8439,29313.0,LAX,LGB
8440,29327.0,LAX,DTLA
8441,29334.0,LAX,LGB
8442,29338.0,LAX,BVH
8443,29343.0,LAX,UVS
8444,29352.0,LAX,ANH
8445,29367.0,LAX,ANH
8446,29374.0,LAX,WDHL
8447,29393.0,LAX,HWD
8448,29399.0,LAX,PSD
8449,29408.0,LAX,ANH
8450,29408.0,LAX,WDHL
8451,29409.0,LAX,ANH
8452,29410.0,LAX,LGB
8453,29412.0,LAX,HWD
8454,29433.0,LAX,BVH
8455,29435.0,LAX,ANH
8456,29439.0,LAX,DTLA
8457,29454.0,LAX,BVH
8458,29469.0,LAX,DTLA
8459,29478.0,LAX,ANH
8460,29479.0,LAX,DTLA
8461,29489.0,LAX,UVS
8462,29494.0,LAX,LGB
8463,29495.0,LAX,LGB
8464,29498.0,LAX,BVH
8465,29498.0,LAX,WDHL
8466,29503.0,LAX,PSD
8467,29520.0,LAX,HWD
8468,29521.0,LAX,DTLA
8469,29525.0,LAX,HWD
8470,29529.0,LAX,ANH
8471,29532.0,LAX,PSD
8472,29542.0,LAX,ANH
8473,29543.0,LAX,HWD
8474,29548.0,LAX,DTLA
8475,29554.0,LAX,DTLA
8476,29557.0,LAX,PSD
8477,29559.0,LAX,ANH
8478,29565.0,LAX,ANH
8479,29572.0,LAX,UVS
8480,29572.0,LAX,HWD
8481,29598.0,LAX,LGB
8482,29601.0,LAX,ANH
8483,29614.0,LAX,DTLA
8484,29618.0,LAX,ANH
8485,29647.0,LAX,HWD
8486,29672.0,LAX,DTLA
8487,29700.0,LAX,PSD
8488,29718.0,LAX,LGB
8489,29735.0,LAX,ANH
8490,29740.0,LAX,ANH
8491,29741.0,LAX,HWD
8492,29768.0,LAX,ANH
8493,29775.0,LAX,DTLA
8494,29791.0,LAX,PSD
8495,29799.0,LAX,UVS
8496,29857.0,LAX,BVH
8497,29921.0,LAX,UVS
8498,29996.0,LAX,HWD
8499,30075.0,LAX,LGB
8500,30085.0,LAX,BVH
8501,30093.0,LAX,DTLA
8502,30153.0,LAX,DTLA
8503,30203.0,LAX,BVH
8504,30220.0,LAX,PSD
8505,30309.0,LAX,ANH
8506,30335.0,LAX,DTLA
8507,30353.0,LAX,DTLA
8508,30368.0,LAX,ANH
8509,30382.0,LAX,ANH
8510,30386.0,LAX,BVH
8511,30392.0,LAX,ANH
8512,30399.0,LAX,WDHL
8513,30400.0,LAX,HWD
8514,30411.0,LAX,WDHL
8515,30429.0,LAX,LGB
8516,30436.0,LAX,ANH
8517,30436.0,LAX,LGB
8518,30446.0,LAX,UVS
8519,30458.0,LAX,LGB
8520,30465.0,LAX,DTLA
8521,30465.0,LAX,ANH
8522,30466.0,LAX,ANH
8523,30474.0,LAX,HWD
8524,30481.0,LAX,ANH
8525,30485.0,LAX,HWD
8526,30489.0,LAX,ANH
8527,30496.0,LAX,PSD
8528,30498.0,LAX,DTLA
8529,30498.0,LAX,ANH
8530,30498.0,LAX,ANH
8531,30500.0,LAX,ANH
8532,30506.0,LAX,DTLA
8533,30507.0,LAX,BVH
8534,30507.0,LAX,LGB
8535,30508.0,LAX,PSD
8536,30510.0,LAX,ANH
8537,30528.0,LAX,LGB
8538,30532.0,LAX,UVS
8539,30547.0,LAX,HWD
8540,30568.0,LAX,DTLA
8541,30570.0,LAX,HWD
8542,30584.0,LAX,HWD
8543,30598.0,LAX,ANH
8544,30618.0,LAX,ANH
8545,30635.0,LAX,HWD
8546,30637.0,LAX,BVH
8547,30654.0,LAX,ANH
8548,30658.0,LAX,DTLA
8549,30673.0,LAX,HWD
8550,30708.0,LAX,BVH
8551,30714.0,LAX,LGB
8552,30723.0,LAX,DTLA
8553,30726.0,LAX,ANH
8554,30733.0,LAX,UVS
8555,30765.0,LAX,ANH
8556,30784.0,LAX,BVH
8557,30791.0,LAX,DTLA
8558,30827.0,LAX,WDHL
8559,30849.0,LAX,PSD
8560,30957.0,LAX,ANH
8561,30964.0,LAX,BVH
8562,31450.0,LAX,PSD
8563,31459.0,LAX,HWD
8564,31497.0,LAX,ANH
8565,31514.0,LAX,ANH
8566,31517.0,LAX,DTLA
8567,31519.0,LAX,LGB
8568,31528.0,LAX,ANH
8569,31531.0,LAX,HWD
8570,31534.0,LAX,BVH
8571,31554.0,LAX,DTLA
8572,31555.0,LAX,DTLA
8573,31567.0,LAX,DTLA
8574,31569.0,LAX,LGB
8575,31570.0,LAX,DTLA
8576,31575.0,LAX,LGB
8577,31576.0,LAX,UVS
8578,31580.0,LAX,HWD
8579,31583.0,LAX,HWD
8580,31598.0,LAX,HWD
8581,31600.0,LAX,LGB
8582,31622.0,LAX,UVS
8583,31628.0,LAX,DTLA
8584,31641.0,LAX,ANH
8585,31644.0,LAX,HWD
8586,31645.0,LAX,DTLA
8587,31654.0,LAX,DTLA
8588,31658.0,LAX,BVH
8589,31673.0,LAX,LGB
8590,31689.0,LAX,ANH
8591,31696.0,LAX,HWD
8592,31697.0,LAX,UVS
8593,31697.0,LAX,UVS
8594,31699.0,LAX,BVH
8595,31708.0,LAX,BVH
8596,31724.0,LAX,HWD
8597,31735.0,LAX,UVS
8598,31742.0,LAX,WDHL
8599,31760.0,LAX,LGB
8600,31784.0,LAX,HWD
8601,31785.0,LAX,PSD
8602,31786.0,LAX,DTLA
8603,31802.0,LAX,BVH
8604,31805.0,LAX,HWD
8605,31814.0,LAX,LGB
8606,31817.0,LAX,ANH
8607,31830.0,LAX,BVH
8608,31835.0,LAX,PSD
8609,31836.0,LAX,HWD
8610,31845.0,LAX,ANH
8611,31846.0,LAX,ANH
8612,31847.0,LAX,DTLA
8613,31849.0,LAX,PSD
8614,31858.0,LAX,ANH
8615,31859.0,LAX,ANH
8616,31860.0,LAX,ANH
8617,31861.0,LAX,ANH
8618,31892.0,LAX,ANH
8619,31899.0,LAX,BVH
8620,31899.0,LAX,HWD
8621,31901.0,LAX,WDHL
8622,31904.0,LAX,HWD
8623,31907.0,LAX,UVS
8624,31907.0,LAX,HWD
8625,31914.0,LAX,LGB
8626,31921.0,LAX,BVH
8627,31927.0,LAX,UVS
8628,31930.0,LAX,UVS
8629,31942.0,LAX,DTLA
8630,31944.0,LAX,HWD
8631,31945.0,LAX,LGB
8632,31946.0,LAX,UVS
8633,31948.0,LAX,WDHL
8634,31950.0,LAX,DTLA
8635,31951.0,LAX,DTLA
8636,31958.0,LAX,HWD
8637,31962.0,LAX,LGB
8638,31964.0,LAX,WDHL
8639,31969.0,LAX,HWD
8640,31987.0,LAX,BVH
8641,31988.0,LAX,ANH
8642,32012.0,LAX,DTLA
8643,32020.0,LAX,WDHL
8644,32021.0,LAX,ANH
8645,32026.0,LAX,UVS
8646,32053.0,LAX,DTLA
8647,32059.0,LAX,DTLA
8648,32059.0,LAX,HWD
8649,32061.0,LAX,ANH
8650,32062.0,LAX,ANH
8651,32071.0,LAX,HWD
8652,32071.0,LAX,PSD
8653,32074.0,LAX,DTLA
8654,32074.0,LAX,ANH
8655,32076.0,LAX,UVS
8656,32077.0,LAX,ANH
8657,32083.0,LAX,DTLA
8658,32084.0,LAX,ANH
8659,32084.0,LAX,HWD
8660,32095.0,LAX,DTLA
8661,32097.0,LAX,ANH
8662,32106.0,LAX,DTLA
8663,32106.0,LAX,BVH
8664,32111.0,LAX,HWD
8665,32114.0,LAX,DTLA
8666,32114.0,LAX,ANH
8667,32118.0,LAX,PSD
8668,32121.0,LAX,DTLA
8669,32122.0,LAX,UVS
8670,32135.0,LAX,HWD
8671,32138.0,LAX,HWD
8672,32143.0,LAX,ANH
8673,32148.0,LAX,ANH
8674,32149.0,LAX,LGB
8675,32153.0,LAX,HWD
8676,32156.0,LAX,HWD
8677,32156.0,LAX,ANH
8678,32160.0,LAX,LGB
8679,32161.0,LAX,DTLA
8680,32162.0,LAX,PSD
8681,32170.0,LAX,LGB
8682,32176.0,LAX,HWD
8683,32180.0,LAX,HWD
8684,32187.0,LAX,PSD
8685,32188.0,LAX,LGB
8686,32204.0,LAX,PSD
8687,32208.0,LAX,ANH
8688,32208.0,LAX,ANH
8689,32209.0,LAX,BVH
8690,32220.0,LAX,LGB
8691,32229.0,LAX,PSD
8692,32243.0,LAX,BVH
8693,32243.0,LAX,LGB
8694,32252.0,LAX,LGB
8695,32255.0,LAX,LGB
8696,32255.0,LAX,PSD
8697,32255.0,LAX,BVH
8698,32263.0,LAX,DTLA
8699,32266.0,LAX,DTLA
8700,32291.0,LAX,PSD
8701,32304.0,LAX,DTLA
8702,32316.0,LAX,HWD
8703,32321.0,LAX,DTLA
8704,32322.0,LAX,BVH
8705,32337.0,LAX,WDHL
8706,32337.0,LAX,UVS
8707,32354.0,LAX,HWD
8708,32374.0,LAX,HWD
8709,32393.0,LAX,WDHL
8710,32397.0,LAX,ANH
8711,32420.0,LAX,LGB
8712,32422.0,LAX,DTLA
8713,32436.0,LAX,DTLA
8714,32445.0,LAX,PSD
8715,32462.0,LAX,DTLA
8716,32464.0,LAX,BVH
8717,32473.0,LAX,DTLA
8718,32478.0,LAX,HWD
8719,32478.0,LAX,LGB
8720,32484.0,LAX,UVS
8721,32486.0,LAX,UVS
8722,32494.0,LAX,HWD
8723,32494.0,LAX,HWD
8724,32509.0,LAX,UVS
8725,32514.0,LAX,ANH
8726,32515.0,LAX,PSD
8727,32537.0,LAX,PSD
8728,32538.0,LAX,WDHL
8729,32541.0,LAX,ANH
8730,32544.0,LAX,LGB
8731,32557.0,LAX,UVS
8732,32565.0,LAX,HWD
8733,32568.0,LAX,DTLA
8734,32571.0,LAX,LGB
8735,32580.0,LAX,ANH
8736,32586.0,LAX,DTLA
8737,32591.0,LAX,ANH
8738,32597.0,LAX,DTLA
8739,32599.0,LAX,ANH
8740,32604.0,LAX,PSD
8741,32615.0,LAX,ANH
8742,32619.0,LAX,PSD
8743,32633.0,LAX,WDHL
8744,32634.0,LAX,DTLA
8745,32635.0,LAX,HWD
8746,32640.0,LAX,LGB
8747,32654.0,LAX,LGB
8748,32658.0,LAX,HWD
8749,32659.0,LAX,HWD
8750,32664.0,LAX,ANH
8751,32665.0,LAX,DTLA
8752,32668.0,LAX,DTLA
8753,32671.0,LAX,ANH
8754,32672.0,LAX,HWD
8755,32674.0,LAX,HWD
8756,32677.0,LAX,BVH
8757,32678.0,LAX,HWD
8758,32681.0,LAX,UVS
8759,32681.0,LAX,LGB
8760,32682.0,LAX,DTLA
8761,32685.0,LAX,WDHL
8762,32693.0,LAX,DTLA
8763,32697.0,LAX,PSD
8764,32698.0,LAX,PSD
8765,32706.0,LAX,ANH
8766,32707.0,LAX,BVH
8767,32711.0,LAX,HWD
8768,32715.0,LAX,WDHL
8769,32720.0,LAX,BVH
8770,32728.0,LAX,LGB
8771,32729.0,LAX,DTLA
8772,32741.0,LAX,HWD
8773,32756.0,LAX,HWD
8774,32758.0,LAX,ANH
8775,32759.0,LAX,ANH
8776,32761.0,LAX,ANH
8777,32763.0,LAX,PSD
8778,32766.0,LAX,WDHL
8779,32769.0,LAX,HWD
8780,32769.0,LAX,DTLA
8781,32769.0,LAX,DTLA
8782,32769.0,LAX,BVH
8783,32770.0,LAX,BVH
8784,32771.0,LAX,PSD
8785,32777.0,LAX,ANH
8786,32783.0,LAX,LGB
8787,32790.0,LAX,HWD
8788,32792.0,LAX,DTLA
8789,32817.0,LAX,DTLA
8790,32819.0,LAX,DTLA
8791,32839.0,LAX,PSD
8792,32843.0,LAX,PSD
8793,32860.0,LAX,ANH
8794,32873.0,LAX,BVH
8795,32873.0,LAX,HWD
8796,32881.0,LAX,DTLA
8797,32891.0,LAX,DTLA
8798,32902.0,LAX,WDHL
8799,32905.0,LAX,ANH
8800,32905.0,LAX,PSD
8801,32906.0,LAX,PSD
8802,32911.0,LAX,LGB
8803,32923.0,LAX,ANH
8804,32925.0,LAX,BVH
8805,32927.0,LAX,DTLA
8806,32935.0,LAX,ANH
8807,32947.0,LAX,ANH
8808,32954.0,LAX,UVS
8809,32960.0,LAX,BVH
8810,32962.0,LAX,ANH
8811,32964.0,LAX,HWD
8812,32966.0,LAX,DTLA
8813,32973.0,LAX,HWD
8814,32979.0,LAX,BVH
8815,32982.0,LAX,ANH
8816,32994.0,LAX,HWD
8817,32997.0,LAX,ANH
8818,33004.0,LAX,ANH
8819,33006.0,LAX,DTLA
8820,33012.0,LAX,DTLA
8821,33012.0,LAX,WDHL
8822,33022.0,LAX,LGB
8823,33031.0,LAX,ANH
8824,33039.0,LAX,BVH
8825,33039.0,LAX,UVS
8826,33054.0,LAX,BVH
8827,33057.0,LAX,HWD
8828,33058.0,LAX,DTLA
8829,33060.0,LAX,DTLA
8830,33061.0,LAX,BVH
8831,33061.0,LAX,DTLA
8832,33062.0,LAX,UVS
8833,33066.0,LAX,ANH
8834,33075.0,LAX,UVS
8835,33089.0,LAX,BVH
8836,33092.0,LAX,BVH
8837,33095.0,LAX,HWD
8838,33102.0,LAX,DTLA
8839,33106.0,LAX,PSD
8840,33121.0,LAX,PSD
8841,33132.0,LAX,LGB
8842,33147.0,LAX,ANH
8843,33153.0,LAX,LGB
8844,33155.0,LAX,DTLA
8845,33161.0,LAX,PSD
8846,33172.0,LAX,PSD
8847,33175.0,LAX,ANH
8848,33223.0,LAX,ANH
8849,33239.0,LAX,ANH
8850,33245.0,LAX,DTLA
8851,33247.0,LAX,ANH
8852,33250.0,LAX,BVH
8853,33250.0,LAX,UVS
8854,33255.0,LAX,ANH
8855,33258.0,LAX,DTLA
8856,33279.0,LAX,WDHL
8857,33287.0,LAX,HWD
8858,33297.0,LAX,HWD
8859,33302.0,LAX,ANH
8860,33304.0,LAX,ANH
8861,33311.0,LAX,WDHL
8862,33318.0,LAX,BVH
8863,33328.0,LAX,ANH
8864,33339.0,LAX,ANH
8865,33350.0,LAX,LGB
8866,33358.0,LAX,DTLA
8867,33371.0,LAX,HWD
8868,33381.0,LAX,BVH
8869,33381.0,LAX,DTLA
8870,33386.0,LAX,WDHL
8871,33388.0,LAX,ANH
8872,33391.0,LAX,ANH
8873,33400.0,LAX,LGB
8874,33406.0,LAX,PSD
8875,33408.0,LAX,ANH
8876,33412.0,LAX,DTLA
8877,33413.0,LAX,LGB
8878,33419.0,LAX,BVH
8879,33427.0,LAX,HWD
8880,33427.0,LAX,ANH
8881,33428.0,LAX,ANH
8882,33431.0,LAX,WDHL
8883,33432.0,LAX,HWD
8884,33436.0,LAX,DTLA
8885,33446.0,LAX,PSD
8886,33450.0,LAX,ANH
8887,33459.0,LAX,BVH
8888,33460.0,LAX,ANH
8889,33462.0,LAX,BVH
8890,33465.0,LAX,DTLA
8891,33469.0,LAX,HWD
8892,33474.0,LAX,HWD
8893,33489.0,LAX,DTLA
8894,33491.0,LAX,UVS
8895,33496.0,LAX,ANH
8896,33498.0,LAX,HWD
8897,33501.0,LAX,BVH
8898,33503.0,LAX,HWD
8899,33507.0,LAX,WDHL
8900,33508.0,LAX,PSD
8901,33508.0,LAX,ANH
8902,33511.0,LAX,PSD
8903,33518.0,LAX,LGB
8904,33525.0,LAX,BVH
8905,33532.0,LAX,BVH
8906,33533.0,LAX,ANH
8907,33535.0,LAX,ANH
8908,33545.0,LAX,DTLA
8909,33561.0,LAX,WDHL
8910,33563.0,LAX,DTLA
8911,33564.0,LAX,ANH
8912,33575.0,LAX,BVH
8913,33578.0,LAX,WDHL
8914,33580.0,LAX,PSD
8915,33586.0,LAX,ANH
8916,33597.0,LAX,DTLA
8917,33600.0,LAX,PSD
8918,33602.0,LAX,ANH
8919,33604.0,LAX,ANH
8920,33605.0,LAX,ANH
8921,33610.0,LAX,PSD
8922,33614.0,LAX,LGB
8923,33616.0,LAX,WDHL
8924,33617.0,LAX,DTLA
8925,33621.0,LAX,UVS
8926,33622.0,LAX,BVH
8927,33622.0,LAX,LGB
8928,33625.0,LAX,LGB
8929,33637.0,LAX,DTLA
8930,33640.0,LAX,ANH
8931,33641.0,LAX,HWD
8932,33643.0,LAX,ANH
8933,33654.0,LAX,ANH
8934,33655.0,LAX,UVS
8935,33663.0,LAX,WDHL
8936,33673.0,LAX,PSD
8937,33678.0,LAX,WDHL
8938,33683.0,LAX,HWD
8939,33687.0,LAX,HWD
8940,33722.0,LAX,HWD
8941,33725.0,LAX,UVS
8942,33728.0,LAX,UVS
8943,33732.0,LAX,PSD
8944,33743.0,LAX,DTLA
8945,33746.0,LAX,WDHL
8946,33747.0,LAX,PSD
8947,33763.0,LAX,LGB
8948,33769.0,LAX,ANH
8949,33784.0,LAX,DTLA
8950,33785.0,LAX,ANH
8951,33794.0,LAX,LGB
8952,33801.0,LAX,PSD
8953,33803.0,LAX,BVH
8954,33807.0,LAX,LGB
8955,33822.0,LAX,ANH
8956,33832.0,LAX,HWD
8957,33835.0,LAX,DTLA
8958,33852.0,LAX,LGB
8959,33865.0,LAX,ANH
8960,33866.0,LAX,ANH
8961,33877.0,LAX,LGB
8962,33900.0,LAX,DTLA
8963,33906.0,LAX,BVH
8964,33909.0,LAX,PSD
8965,33909.0,LAX,DTLA
8966,33910.0,LAX,HWD
8967,33916.0,LAX,DTLA
8968,33926.0,LAX,PSD
8969,33943.0,LAX,HWD
8970,33955.0,LAX,PSD
8971,33963.0,LAX,BVH
8972,33968.0,LAX,DTLA
8973,34012.0,LAX,DTLA
8974,34029.0,LAX,DTLA
8975,34037.0,LAX,DTLA
8976,34040.0,LAX,PSD
8977,34043.0,LAX,UVS
8978,34047.0,LAX,DTLA
8979,34053.0,LAX,LGB
8980,34054.0,LAX,DTLA
8981,34057.0,LAX,DTLA
8982,34061.0,LAX,HWD
8983,34067.0,LAX,BVH
8984,34068.0,LAX,LGB
8985,34077.0,LAX,ANH
8986,34097.0,LAX,DTLA
8987,34103.0,LAX,WDHL
8988,34124.0,LAX,LGB
8989,34129.0,LAX,LGB
8990,34133.0,LAX,ANH
8991,34141.0,LAX,DTLA
8992,34144.0,LAX,BVH
8993,34183.0,LAX,ANH
8994,34211.0,LAX,PSD
8995,34224.0,LAX,HWD
8996,34243.0,LAX,ANH
8997,34252.0,LAX,PSD
8998,34257.0,LAX,BVH
8999,34269.0,LAX,ANH
9000,34303.0,LAX,UVS
9001,34323.0,LAX,UVS
9002,34344.0,LAX,PSD
9003,34345.0,LAX,ANH
9004,34355.0,LAX,PSD
9005,34361.0,LAX,PSD
9006,34366.0,LAX,UVS
9007,34366.0,LAX,HWD
9008,34383.0,LAX,DTLA
9009,34402.0,LAX,BVH
9010,34406.0,LAX,ANH
9011,34416.0,LAX,DTLA
9012,34417.0,LAX,LGB
9013,34420.0,LAX,DTLA
9014,34434.0,LAX,DTLA
9015,34445.0,LAX,LGB
9016,34451.0,LAX,LGB
9017,34453.0,LAX,HWD
9018,34453.0,LAX,ANH
9019,34462.0,LAX,LGB
9020,34463.0,LAX,DTLA
9021,34466.0,LAX,ANH
9022,34472.0,LAX,PSD
9023,34477.0,LAX,ANH
9024,34479.0,LAX,ANH
9025,34485.0,LAX,WDHL
9026,34490.0,LAX,HWD
9027,34492.0,LAX,LGB
9028,34499.0,LAX,DTLA
9029,34499.0,LAX,DTLA
9030,34501.0,LAX,BVH
9031,34508.0,LAX,UVS
9032,34511.0,LAX,LGB
9033,34517.0,LAX,DTLA
9034,34517.0,LAX,BVH
9035,34522.0,LAX,DTLA
9036,34525.0,LAX,LGB
9037,34534.0,LAX,PSD
9038,34538.0,LAX,PSD
9039,34542.0,LAX,UVS
9040,34545.0,LAX,BVH
9041,34546.0,LAX,WDHL
9042,34550.0,LAX,DTLA
9043,34553.0,LAX,DTLA
9044,34560.0,LAX,UVS
9045,34564.0,LAX,ANH
9046,34565.0,LAX,PSD
9047,34567.0,LAX,LGB
9048,34571.0,LAX,BVH
9049,34571.0,LAX,PSD
9050,34579.0,LAX,ANH
9051,34581.0,LAX,PSD
9052,34591.0,LAX,WDHL
9053,34591.0,LAX,BVH
9054,34591.0,LAX,HWD
9055,34598.0,LAX,ANH
9056,34598.0,LAX,HWD
9057,34620.0,LAX,LGB
9058,34622.0,LAX,HWD
9059,34625.0,LAX,ANH
9060,34644.0,LAX,ANH
9061,34658.0,LAX,HWD
9062,34661.0,LAX,DTLA
9063,34668.0,LAX,ANH
9064,34689.0,LAX,LGB
9065,34710.0,LAX,BVH
9066,34894.0,LAX,HWD
9067,34895.0,LAX,ANH
9068,34898.0,LAX,DTLA
9069,34907.0,LAX,UVS
9070,34908.0,LAX,WDHL
9071,34928.0,LAX,DTLA
9072,34931.0,LAX,DTLA
9073,34936.0,LAX,BVH
9074,34936.0,LAX,BVH
9075,34951.0,LAX,BVH
9076,34962.0,LAX,ANH
9077,34968.0,LAX,ANH
9078,34970.0,LAX,WDHL
9079,34972.0,LAX,PSD
9080,34979.0,LAX,PSD
9081,34985.0,LAX,PSD
9082,34989.0,LAX,PSD
9083,34991.0,LAX,ANH
9084,35008.0,LAX,ANH
9085,35018.0,LAX,UVS
9086,35033.0,LAX,HWD
9087,35045.0,LAX,ANH
9088,35050.0,LAX,DTLA
9089,35055.0,LAX,PSD
9090,35070.0,LAX,LGB
9091,35072.0,LAX,DTLA
9092,35097.0,LAX,DTLA
9093,35097.0,LAX,PSD
9094,35110.0,LAX,DTLA
9095,35122.0,LAX,HWD
9096,35131.0,LAX,ANH
9097,35132.0,LAX,WDHL
9098,35139.0,LAX,DTLA
9099,35147.0,LAX,UVS
9100,35147.0,LAX,LGB
9101,35148.0,LAX,DTLA
9102,35149.0,LAX,ANH
9103,35154.0,LAX,LGB
9104,35155.0,LAX,PSD
9105,35159.0,LAX,LGB
9106,35168.0,LAX,LGB
9107,35173.0,LAX,DTLA
9108,35180.0,LAX,PSD
9109,35185.0,LAX,BVH
9110,35186.0,LAX,HWD
9111,35192.0,LAX,UVS
9112,35192.0,LAX,DTLA
9113,35201.0,LAX,DTLA
9114,35202.0,LAX,PSD
9115,35204.0,LAX,ANH
9116,35213.0,LAX,DTLA
9117,35220.0,LAX,DTLA
9118,35233.0,LAX,LGB
9119,35233.0,LAX,BVH
9120,35236.0,LAX,ANH
9121,35241.0,LAX,DTLA
9122,35242.0,LAX,HWD
9123,35243.0,LAX,DTLA
9124,35246.0,LAX,HWD
9125,35259.0,LAX,UVS
9126,35260.0,LAX,LGB
9127,35260.0,LAX,BVH
9128,35284.0,LAX,HWD
9129,35285.0,LAX,LGB
9130,35286.0,LAX,HWD
9131,35290.0,LAX,LGB
9132,35291.0,LAX,ANH
9133,35295.0,LAX,ANH
9134,35295.0,LAX,ANH
9135,35305.0,LAX,ANH
9136,35305.0,LAX,HWD
9137,35311.0,LAX,DTLA
9138,35323.0,LAX,BVH
9139,35340.0,LAX,UVS
9140,35344.0,LAX,PSD
9141,35348.0,LAX,DTLA
9142,35358.0,LAX,ANH
9143,35368.0,LAX,BVH
9144,35369.0,LAX,DTLA
9145,35374.0,LAX,DTLA
9146,35385.0,LAX,DTLA
9147,35399.0,LAX,PSD
9148,35400.0,LAX,ANH
9149,35400.0,LAX,DTLA
9150,35411.0,LAX,ANH
9151,35413.0,LAX,DTLA
9152,35413.0,LAX,ANH
9153,35430.0,LAX,HWD
9154,35449.0,LAX,DTLA
9155,35478.0,LAX,DTLA
9156,35494.0,LAX,DTLA
9157,35518.0,LAX,DTLA
9158,35542.0,LAX,DTLA
9159,35567.0,LAX,HWD
9160,35672.0,LAX,ANH
9161,35721.0,LAX,DTLA
9162,35745.0,LAX,ANH
9163,35751.0,LAX,PSD
9164,35777.0,LAX,LGB
9165,35820.0,LAX,DTLA
9166,35842.0,LAX,PSD
9167,35856.0,LAX,DTLA
9168,35858.0,LAX,LGB
9169,35862.0,LAX,LGB
9170,35862.0,LAX,ANH
9171,35862.0,LAX,DTLA
9172,35876.0,LAX,HWD
9173,35891.0,LAX,HWD
9174,35891.0,LAX,HWD
9175,35894.0,LAX,ANH
9176,35896.0,LAX,DTLA
9177,35899.0,LAX,ANH
9178,35905.0,LAX,PSD
9179,35910.0,LAX,WDHL
9180,35916.0,LAX,ANH
9181,35917.0,LAX,PSD
9182,35930.0,LAX,UVS
9183,35935.0,LAX,PSD
9184,35939.0,LAX,ANH
9185,35941.0,LAX,HWD
9186,35941.0,LAX,LGB
9187,35952.0,LAX,WDHL
9188,35953.0,LAX,DTLA
9189,35957.0,LAX,PSD
9190,35962.0,LAX,ANH
9191,35963.0,LAX,DTLA
9192,35964.0,LAX,UVS
9193,35965.0,LAX,ANH
9194,35976.0,LAX,HWD
9195,35981.0,LAX,LGB
9196,35984.0,LAX,UVS
9197,35985.0,LAX,PSD
9198,35985.0,LAX,ANH
9199,35998.0,LAX,HWD
9200,36001.0,LAX,ANH
9201,36003.0,LAX,DTLA
9202,36011.0,LAX,ANH
9203,36015.0,LAX,ANH
9204,36021.0,LAX,LGB
9205,36023.0,LAX,DTLA
9206,36024.0,LAX,LGB
9207,36029.0,LAX,DTLA
9208,36038.0,LAX,HWD
9209,36042.0,LAX,PSD
9210,36050.0,LAX,DTLA
9211,36054.0,LAX,BVH
9212,36062.0,LAX,PSD
9213,36077.0,LAX,LGB
9214,36090.0,LAX,ANH
9215,36091.0,LAX,WDHL
9216,36120.0,LAX,PSD
9217,36126.0,LAX,ANH
9218,36130.0,LAX,WDHL
9219,36144.0,LAX,PSD
9220,36156.0,LAX,ANH
9221,36182.0,LAX,ANH
9222,36190.0,LAX,BVH
9223,36226.0,LAX,DTLA
9224,36243.0,LAX,DTLA
9225,36273.0,LAX,ANH
9226,36282.0,LAX,WDHL
9227,36284.0,LAX,HWD
9228,36284.0,LAX,BVH
9229,36298.0,LAX,PSD
9230,36304.0,LAX,LGB
9231,36321.0,LAX,DTLA
9232,36323.0,LAX,PSD
9233,36350.0,LAX,DTLA
9234,36354.0,LAX,ANH
9235,36368.0,LAX,ANH
9236,36382.0,LAX,WDHL
9237,36399.0,LAX,WDHL
9238,36401.0,LAX,DTLA
9239,36404.0,LAX,ANH
9240,36430.0,LAX,PSD
9241,36432.0,LAX,HWD
9242,36452.0,LAX,ANH
9243,36456.0,LAX,PSD
9244,36457.0,LAX,LGB
9245,36468.0,LAX,HWD
9246,36472.0,LAX,DTLA
9247,36479.0,LAX,LGB
9248,36486.0,LAX,LGB
9249,36526.0,LAX,LGB
9250,36528.0,LAX,HWD
9251,36546.0,LAX,DTLA
9252,36566.0,LAX,DTLA
9253,36568.0,LAX,HWD
9254,36601.0,LAX,ANH
9255,36678.0,LAX,ANH
9256,36705.0,LAX,HWD
9257,36729.0,LAX,ANH
9258,36745.0,LAX,ANH
9259,36747.0,LAX,HWD
9260,36755.0,LAX,ANH
9261,36759.0,LAX,HWD
9262,36761.0,LAX,WDHL
9263,36765.0,LAX,BVH
9264,36784.0,LAX,ANH
9265,36798.0,LAX,WDHL
9266,36803.0,LAX,BVH
9267,36803.0,LAX,BVH
9268,36822.0,LAX,BVH
9269,36825.0,LAX,HWD
9270,36832.0,LAX,DTLA
9271,36834.0,LAX,HWD
9272,36835.0,LAX,ANH
9273,36849.0,LAX,PSD
9274,36858.0,LAX,DTLA
9275,36859.0,LAX,HWD
9276,36862.0,LAX,HWD
9277,36911.0,LAX,DTLA
9278,36915.0,LAX,LGB
9279,36923.0,LAX,DTLA
9280,36940.0,LAX,BVH
9281,36949.0,LAX,DTLA
9282,36968.0,LAX,WDHL
9283,36977.0,LAX,BVH
9284,36977.0,LAX,HWD
9285,36987.0,LAX,HWD
9286,36987.0,LAX,ANH
9287,36991.0,LAX,ANH
9288,37012.0,LAX,HWD
9289,37013.0,LAX,HWD
9290,37013.0,LAX,DTLA
9291,37027.0,LAX,PSD
9292,37033.0,LAX,DTLA
9293,37036.0,LAX,ANH
9294,37037.0,LAX,LGB
9295,37039.0,LAX,ANH
9296,37042.0,LAX,DTLA
9297,37060.0,LAX,ANH
9298,37071.0,LAX,DTLA
9299,37074.0,LAX,BVH
9300,37082.0,LAX,ANH
9301,37085.0,LAX,WDHL
9302,37088.0,LAX,HWD
9303,37094.0,LAX,ANH
9304,37099.0,LAX,ANH
9305,37101.0,LAX,ANH
9306,37125.0,LAX,DTLA
9307,37140.0,LAX,LGB
9308,37172.0,LAX,ANH
9309,37190.0,LAX,ANH
9310,37208.0,LAX,PSD
9311,37212.0,LAX,DTLA
9312,37250.0,LAX,LGB
9313,37254.0,LAX,HWD
9314,37292.0,LAX,LGB
9315,37303.0,LAX,BVH
9316,37312.0,LAX,ANH
9317,37322.0,LAX,ANH
9318,37348.0,LAX,ANH
9319,37357.0,LAX,PSD
9320,37357.0,LAX,HWD
9321,37365.0,LAX,PSD
9322,37367.0,LAX,BVH
9323,37374.0,LAX,WDHL
9324,37375.0,LAX,DTLA
9325,37376.0,LAX,PSD
9326,37378.0,LAX,WDHL
9327,37384.0,LAX,DTLA
9328,37416.0,LAX,DTLA
9329,37417.0,LAX,ANH
9330,37418.0,LAX,UVS
9331,37419.0,LAX,ANH
9332,37420.0,LAX,LGB
9333,37429.0,LAX,DTLA
9334,37430.0,LAX,ANH
9335,37434.0,LAX,UVS
9336,37438.0,LAX,LGB
9337,37440.0,LAX,PSD
9338,37445.0,LAX,WDHL
9339,37449.0,LAX,ANH
9340,37452.0,LAX,BVH
9341,37459.0,LAX,LGB
9342,37462.0,LAX,UVS
9343,37472.0,LAX,WDHL
9344,37484.0,LAX,HWD
9345,37488.0,LAX,HWD
9346,37496.0,LAX,LGB
9347,37501.0,LAX,BVH
9348,37513.0,LAX,BVH
9349,37518.0,LAX,WDHL
9350,37522.0,LAX,UVS
9351,37548.0,LAX,HWD
9352,37550.0,LAX,DTLA
9353,37556.0,LAX,HWD
9354,37569.0,LAX,BVH
9355,37579.0,LAX,ANH
9356,37582.0,LAX,HWD
9357,37584.0,LAX,UVS
9358,37585.0,LAX,DTLA
9359,37591.0,LAX,HWD
9360,37600.0,LAX,LGB
9361,37600.0,LAX,ANH
9362,37608.0,LAX,LGB
9363,37625.0,LAX,DTLA
9364,37629.0,LAX,DTLA
9365,37629.0,LAX,ANH
9366,37648.0,LAX,DTLA
9367,37671.0,LAX,DTLA
9368,37678.0,LAX,HWD
9369,37691.0,LAX,ANH
9370,37702.0,LAX,UVS
9371,37720.0,LAX,LGB
9372,37724.0,LAX,HWD
9373,37727.0,LAX,ANH
9374,37748.0,LAX,PSD
9375,37757.0,LAX,UVS
9376,37761.0,LAX,UVS
9377,37770.0,LAX,LGB
9378,37771.0,LAX,HWD
9379,37797.0,LAX,DTLA
9380,37798.0,LAX,DTLA
9381,37800.0,LAX,DTLA
9382,37805.0,LAX,ANH
9383,37824.0,LAX,HWD
9384,37826.0,LAX,HWD
9385,37831.0,LAX,DTLA
9386,37847.0,LAX,ANH
9387,37849.0,LAX,DTLA
9388,37858.0,LAX,DTLA
9389,37858.0,LAX,LGB
9390,37863.0,LAX,PSD
9391,37871.0,LAX,PSD
9392,37876.0,LAX,ANH
9393,37878.0,LAX,UVS
9394,37878.0,LAX,BVH
9395,37881.0,LAX,DTLA
9396,37881.0,LAX,DTLA
9397,37920.0,LAX,ANH
9398,37934.0,LAX,HWD
9399,37952.0,LAX,DTLA
9400,37967.0,LAX,ANH
9401,37968.0,LAX,DTLA
9402,37971.0,LAX,ANH
9403,37978.0,LAX,DTLA
9404,37981.0,LAX,PSD
9405,37981.0,LAX,ANH
9406,37983.0,LAX,HWD
9407,37990.0,LAX,ANH
9408,37996.0,LAX,PSD
9409,38011.0,LAX,BVH
9410,38025.0,LAX,LGB
9411,38082.0,LAX,PSD
9412,38091.0,LAX,HWD
9413,38109.0,LAX,LGB
9414,38118.0,LAX,DTLA
9415,38125.0,LAX,WDHL
9416,38129.0,LAX,ANH
9417,38135.0,LAX,LGB
9418,38135.0,LAX,PSD
9419,38139.0,LAX,BVH
9420,38153.0,LAX,ANH
9421,38154.0,LAX,HWD
9422,38173.0,LAX,HWD
9423,38177.0,LAX,WDHL
9424,38179.0,LAX,LGB
9425,38179.0,LAX,DTLA
9426,38181.0,LAX,LGB
9427,38182.0,LAX,HWD
9428,38187.0,LAX,HWD
9429,38195.0,LAX,LGB
9430,38201.0,LAX,BVH
9431,38201.0,LAX,DTLA
9432,38201.0,LAX,WDHL
9433,38206.0,LAX,ANH
9434,38207.0,LAX,ANH
9435,38213.0,LAX,DTLA
9436,38217.0,LAX,HWD
9437,38219.0,LAX,HWD
9438,38222.0,LAX,HWD
9439,38232.0,LAX,HWD
9440,38234.0,LAX,UVS
9441,38235.0,LAX,ANH
9442,38239.0,LAX,LGB
9443,38240.0,LAX,DTLA
9444,38243.0,LAX,HWD
9445,38245.0,LAX,LGB
9446,38255.0,LAX,ANH
9447,38259.0,LAX,ANH
9448,38261.0,LAX,HWD
9449,38268.0,LAX,HWD
9450,38278.0,LAX,DTLA
9451,38279.0,LAX,BVH
9452,38283.0,LAX,HWD
9453,38285.0,LAX,ANH
9454,38296.0,LAX,DTLA
9455,38302.0,LAX,ANH
9456,38302.0,LAX,ANH
9457,38304.0,LAX,HWD
9458,38308.0,LAX,HWD
9459,38312.0,LAX,HWD
9460,38317.0,LAX,ANH
9461,38324.0,LAX,LGB
9462,38324.0,LAX,LGB
9463,38326.0,LAX,PSD
9464,38334.0,LAX,BVH
9465,38338.0,LAX,HWD
9466,38352.0,LAX,DTLA
9467,38352.0,LAX,HWD
9468,38369.0,LAX,ANH
9469,38369.0,LAX,LGB
9470,38376.0,LAX,ANH
9471,38390.0,LAX,HWD
9472,38391.0,LAX,WDHL
9473,38393.0,LAX,BVH
9474,38396.0,LAX,ANH
9475,38408.0,LAX,ANH
9476,38416.0,LAX,HWD
9477,38440.0,LAX,LGB
9478,38442.0,LAX,DTLA
9479,38444.0,LAX,ANH
9480,38448.0,LAX,ANH
9481,38454.0,LAX,ANH
9482,38463.0,LAX,ANH
9483,38477.0,LAX,DTLA
9484,38485.0,LAX,HWD
9485,38490.0,LAX,LGB
9486,38494.0,LAX,ANH
9487,38506.0,LAX,DTLA
9488,38513.0,LAX,BVH
9489,38559.0,LAX,UVS
9490,38573.0,LAX,BVH
9491,38605.0,LAX,ANH
9492,38639.0,LAX,PSD
9493,38653.0,LAX,WDHL
9494,38662.0,LAX,ANH
9495,38758.0,LAX,HWD
9496,38771.0,LAX,DTLA
9497,38781.0,LAX,PSD
9498,38783.0,LAX,DTLA
9499,38790.0,LAX,HWD
9500,38793.0,LAX,DTLA
9501,38796.0,LAX,BVH
9502,38802.0,LAX,HWD
9503,38807.0,LAX,UVS
9504,38809.0,LAX,HWD
9505,38815.0,LAX,ANH
9506,38816.0,LAX,HWD
9507,38822.0,LAX,ANH
9508,38824.0,LAX,WDHL
9509,38835.0,LAX,ANH
9510,38841.0,LAX,ANH
9511,38852.0,LAX,ANH
9512,38858.0,LAX,ANH
9513,38868.0,LAX,DTLA
9514,38874.0,LAX,DTLA
9515,38875.0,LAX,ANH
9516,38875.0,LAX,LGB
9517,38889.0,LAX,DTLA
9518,38891.0,LAX,HWD
9519,38891.0,LAX,DTLA
9520,38900.0,LAX,ANH
9521,38903.0,LAX,PSD
9522,38909.0,LAX,UVS
9523,38910.0,LAX,DTLA
9524,38913.0,LAX,ANH
9525,38920.0,LAX,LGB
9526,38921.0,LAX,HWD
9527,38933.0,LAX,HWD
9528,38937.0,LAX,DTLA
9529,38961.0,LAX,BVH
9530,38966.0,LAX,DTLA
9531,38972.0,LAX,DTLA
9532,38985.0,LAX,LGB
9533,38992.0,LAX,HWD
9534,39023.0,LAX,BVH
9535,39056.0,LAX,PSD
9536,39057.0,LAX,ANH
9537,39064.0,LAX,UVS
9538,39065.0,LAX,ANH
9539,39100.0,LAX,ANH
9540,39112.0,LAX,ANH
9541,39115.0,LAX,ANH
9542,39126.0,LAX,ANH
9543,39127.0,LAX,BVH
9544,39131.0,LAX,LGB
9545,39134.0,LAX,PSD
9546,39136.0,LAX,HWD
9547,39142.0,LAX,DTLA
9548,39145.0,LAX,BVH
9549,39146.0,LAX,LGB
9550,39162.0,LAX,ANH
9551,39168.0,LAX,PSD
9552,39173.0,LAX,UVS
9553,39189.0,LAX,LGB
9554,39190.0,LAX,HWD
9555,39203.0,LAX,ANH
9556,39203.0,LAX,ANH
9557,39206.0,LAX,DTLA
9558,39210.0,LAX,HWD
9559,39219.0,LAX,HWD
9560,39235.0,LAX,PSD
9561,39255.0,LAX,BVH
9562,39258.0,LAX,ANH
9563,39259.0,LAX,DTLA
9564,39261.0,LAX,DTLA
9565,39263.0,LAX,PSD
9566,39273.0,LAX,ANH
9567,39274.0,LAX,HWD
9568,39279.0,LAX,HWD
9569,39286.0,LAX,UVS
9570,39302.0,LAX,ANH
9571,39305.0,LAX,UVS
9572,39305.0,LAX,PSD
9573,39312.0,LAX,HWD
9574,39315.0,LAX,DTLA
9575,39317.0,LAX,PSD
9576,39321.0,LAX,LGB
9577,39322.0,LAX,DTLA
9578,39331.0,LAX,DTLA
9579,39337.0,LAX,HWD
9580,39341.0,LAX,PSD
9581,39351.0,LAX,DTLA
9582,39369.0,LAX,PSD
9583,39382.0,LAX,HWD
9584,39385.0,LAX,PSD
9585,39400.0,LAX,WDHL
9586,39407.0,LAX,BVH
9587,39434.0,LAX,HWD
9588,39442.0,LAX,PSD
9589,39445.0,LAX,DTLA
9590,39474.0,LAX,ANH
9591,39482.0,LAX,BVH
9592,39485.0,LAX,HWD
9593,39495.0,LAX,PSD
9594,39499.0,LAX,DTLA
9595,39507.0,LAX,HWD
9596,39508.0,LAX,ANH
9597,39520.0,LAX,UVS
9598,39531.0,LAX,BVH
9599,39534.0,LAX,PSD
9600,39581.0,LAX,LGB
9601,39584.0,LAX,UVS
9602,39595.0,LAX,ANH
9603,39600.0,LAX,WDHL
9604,39620.0,LAX,DTLA
9605,39646.0,LAX,ANH
9606,39652.0,LAX,DTLA
9607,39653.0,LAX,DTLA
9608,39665.0,LAX,WDHL
9609,39666.0,LAX,DTLA
9610,39684.0,LAX,ANH
9611,39686.0,LAX,HWD
9612,39693.0,LAX,WDHL
9613,39708.0,LAX,ANH
9614,39708.0,LAX,BVH
9615,39723.0,LAX,DTLA
9616,39726.0,LAX,BVH
9617,39732.0,LAX,BVH
9618,39735.0,LAX,PSD
9619,39771.0,LAX,ANH
9620,39784.0,LAX,ANH
9621,39805.0,LAX,LGB
9622,39836.0,LAX,BVH
9623,39838.0,LAX,DTLA
9624,39867.0,LAX,UVS
9625,39868.0,LAX,DTLA
9626,40027.0,LAX,BVH
9627,40059.0,LAX,DTLA
9628,40075.0,LAX,WDHL
9629,40078.0,LAX,ANH
9630,40078.0,LAX,BVH
9631,40116.0,LAX,ANH
9632,40134.0,LAX,LGB
9633,40136.0,LAX,DTLA
9634,40141.0,LAX,ANH
9635,40157.0,LAX,UVS
9636,40162.0,LAX,HWD
9637,40164.0,LAX,HWD
9638,40167.0,LAX,LGB
9639,40170.0,LAX,WDHL
9640,40173.0,LAX,DTLA
9641,40184.0,LAX,HWD
9642,40202.0,LAX,ANH
9643,40207.0,LAX,ANH
9644,40218.0,LAX,HWD
9645,40229.0,LAX,HWD
9646,40231.0,LAX,LGB
9647,40259.0,LAX,ANH
9648,40260.0,LAX,BVH
9649,40263.0,LAX,LGB
9650,40275.0,LAX,DTLA
9651,40283.0,LAX,BVH
9652,40287.0,LAX,UVS
9653,40289.0,LAX,LGB
9654,40294.0,LAX,ANH
9655,40294.0,LAX,ANH
9656,40312.0,LAX,PSD
9657,40313.0,LAX,LGB
9658,40317.0,LAX,LGB
9659,40317.0,LAX,PSD
9660,40322.0,LAX,PSD
9661,40323.0,LAX,DTLA
9662,40323.0,LAX,DTLA
9663,40332.0,LAX,DTLA
9664,40334.0,LAX,ANH
9665,40336.0,LAX,ANH
9666,40342.0,LAX,DTLA
9667,40344.0,LAX,LGB
9668,40351.0,LAX,DTLA
9669,40353.0,LAX,HWD
9670,40354.0,LAX,HWD
9671,40356.0,LAX,DTLA
9672,40368.0,LAX,PSD
9673,40368.0,LAX,BVH
9674,40369.0,LAX,ANH
9675,40370.0,LAX,BVH
9676,40379.0,LAX,DTLA
9677,40381.0,LAX,HWD
9678,40385.0,LAX,LGB
9679,40399.0,LAX,DTLA
9680,40403.0,LAX,BVH
9681,40407.0,LAX,ANH
9682,40409.0,LAX,HWD
9683,40420.0,LAX,HWD
9684,40427.0,LAX,DTLA
9685,40429.0,LAX,HWD
9686,40432.0,LAX,BVH
9687,40464.0,LAX,ANH
9688,40476.0,LAX,WDHL
9689,40478.0,LAX,DTLA
9690,40485.0,LAX,DTLA
9691,40488.0,LAX,ANH
9692,40497.0,LAX,PSD
9693,40514.0,LAX,DTLA
9694,40515.0,LAX,LGB
9695,40521.0,LAX,ANH
9696,40522.0,LAX,DTLA
9697,40525.0,LAX,BVH
9698,40528.0,LAX,LGB
9699,40536.0,LAX,HWD
9700,40539.0,LAX,ANH
9701,40546.0,LAX,LGB
9702,40559.0,LAX,UVS
9703,40560.0,LAX,DTLA
9704,40574.0,LAX,DTLA
9705,40579.0,LAX,HWD
9706,40581.0,LAX,DTLA
9707,40582.0,LAX,ANH
9708,40590.0,LAX,HWD
9709,40591.0,LAX,HWD
9710,40591.0,LAX,ANH
9711,40591.0,LAX,PSD
9712,40593.0,LAX,HWD
9713,40593.0,LAX,DTLA
9714,40598.0,LAX,DTLA
9715,40600.0,LAX,BVH
9716,40616.0,LAX,UVS
9717,40619.0,LAX,BVH
9718,40620.0,LAX,BVH
9719,40621.0,LAX,LGB
9720,40621.0,LAX,PSD
9721,40622.0,LAX,DTLA
9722,40622.0,LAX,ANH
9723,40624.0,LAX,UVS
9724,40624.0,LAX,BVH
9725,40625.0,LAX,DTLA
9726,40634.0,LAX,DTLA
9727,40637.0,LAX,BVH
9728,40639.0,LAX,DTLA
9729,40641.0,LAX,LGB
9730,40645.0,LAX,DTLA
9731,40657.0,LAX,WDHL
9732,40659.0,LAX,DTLA
9733,40668.0,LAX,BVH
9734,40672.0,LAX,ANH
9735,40673.0,LAX,ANH
9736,40675.0,LAX,ANH
9737,40675.0,LAX,DTLA
9738,40701.0,LAX,LGB
9739,40711.0,LAX,DTLA
9740,40719.0,LAX,DTLA
9741,40737.0,LAX,ANH
9742,40741.0,LAX,DTLA
9743,40742.0,LAX,HWD
9744,40753.0,LAX,ANH
9745,40754.0,LAX,PSD
9746,40755.0,LAX,BVH
9747,40757.0,LAX,ANH
9748,40758.0,LAX,LGB
9749,40758.0,LAX,ANH
9750,40759.0,LAX,LGB
9751,40760.0,LAX,ANH
9752,40764.0,LAX,PSD
9753,40769.0,LAX,LGB
9754,40774.0,LAX,LGB
9755,40777.0,LAX,HWD
9756,40779.0,LAX,LGB
9757,40783.0,LAX,DTLA
9758,40787.0,LAX,HWD
9759,40788.0,LAX,LGB
9760,40806.0,LAX,BVH
9761,40815.0,LAX,BVH
9762,40818.0,LAX,WDHL
9763,40824.0,LAX,HWD
9764,40846.0,LAX,HWD
9765,40849.0,LAX,DTLA
9766,40860.0,LAX,HWD
9767,40873.0,LAX,ANH
9768,40884.0,LAX,ANH
9769,40889.0,LAX,WDHL
9770,40910.0,LAX,ANH
9771,40916.0,LAX,WDHL
9772,40932.0,LAX,UVS
9773,40946.0,LAX,HWD
9774,40962.0,LAX,DTLA
9775,40965.0,LAX,ANH
9776,40970.0,LAX,DTLA
9777,40977.0,LAX,HWD
9778,40987.0,LAX,PSD
9779,40989.0,LAX,UVS
9780,40991.0,LAX,UVS
9781,40992.0,LAX,ANH
9782,40994.0,LAX,DTLA
9783,40999.0,LAX,HWD
9784,41009.0,LAX,UVS
9785,41012.0,LAX,HWD
9786,41013.0,LAX,UVS
9787,41040.0,LAX,DTLA
9788,41045.0,LAX,DTLA
9789,41048.0,LAX,ANH
9790,41051.0,LAX,HWD
9791,41060.0,LAX,DTLA
9792,41061.0,LAX,DTLA
9793,41065.0,LAX,ANH
9794,41067.0,LAX,UVS
9795,41071.0,LAX,BVH
9796,41076.0,LAX,HWD
9797,41090.0,LAX,UVS
9798,41092.0,LAX,PSD
9799,41094.0,LAX,BVH
9800,41104.0,LAX,LGB
9801,41112.0,LAX,PSD
9802,41114.0,LAX,ANH
9803,41119.0,LAX,LGB
9804,41128.0,LAX,WDHL
9805,41130.0,LAX,BVH
9806,41130.0,LAX,LGB
9807,41130.0,LAX,ANH
9808,41138.0,LAX,ANH
9809,41152.0,LAX,HWD
9810,41157.0,LAX,ANH
9811,41171.0,LAX,HWD
9812,41204.0,LAX,ANH
9813,41209.0,LAX,PSD
9814,41216.0,LAX,DTLA
9815,41230.0,LAX,HWD
9816,41304.0,LAX,ANH
9817,41410.0,LAX,DTLA
9818,41414.0,LAX,ANH
9819,41421.0,LAX,UVS
9820,41440.0,LAX,DTLA
9821,41459.0,LAX,DTLA
9822,41473.0,LAX,PSD
9823,41481.0,LAX,ANH
9824,41489.0,LAX,ANH
9825,41502.0,LAX,DTLA
9826,41522.0,LAX,ANH
9827,41546.0,LAX,ANH
9828,41548.0,LAX,BVH
9829,41552.0,LAX,PSD
9830,41556.0,LAX,PSD
9831,41563.0,LAX,ANH
9832,41566.0,LAX,ANH
9833,41570.0,LAX,ANH
9834,41570.0,LAX,PSD
9835,41578.0,LAX,HWD
9836,41582.0,LAX,UVS
9837,41583.0,LAX,LGB
9838,41591.0,LAX,LGB
9839,41593.0,LAX,ANH
9840,41598.0,LAX,LGB
9841,41611.0,LAX,UVS
9842,41613.0,LAX,DTLA
9843,41646.0,LAX,ANH
9844,41649.0,LAX,ANH
9845,41665.0,LAX,UVS
9846,41665.0,LAX,LGB
9847,41670.0,LAX,HWD
9848,41674.0,LAX,PSD
9849,41674.0,LAX,LGB
9850,41687.0,LAX,BVH
9851,41691.0,LAX,BVH
9852,41699.0,LAX,HWD
9853,41703.0,LAX,HWD
9854,41712.0,LAX,ANH
9855,41713.0,LAX,DTLA
9856,41722.0,LAX,HWD
9857,41735.0,LAX,ANH
9858,41741.0,LAX,LGB
9859,41766.0,LAX,ANH
9860,41771.0,LAX,PSD
9861,41782.0,LAX,PSD
9862,41795.0,LAX,PSD
9863,41796.0,LAX,DTLA
9864,41800.0,LAX,DTLA
9865,41807.0,LAX,DTLA
9866,41835.0,LAX,PSD
9867,41843.0,LAX,DTLA
9868,41847.0,LAX,ANH
9869,41860.0,LAX,ANH
9870,41864.0,LAX,DTLA
9871,41876.0,LAX,DTLA
9872,41880.0,LAX,LGB
9873,41893.0,LAX,ANH
9874,41894.0,LAX,HWD
9875,41908.0,LAX,ANH
9876,41925.0,LAX,PSD
9877,41926.0,LAX,HWD
9878,41932.0,LAX,HWD
9879,41986.0,LAX,ANH
9880,42014.0,LAX,ANH
9881,42053.0,LAX,ANH
9882,42103.0,LAX,HWD
9883,42116.0,LAX,PSD
9884,42132.0,LAX,HWD
9885,42148.0,LAX,HWD
9886,42161.0,LAX,UVS
9887,42174.0,LAX,LGB
9888,42179.0,LAX,DTLA
9889,42191.0,LAX,HWD
9890,42232.0,LAX,PSD
9891,42252.0,LAX,BVH
9892,42262.0,LAX,HWD
9893,42271.0,LAX,DTLA
9894,42275.0,LAX,LGB
9895,42286.0,LAX,DTLA
9896,42288.0,LAX,BVH
9897,42311.0,LAX,PSD
9898,42316.0,LAX,ANH
9899,42316.0,LAX,LGB
9900,42366.0,LAX,DTLA
9901,42379.0,LAX,DTLA
9902,42383.0,LAX,HWD
9903,42401.0,LAX,ANH
9904,42411.0,LAX,HWD
9905,42421.0,LAX,HWD
9906,42423.0,LAX,DTLA
9907,42444.0,LAX,DTLA
9908,42464.0,LAX,DTLA
9909,42486.0,LAX,LGB
9910,42515.0,LAX,LGB
9911,42521.0,LAX,DTLA
9912,42530.0,LAX,BVH
9913,42531.0,LAX,UVS
9914,42543.0,LAX,BVH
9915,42556.0,LAX,DTLA
9916,42565.0,LAX,UVS
9917,42567.0,LAX,BVH
9918,42570.0,LAX,PSD
9919,42600.0,LAX,DTLA
9920,42606.0,LAX,ANH
9921,42646.0,LAX,DTLA
9922,42659.0,LAX,BVH
9923,42662.0,LAX,ANH
9924,42669.0,LAX,DTLA
9925,42669.0,LAX,ANH
9926,42669.0,LAX,DTLA
9927,42672.0,LAX,ANH
9928,42690.0,LAX,LGB
9929,42691.0,LAX,DTLA
9930,42708.0,LAX,WDHL
9931,42724.0,LAX,BVH
9932,42738.0,LAX,ANH
9933,42764.0,LAX,DTLA
9934,42796.0,LAX,DTLA
9935,42796.0,LAX,HWD
9936,42827.0,LAX,ANH
9937,42950.0,LAX,ANH
9938,42963.0,LAX,PSD
9939,42965.0,LAX,PSD
9940,42971.0,LAX,ANH
9941,42988.0,LAX,DTLA
9942,42989.0,LAX,PSD
9943,43000.0,LAX,ANH
9944,43008.0,LAX,UVS
9945,43009.0,LAX,DTLA
9946,43015.0,LAX,ANH
9947,43017.0,LAX,DTLA
9948,43027.0,LAX,DTLA
9949,43037.0,LAX,HWD
9950,43055.0,LAX,DTLA
9951,43061.0,LAX,HWD
9952,43062.0,LAX,LGB
9953,43080.0,LAX,DTLA
9954,43084.0,LAX,ANH
9955,43086.0,LAX,BVH
9956,43099.0,LAX,DTLA
9957,43102.0,LAX,PSD
9958,43107.0,LAX,DTLA
9959,43114.0,LAX,LGB
9960,43114.0,LAX,ANH
9961,43115.0,LAX,ANH
9962,43119.0,LAX,LGB
9963,43125.0,LAX,HWD
9964,43134.0,LAX,PSD
9965,43139.0,LAX,PSD
9966,43152.0,LAX,ANH
9967,43160.0,LAX,DTLA
9968,43160.0,LAX,DTLA
9969,43167.0,LAX,BVH
9970,43170.0,LAX,HWD
9971,43173.0,LAX,ANH
9972,43191.0,LAX,LGB
9973,43201.0,LAX,WDHL
9974,43227.0,LAX,DTLA
9975,43227.0,LAX,DTLA
9976,43228.0,LAX,DTLA
9977,43240.0,LAX,BVH
9978,43244.0,LAX,BVH
9979,43256.0,LAX,ANH
9980,43268.0,LAX,DTLA
9981,43269.0,LAX,UVS
9982,43305.0,LAX,WDHL
9983,43317.0,LAX,ANH
9984,43340.0,LAX,HWD
9985,43358.0,LAX,PSD
9986,43412.0,LAX,ANH
9987,43414.0,LAX,DTLA
9988,43416.0,LAX,DTLA
9989,43420.0,LAX,DTLA
9990,43464.0,LAX,ANH
9991,43468.0,LAX,BVH
9992,43468.0,LAX,DTLA
9993,43489.0,LAX,ANH
9994,43492.0,LAX,ANH
9995,43494.0,LAX,HWD
9996,43505.0,LAX,BVH
9997,43513.0,LAX,DTLA
9998,43513.0,LAX,DTLA
9999,43517.0,LAX,ANH
10000,43519.0,LAX,WDHL
10001,43521.0,LAX,DTLA
10002,43523.0,LAX,DTLA
10003,43523.0,LAX,ANH
10004,43536.0,LAX,LGB
10005,43539.0,LAX,DTLA
10006,43540.0,LAX,PSD
10007,43541.0,LAX,ANH
10008,43545.0,LAX,WDHL
10009,43550.0,LAX,HWD
10010,43559.0,LAX,DTLA
10011,43560.0,LAX,ANH
10012,43562.0,LAX,ANH
10013,43563.0,LAX,WDHL
10014,43569.0,LAX,DTLA
10015,43569.0,LAX,DTLA
10016,43570.0,LAX,DTLA
10017,43570.0,LAX,PSD
10018,43572.0,LAX,DTLA
10019,43575.0,LAX,LGB
10020,43578.0,LAX,BVH
10021,43580.0,LAX,LGB
10022,43582.0,LAX,ANH
10023,43587.0,LAX,ANH
10024,43589.0,LAX,BVH
10025,43598.0,LAX,ANH
10026,43601.0,LAX,DTLA
10027,43601.0,LAX,HWD
10028,43612.0,LAX,PSD
10029,43633.0,LAX,DTLA
10030,43640.0,LAX,PSD
10031,43640.0,LAX,ANH
10032,43655.0,LAX,HWD
10033,43659.0,LAX,ANH
10034,43669.0,LAX,DTLA
10035,43672.0,LAX,BVH
10036,43675.0,LAX,ANH
10037,43678.0,LAX,LGB
10038,43686.0,LAX,DTLA
10039,43688.0,LAX,LGB
10040,43692.0,LAX,ANH
10041,43700.0,LAX,HWD
10042,43712.0,LAX,DTLA
10043,43718.0,LAX,BVH
10044,43720.0,LAX,DTLA
10045,43722.0,LAX,WDHL
10046,43722.0,LAX,DTLA
10047,43727.0,LAX,DTLA
10048,43727.0,LAX,DTLA
10049,43729.0,LAX,PSD
10050,43754.0,LAX,HWD
10051,43757.0,LAX,PSD
10052,43763.0,LAX,DTLA
10053,43763.0,LAX,ANH
10054,43765.0,LAX,HWD
10055,43790.0,LAX,LGB
10056,43790.0,LAX,ANH
10057,43802.0,LAX,HWD
10058,43803.0,LAX,ANH
10059,43805.0,LAX,PSD
10060,43817.0,LAX,ANH
10061,43845.0,LAX,DTLA
10062,43847.0,LAX,HWD
10063,43849.0,LAX,BVH
10064,43851.0,LAX,LGB
10065,43861.0,LAX,UVS
10066,43865.0,LAX,PSD
10067,43865.0,LAX,BVH
10068,43873.0,LAX,DTLA
10069,43873.0,LAX,DTLA
10070,43894.0,LAX,ANH
10071,43897.0,LAX,LGB
10072,43910.0,LAX,ANH
10073,43910.0,LAX,WDHL
10074,43938.0,LAX,LGB
10075,43939.0,LAX,DTLA
10076,43941.0,LAX,ANH
10077,43945.0,LAX,PSD
10078,43947.0,LAX,HWD
10079,43953.0,LAX,HWD
10080,43960.0,LAX,HWD
10081,43960.0,LAX,BVH
10082,43962.0,LAX,LGB
10083,43968.0,LAX,BVH
10084,43972.0,LAX,BVH
10085,43977.0,LAX,DTLA
10086,43983.0,LAX,DTLA
10087,43990.0,LAX,ANH
10088,43996.0,LAX,DTLA
10089,44004.0,LAX,UVS
10090,44014.0,LAX,ANH
10091,44023.0,LAX,BVH
10092,44031.0,LAX,ANH
10093,44032.0,LAX,ANH
10094,44034.0,LAX,WDHL
10095,44041.0,LAX,WDHL
10096,44047.0,LAX,LGB
10097,44058.0,LAX,PSD
10098,44062.0,LAX,BVH
10099,44071.0,LAX,DTLA
10100,44072.0,LAX,WDHL
10101,44078.0,LAX,DTLA
10102,44079.0,LAX,BVH
10103,44080.0,LAX,HWD
10104,44086.0,LAX,ANH
10105,44096.0,LAX,HWD
10106,44097.0,LAX,LGB
10107,44098.0,LAX,PSD
10108,44101.0,LAX,BVH
10109,44104.0,LAX,ANH
10110,44112.0,LAX,DTLA
10111,44114.0,LAX,HWD
10112,44119.0,LAX,ANH
10113,44136.0,LAX,LGB
10114,44137.0,LAX,WDHL
10115,44142.0,LAX,HWD
10116,44151.0,LAX,LGB
10117,44152.0,LAX,PSD
10118,44152.0,LAX,PSD
10119,44158.0,LAX,BVH
10120,44166.0,LAX,ANH
10121,44172.0,LAX,DTLA
10122,44180.0,LAX,LGB
10123,44184.0,LAX,HWD
10124,44189.0,LAX,WDHL
10125,44190.0,LAX,ANH
10126,44199.0,LAX,WDHL
10127,44204.0,LAX,BVH
10128,44210.0,LAX,ANH
10129,44218.0,LAX,DTLA
10130,44221.0,LAX,UVS
10131,44223.0,LAX,LGB
10132,44226.0,LAX,ANH
10133,44229.0,LAX,HWD
10134,44232.0,LAX,WDHL
10135,44234.0,LAX,ANH
10136,44241.0,LAX,UVS
10137,44243.0,LAX,ANH
10138,44246.0,LAX,BVH
10139,44249.0,LAX,BVH
10140,44257.0,LAX,WDHL
10141,44260.0,LAX,ANH
10142,44265.0,LAX,HWD
10143,44273.0,LAX,DTLA
10144,44277.0,LAX,WDHL
10145,44279.0,LAX,PSD
10146,44279.0,LAX,DTLA
10147,44306.0,LAX,DTLA
10148,44332.0,LAX,PSD
10149,44344.0,LAX,DTLA
10150,44346.0,LAX,HWD
10151,44348.0,LAX,HWD
10152,44348.0,LAX,DTLA
10153,44354.0,LAX,HWD
10154,44361.0,LAX,PSD
10155,44364.0,LAX,ANH
10156,44367.0,LAX,HWD
10157,44368.0,LAX,LGB
10158,44377.0,LAX,LGB
10159,44383.0,LAX,DTLA
10160,44383.0,LAX,PSD
10161,44391.0,LAX,ANH
10162,44404.0,LAX,HWD
10163,44413.0,LAX,HWD
10164,44419.0,LAX,BVH
10165,44421.0,LAX,PSD
10166,44423.0,LAX,BVH
10167,44430.0,LAX,DTLA
10168,44431.0,LAX,DTLA
10169,44432.0,LAX,HWD
10170,44433.0,LAX,DTLA
10171,44444.0,LAX,HWD
10172,44446.0,LAX,ANH
10173,44447.0,LAX,ANH
10174,44451.0,LAX,HWD
10175,44452.0,LAX,DTLA
10176,44456.0,LAX,DTLA
10177,44464.0,LAX,BVH
10178,44486.0,LAX,UVS
10179,44487.0,LAX,HWD
10180,44490.0,LAX,DTLA
10181,44492.0,LAX,WDHL
10182,44493.0,LAX,HWD
10183,44497.0,LAX,ANH
10184,44498.0,LAX,LGB
10185,44501.0,LAX,LGB
10186,44507.0,LAX,HWD
10187,44522.0,LAX,LGB
10188,44525.0,LAX,BVH
10189,44533.0,LAX,LGB
10190,44542.0,LAX,HWD
10191,44550.0,LAX,BVH
10192,44568.0,LAX,DTLA
10193,44572.0,LAX,HWD
10194,44574.0,LAX,PSD
10195,44586.0,LAX,DTLA
10196,44611.0,LAX,LGB
10197,44648.0,LAX,HWD
10198,44656.0,LAX,ANH
10199,44665.0,LAX,HWD
10200,44682.0,LAX,WDHL
10201,44696.0,LAX,PSD
10202,44723.0,LAX,WDHL
10203,44725.0,LAX,HWD
10204,44770.0,LAX,HWD
10205,44773.0,LAX,DTLA
10206,44796.0,LAX,HWD
10207,44805.0,LAX,PSD
10208,44814.0,LAX,ANH
10209,44819.0,LAX,WDHL
10210,44825.0,LAX,LGB
10211,44826.0,LAX,DTLA
10212,44836.0,LAX,BVH
10213,44838.0,LAX,HWD
10214,44847.0,LAX,HWD
10215,44861.0,LAX,BVH
10216,44864.0,LAX,LGB
10217,44866.0,LAX,LGB
10218,44868.0,LAX,WDHL
10219,44871.0,LAX,LGB
10220,44872.0,LAX,ANH
10221,44892.0,LAX,DTLA
10222,44894.0,LAX,WDHL
10223,44895.0,LAX,DTLA
10224,44904.0,LAX,ANH
10225,44908.0,LAX,DTLA
10226,44908.0,LAX,HWD
10227,44951.0,LAX,HWD
10228,44956.0,LAX,PSD
10229,44958.0,LAX,WDHL
10230,44958.0,LAX,HWD
10231,44964.0,LAX,HWD
10232,44988.0,LAX,PSD
10233,44992.0,LAX,DTLA
10234,44995.0,LAX,HWD
10235,45000.0,LAX,LGB
10236,45012.0,LAX,HWD
10237,45018.0,LAX,UVS
10238,45023.0,LAX,ANH
10239,45025.0,LAX,DTLA
10240,45025.0,LAX,PSD
10241,45028.0,LAX,DTLA
10242,45029.0,LAX,ANH
10243,45046.0,LAX,LGB
10244,45057.0,LAX,BVH
10245,45143.0,LAX,DTLA
10246,45145.0,LAX,DTLA
10247,45194.0,LAX,PSD
10248,45213.0,LAX,DTLA
10249,45222.0,LAX,DTLA
10250,45245.0,LAX,PSD
10251,45246.0,LAX,DTLA
10252,45247.0,LAX,HWD
10253,45249.0,LAX,LGB
10254,45252.0,LAX,BVH
10255,45270.0,LAX,LGB
10256,45273.0,LAX,ANH
10257,45279.0,LAX,WDHL
10258,45282.0,LAX,BVH
10259,45301.0,LAX,DTLA
10260,45303.0,LAX,WDHL
10261,45312.0,LAX,HWD
10262,45315.0,LAX,DTLA
10263,45324.0,LAX,DTLA
10264,45337.0,LAX,ANH
10265,45343.0,LAX,ANH
10266,45352.0,LAX,DTLA
10267,45354.0,LAX,HWD
10268,45356.0,LAX,ANH
10269,45356.0,LAX,LGB
10270,45385.0,LAX,BVH
10271,45389.0,LAX,ANH
10272,45410.0,LAX,ANH
10273,45412.0,LAX,LGB
10274,45437.0,LAX,ANH
10275,45472.0,LAX,ANH
10276,45487.0,LAX,ANH
10277,45502.0,LAX,ANH
10278,45550.0,LAX,UVS
10279,45599.0,LAX,BVH
10280,45600.0,LAX,ANH
10281,45609.0,LAX,PSD
10282,45652.0,LAX,HWD
10283,45683.0,LAX,ANH
10284,45692.0,LAX,LGB
10285,45794.0,LAX,BVH
10286,45800.0,LAX,ANH
10287,45814.0,LAX,DTLA
10288,45816.0,LAX,BVH
10289,45817.0,LAX,ANH
10290,45841.0,LAX,LGB
10291,45857.0,LAX,LGB
10292,45868.0,LAX,PSD
10293,45884.0,LAX,ANH
10294,45899.0,LAX,HWD
10295,45910.0,LAX,ANH
10296,45913.0,LAX,PSD
10297,45924.0,LAX,DTLA
10298,45924.0,LAX,ANH
10299,45934.0,LAX,ANH
10300,45960.0,LAX,PSD
10301,45963.0,LAX,DTLA
10302,45965.0,LAX,LGB
10303,45965.0,LAX,BVH
10304,45982.0,LAX,ANH
10305,45986.0,LAX,UVS
10306,45996.0,LAX,DTLA
10307,45998.0,LAX,HWD
10308,45998.0,LAX,LGB
10309,46000.0,LAX,HWD
10310,46001.0,LAX,DTLA
10311,46004.0,LAX,LGB
10312,46005.0,LAX,UVS
10313,46005.0,LAX,LGB
10314,46021.0,LAX,WDHL
10315,46026.0,LAX,ANH
10316,46030.0,LAX,HWD
10317,46040.0,LAX,HWD
10318,46042.0,LAX,HWD
10319,46045.0,LAX,WDHL
10320,46065.0,LAX,PSD
10321,46069.0,LAX,ANH
10322,46076.0,LAX,ANH
10323,46082.0,LAX,BVH
10324,46084.0,LAX,PSD
10325,46102.0,LAX,PSD
10326,46115.0,LAX,UVS
10327,46124.0,LAX,PSD
10328,46127.0,LAX,HWD
10329,46128.0,LAX,DTLA
10330,46143.0,LAX,DTLA
10331,46158.0,LAX,LGB
10332,46172.0,LAX,HWD
10333,46184.0,LAX,ANH
10334,46189.0,LAX,DTLA
10335,46189.0,LAX,DTLA
10336,46209.0,LAX,PSD
10337,46210.0,LAX,DTLA
10338,46223.0,LAX,ANH
10339,46228.0,LAX,ANH
10340,46228.0,LAX,DTLA
10341,46241.0,LAX,ANH
10342,46244.0,LAX,DTLA
10343,46246.0,LAX,WDHL
10344,46252.0,LAX,ANH
10345,46263.0,LAX,DTLA
10346,46272.0,LAX,HWD
10347,46276.0,LAX,LGB
10348,46278.0,LAX,ANH
10349,46291.0,LAX,HWD
10350,46291.0,LAX,DTLA
10351,46296.0,LAX,WDHL
10352,46297.0,LAX,PSD
10353,46302.0,LAX,ANH
10354,46303.0,LAX,LGB
10355,46339.0,LAX,HWD
10356,46342.0,LAX,LGB
10357,46349.0,LAX,LGB
10358,46374.0,LAX,ANH
10359,46377.0,LAX,WDHL
10360,46380.0,LAX,HWD
10361,46381.0,LAX,PSD
10362,46392.0,LAX,DTLA
10363,46393.0,LAX,DTLA
10364,46414.0,LAX,ANH
10365,46416.0,LAX,ANH
10366,46423.0,LAX,ANH
10367,46428.0,LAX,BVH
10368,46432.0,LAX,DTLA
10369,46433.0,LAX,DTLA
10370,46433.0,LAX,DTLA
10371,46449.0,LAX,ANH
10372,46455.0,LAX,DTLA
10373,46463.0,LAX,PSD
10374,46464.0,LAX,DTLA
10375,46486.0,LAX,LGB
10376,46490.0,LAX,ANH
10377,46492.0,LAX,HWD
10378,46495.0,LAX,BVH
10379,46495.0,LAX,PSD
10380,46496.0,LAX,ANH
10381,46501.0,LAX,LGB
10382,46512.0,LAX,LGB
10383,46529.0,LAX,ANH
10384,46536.0,LAX,WDHL
10385,46540.0,LAX,DTLA
10386,46544.0,LAX,ANH
10387,46545.0,LAX,ANH
10388,46554.0,LAX,WDHL
10389,46559.0,LAX,LGB
10390,46564.0,LAX,HWD
10391,46565.0,LAX,HWD
10392,46568.0,LAX,BVH
10393,46579.0,LAX,HWD
10394,46584.0,LAX,HWD
10395,46586.0,LAX,ANH
10396,46588.0,LAX,HWD
10397,46595.0,LAX,LGB
10398,46601.0,LAX,UVS
10399,46608.0,LAX,WDHL
10400,46609.0,LAX,PSD
10401,46612.0,LAX,DTLA
10402,46619.0,LAX,PSD
10403,46622.0,LAX,DTLA
10404,46632.0,LAX,LGB
10405,46640.0,LAX,ANH
10406,46644.0,LAX,HWD
10407,46648.0,LAX,WDHL
10408,46652.0,LAX,UVS
10409,46654.0,LAX,WDHL
10410,46654.0,LAX,LGB
10411,46666.0,LAX,LGB
10412,46672.0,LAX,HWD
10413,46687.0,LAX,DTLA
10414,46691.0,LAX,DTLA
10415,46705.0,LAX,DTLA
10416,46707.0,LAX,DTLA
10417,46719.0,LAX,HWD
10418,46725.0,LAX,HWD
10419,46727.0,LAX,HWD
10420,46736.0,LAX,UVS
10421,46739.0,LAX,UVS
10422,46772.0,LAX,WDHL
10423,46784.0,LAX,ANH
10424,46786.0,LAX,HWD
10425,46800.0,LAX,HWD
10426,46818.0,LAX,ANH
10427,46821.0,LAX,HWD
10428,46827.0,LAX,LGB
10429,46829.0,LAX,ANH
10430,46830.0,LAX,UVS
10431,46832.0,LAX,ANH
10432,46835.0,LAX,ANH
10433,46839.0,LAX,HWD
10434,46841.0,LAX,DTLA
10435,46854.0,LAX,DTLA
10436,46858.0,LAX,DTLA
10437,46861.0,LAX,DTLA
10438,46876.0,LAX,ANH
10439,46887.0,LAX,ANH
10440,46892.0,LAX,BVH
10441,46894.0,LAX,HWD
10442,46900.0,LAX,WDHL
10443,46901.0,LAX,HWD
10444,46912.0,LAX,BVH
10445,46928.0,LAX,HWD
10446,46961.0,LAX,DTLA
10447,46965.0,LAX,ANH
10448,46978.0,LAX,DTLA
10449,46991.0,LAX,DTLA
10450,47005.0,LAX,PSD
10451,47169.0,LAX,PSD
10452,47170.0,LAX,LGB
10453,47173.0,LAX,PSD
10454,47222.0,LAX,ANH
10455,47238.0,LAX,DTLA
10456,47258.0,LAX,UVS
10457,47270.0,LAX,BVH
10458,47274.0,LAX,WDHL
10459,47295.0,LAX,ANH
10460,47307.0,LAX,LGB
10461,47310.0,LAX,HWD
10462,47314.0,LAX,DTLA
10463,47328.0,LAX,HWD
10464,47335.0,LAX,HWD
10465,47336.0,LAX,ANH
10466,47343.0,LAX,ANH
10467,47350.0,LAX,PSD
10468,47363.0,LAX,BVH
10469,47387.0,LAX,PSD
10470,47393.0,LAX,HWD
10471,47413.0,LAX,ANH
10472,47418.0,LAX,DTLA
10473,47421.0,LAX,DTLA
10474,47428.0,LAX,DTLA
10475,47434.0,LAX,ANH
10476,47469.0,LAX,ANH
10477,47480.0,LAX,ANH
10478,47493.0,LAX,UVS
10479,47497.0,LAX,BVH
10480,47499.0,LAX,PSD
10481,47520.0,LAX,DTLA
10482,47525.0,LAX,ANH
10483,47537.0,LAX,LGB
10484,47545.0,LAX,PSD
10485,47546.0,LAX,ANH
10486,47554.0,LAX,DTLA
10487,47577.0,LAX,PSD
10488,47599.0,LAX,ANH
10489,47601.0,LAX,PSD
10490,47610.0,LAX,ANH
10491,47611.0,LAX,DTLA
10492,47618.0,LAX,BVH
10493,47628.0,LAX,HWD
10494,47632.0,LAX,UVS
10495,47634.0,LAX,DTLA
10496,47636.0,LAX,ANH
10497,47660.0,LAX,HWD
10498,47663.0,LAX,HWD
10499,47685.0,LAX,ANH
10500,47715.0,LAX,PSD
10501,47735.0,LAX,ANH
10502,47759.0,LAX,WDHL
10503,47792.0,LAX,DTLA
10504,47795.0,LAX,ANH
10505,47803.0,LAX,HWD
10506,47808.0,LAX,DTLA
10507,47821.0,LAX,HWD
10508,47823.0,LAX,BVH
10509,47824.0,LAX,ANH
10510,47835.0,LAX,ANH
10511,47840.0,LAX,PSD
10512,47844.0,LAX,UVS
10513,47845.0,LAX,HWD
10514,47863.0,LAX,DTLA
10515,47876.0,LAX,BVH
10516,47888.0,LAX,DTLA
10517,47891.0,LAX,PSD
10518,47902.0,LAX,DTLA
10519,47904.0,LAX,HWD
10520,47904.0,LAX,LGB
10521,47907.0,LAX,ANH
10522,47914.0,LAX,LGB
10523,47915.0,LAX,WDHL
10524,47916.0,LAX,DTLA
10525,47918.0,LAX,LGB
10526,47930.0,LAX,LGB
10527,47931.0,LAX,BVH
10528,47934.0,LAX,PSD
10529,47934.0,LAX,BVH
10530,47936.0,LAX,WDHL
10531,47937.0,LAX,BVH
10532,47938.0,LAX,BVH
10533,47940.0,LAX,DTLA
10534,47944.0,LAX,DTLA
10535,47966.0,LAX,ANH
10536,47967.0,LAX,ANH
10537,47991.0,LAX,LGB
10538,47993.0,LAX,UVS
10539,47994.0,LAX,DTLA
10540,48001.0,LAX,UVS
10541,48007.0,LAX,PSD
10542,48010.0,LAX,LGB
10543,48014.0,LAX,WDHL
10544,48019.0,LAX,DTLA
10545,48020.0,LAX,HWD
10546,48025.0,LAX,PSD
10547,48026.0,LAX,BVH
10548,48028.0,LAX,LGB
10549,48030.0,LAX,ANH
10550,48032.0,LAX,WDHL
10551,48032.0,LAX,DTLA
10552,48032.0,LAX,PSD
10553,48036.0,LAX,ANH
10554,48039.0,LAX,ANH
10555,48059.0,LAX,UVS
10556,48065.0,LAX,DTLA
10557,48066.0,LAX,HWD
10558,48073.0,LAX,DTLA
10559,48074.0,LAX,HWD
10560,48078.0,LAX,LGB
10561,48079.0,LAX,HWD
10562,48080.0,LAX,HWD
10563,48081.0,LAX,HWD
10564,48083.0,LAX,ANH
10565,48087.0,LAX,ANH
10566,48100.0,LAX,WDHL
10567,48106.0,LAX,DTLA
10568,48109.0,LAX,WDHL
10569,48117.0,LAX,ANH
10570,48144.0,LAX,ANH
10571,48153.0,LAX,WDHL
10572,48195.0,LAX,DTLA
10573,48350.0,LAX,DTLA
10574,48361.0,LAX,DTLA
10575,48365.0,LAX,PSD
10576,48376.0,LAX,ANH
10577,48380.0,LAX,DTLA
10578,48388.0,LAX,LGB
10579,48413.0,LAX,HWD
10580,48413.0,LAX,DTLA
10581,48416.0,LAX,BVH
10582,48417.0,LAX,ANH
10583,48418.0,LAX,LGB
10584,48441.0,LAX,DTLA
10585,48446.0,LAX,LGB
10586,48449.0,LAX,BVH
10587,48475.0,LAX,DTLA
10588,48479.0,LAX,ANH
10589,48485.0,LAX,ANH
10590,48487.0,LAX,HWD
10591,48491.0,LAX,DTLA
10592,48504.0,LAX,HWD
10593,48507.0,LAX,LGB
10594,48528.0,LAX,ANH
10595,48550.0,LAX,DTLA
10596,48551.0,LAX,DTLA
10597,48553.0,LAX,LGB
10598,48583.0,LAX,DTLA
10599,48616.0,LAX,BVH
10600,48633.0,LAX,ANH
10601,48639.0,LAX,ANH
10602,48665.0,LAX,DTLA
10603,48689.0,LAX,DTLA
10604,48696.0,LAX,HWD
10605,48697.0,LAX,LGB
10606,48705.0,LAX,BVH
10607,48726.0,LAX,BVH
10608,48727.0,LAX,UVS
10609,48729.0,LAX,DTLA
10610,48732.0,LAX,HWD
10611,48742.0,LAX,LGB
10612,48748.0,LAX,UVS
10613,48748.0,LAX,DTLA
10614,48752.0,LAX,UVS
10615,48756.0,LAX,LGB
10616,48757.0,LAX,LGB
10617,48766.0,LAX,UVS
10618,48767.0,LAX,WDHL
10619,48774.0,LAX,PSD
10620,48780.0,LAX,UVS
10621,48798.0,LAX,PSD
10622,48805.0,LAX,ANH
10623,48805.0,LAX,PSD
10624,48809.0,LAX,DTLA
10625,48810.0,LAX,UVS
10626,48820.0,LAX,ANH
10627,48864.0,LAX,HWD
10628,48869.0,LAX,LGB
10629,48869.0,LAX,LGB
10630,48882.0,LAX,PSD
10631,48884.0,LAX,BVH
10632,48886.0,LAX,BVH
10633,48895.0,LAX,BVH
10634,48917.0,LAX,ANH
10635,48935.0,LAX,UVS
10636,48938.0,LAX,DTLA
10637,48941.0,LAX,LGB
10638,48944.0,LAX,PSD
10639,48950.0,LAX,HWD
10640,48963.0,LAX,BVH
10641,48977.0,LAX,DTLA
10642,48983.0,LAX,ANH
10643,49003.0,LAX,HWD
10644,49008.0,LAX,LGB
10645,49020.0,LAX,ANH
10646,49026.0,LAX,BVH
10647,49027.0,LAX,DTLA
10648,49029.0,LAX,ANH
10649,49053.0,LAX,ANH
10650,49054.0,LAX,DTLA
10651,49123.0,LAX,DTLA
10652,49159.0,LAX,ANH
10653,49324.0,LAX,DTLA
10654,49331.0,LAX,ANH
10655,49338.0,LAX,DTLA
10656,49362.0,LAX,DTLA
10657,49381.0,LAX,LGB
10658,49392.0,LAX,DTLA
10659,49398.0,LAX,DTLA
10660,49413.0,LAX,HWD
10661,49414.0,LAX,LGB
10662,49415.0,LAX,DTLA
10663,49418.0,LAX,BVH
10664,49424.0,LAX,PSD
10665,49430.0,LAX,ANH
10666,49440.0,LAX,DTLA
10667,49475.0,LAX,HWD
10668,49478.0,LAX,PSD
10669,49479.0,LAX,DTLA
10670,49481.0,LAX,BVH
10671,49482.0,LAX,HWD
10672,49483.0,LAX,BVH
10673,49496.0,LAX,HWD
10674,49498.0,LAX,WDHL
10675,49499.0,LAX,WDHL
10676,49504.0,LAX,LGB
10677,49504.0,LAX,ANH
10678,49520.0,LAX,ANH
10679,49521.0,LAX,LGB
10680,49521.0,LAX,HWD
10681,49525.0,LAX,HWD
10682,49526.0,LAX,DTLA
10683,49538.0,LAX,WDHL
10684,49541.0,LAX,PSD
10685,49542.0,LAX,HWD
10686,49544.0,LAX,LGB
10687,49545.0,LAX,HWD
10688,49549.0,LAX,PSD
10689,49551.0,LAX,HWD
10690,49557.0,LAX,WDHL
10691,49562.0,LAX,BVH
10692,49563.0,LAX,ANH
10693,49565.0,LAX,ANH
10694,49568.0,LAX,DTLA
10695,49569.0,LAX,PSD
10696,49573.0,LAX,HWD
10697,49581.0,LAX,DTLA
10698,49582.0,LAX,DTLA
10699,49583.0,LAX,HWD
10700,49584.0,LAX,ANH
10701,49589.0,LAX,LGB
10702,49591.0,LAX,HWD
10703,49592.0,LAX,HWD
10704,49599.0,LAX,LGB
10705,49604.0,LAX,DTLA
10706,49611.0,LAX,LGB
10707,49614.0,LAX,DTLA
10708,49624.0,LAX,ANH
10709,49632.0,LAX,ANH
10710,49646.0,LAX,HWD
10711,49657.0,LAX,LGB
10712,49664.0,LAX,DTLA
10713,49664.0,LAX,LGB
10714,49665.0,LAX,DTLA
10715,49675.0,LAX,ANH
10716,49678.0,LAX,DTLA
10717,49686.0,LAX,ANH
10718,49687.0,LAX,ANH
10719,49697.0,LAX,LGB
10720,49700.0,LAX,DTLA
10721,49715.0,LAX,LGB
10722,49715.0,LAX,LGB
10723,49749.0,LAX,ANH
10724,49784.0,LAX,LGB
10725,49785.0,LAX,DTLA
10726,49788.0,LAX,UVS
10727,49819.0,LAX,DTLA
10728,49841.0,LAX,BVH
10729,49845.0,LAX,ANH
10730,49848.0,LAX,HWD
10731,49861.0,LAX,ANH
10732,49884.0,LAX,HWD
10733,49919.0,LAX,BVH
10734,49926.0,LAX,HWD
10735,49954.0,LAX,DTLA
10736,49957.0,LAX,DTLA
10737,49961.0,LAX,DTLA
10738,49970.0,LAX,HWD
10739,49971.0,LAX,DTLA
10740,49975.0,LAX,DTLA
10741,49985.0,LAX,ANH
10742,49985.0,LAX,UVS
10743,49990.0,LAX,LGB
10744,49991.0,LAX,ANH
10745,50009.0,LAX,DTLA
10746,50011.0,LAX,ANH
10747,50068.0,LAX,BVH
10748,50074.0,LAX,HWD
10749,50076.0,LAX,ANH
10750,50079.0,LAX,DTLA
10751,50084.0,LAX,LGB
10752,50141.0,LAX,BVH
10753,50158.0,LAX,LGB
10754,50168.0,LAX,DTLA
10755,50168.0,LAX,PSD
10756,50180.0,LAX,ANH
10757,50191.0,LAX,DTLA
10758,50204.0,LAX,ANH
10759,50208.0,LAX,LGB
10760,50209.0,LAX,ANH
10761,50215.0,LAX,WDHL
10762,50221.0,LAX,ANH
10763,50227.0,LAX,WDHL
10764,50232.0,LAX,LGB
10765,50238.0,LAX,DTLA
10766,50238.0,LAX,HWD
10767,50248.0,LAX,ANH
10768,50257.0,LAX,DTLA
10769,50259.0,LAX,LGB
10770,50266.0,LAX,HWD
10771,50267.0,LAX,HWD
10772,50269.0,LAX,ANH
10773,50279.0,LAX,HWD
10774,50287.0,LAX,DTLA
10775,50289.0,LAX,ANH
10776,50292.0,LAX,DTLA
10777,50313.0,LAX,BVH
10778,50324.0,LAX,HWD
10779,50333.0,LAX,PSD
10780,50334.0,LAX,ANH
10781,50338.0,LAX,ANH
10782,50348.0,LAX,HWD
10783,50356.0,LAX,ANH
10784,50360.0,LAX,DTLA
10785,50363.0,LAX,BVH
10786,50371.0,LAX,HWD
10787,50374.0,LAX,HWD
10788,50379.0,LAX,LGB
10789,50383.0,LAX,DTLA
10790,50397.0,LAX,ANH
10791,50400.0,LAX,LGB
10792,50400.0,LAX,ANH
10793,50407.0,LAX,ANH
10794,50425.0,LAX,BVH
10795,50445.0,LAX,PSD
10796,50451.0,LAX,BVH
10797,50453.0,LAX,PSD
10798,50463.0,LAX,HWD
10799,50468.0,LAX,HWD
10800,50471.0,LAX,PSD
10801,50472.0,LAX,HWD
10802,50474.0,LAX,HWD
10803,50479.0,LAX,ANH
10804,50495.0,LAX,BVH
10805,50498.0,LAX,DTLA
10806,50499.0,LAX,BVH
10807,50500.0,LAX,LGB
10808,50502.0,LAX,DTLA
10809,50510.0,LAX,DTLA
10810,50511.0,LAX,BVH
10811,50514.0,LAX,ANH
10812,50529.0,LAX,ANH
10813,50535.0,LAX,PSD
10814,50536.0,LAX,DTLA
10815,50537.0,LAX,ANH
10816,50545.0,LAX,BVH
10817,50546.0,LAX,DTLA
10818,50549.0,LAX,DTLA
10819,50550.0,LAX,LGB
10820,50551.0,LAX,DTLA
10821,50552.0,LAX,ANH
10822,50555.0,LAX,DTLA
10823,50565.0,LAX,DTLA
10824,50569.0,LAX,HWD
10825,50573.0,LAX,ANH
10826,50576.0,LAX,LGB
10827,50579.0,LAX,ANH
10828,50599.0,LAX,ANH
10829,50600.0,LAX,HWD
10830,50602.0,LAX,LGB
10831,50605.0,LAX,HWD
10832,50606.0,LAX,PSD
10833,50617.0,LAX,DTLA
10834,50617.0,LAX,ANH
10835,50622.0,LAX,BVH
10836,50626.0,LAX,BVH
10837,50628.0,LAX,DTLA
10838,50636.0,LAX,WDHL
10839,50636.0,LAX,UVS
10840,50645.0,LAX,LGB
10841,50645.0,LAX,DTLA
10842,50650.0,LAX,HWD
10843,50654.0,LAX,HWD
10844,50684.0,LAX,DTLA
10845,50690.0,LAX,HWD
10846,50691.0,LAX,DTLA
10847,50697.0,LAX,HWD
10848,50698.0,LAX,HWD
10849,50758.0,LAX,PSD
10850,50771.0,LAX,WDHL
10851,50788.0,LAX,BVH
10852,50817.0,LAX,HWD
10853,50825.0,LAX,PSD
10854,50835.0,LAX,DTLA
10855,50838.0,LAX,PSD
10856,50840.0,LAX,ANH
10857,50848.0,LAX,UVS
10858,50856.0,LAX,BVH
10859,50863.0,LAX,HWD
10860,50868.0,LAX,PSD
10861,50868.0,LAX,ANH
10862,50873.0,LAX,ANH
10863,50884.0,LAX,ANH
10864,50889.0,LAX,ANH
10865,50899.0,LAX,BVH
10866,50907.0,LAX,DTLA
10867,50911.0,LAX,HWD
10868,50912.0,LAX,ANH
10869,50914.0,LAX,LGB
10870,50921.0,LAX,LGB
10871,50923.0,LAX,HWD
10872,50927.0,LAX,ANH
10873,50931.0,LAX,DTLA
10874,50932.0,LAX,WDHL
10875,50932.0,LAX,DTLA
10876,50946.0,LAX,BVH
10877,50952.0,LAX,WDHL
10878,50963.0,LAX,DTLA
10879,50980.0,LAX,BVH
10880,50981.0,LAX,UVS
10881,50983.0,LAX,ANH
10882,50984.0,LAX,LGB
10883,50996.0,LAX,HWD
10884,51005.0,LAX,DTLA
10885,51005.0,LAX,DTLA
10886,51007.0,LAX,UVS
10887,51008.0,LAX,DTLA
10888,51013.0,LAX,DTLA
10889,51022.0,LAX,PSD
10890,51029.0,LAX,WDHL
10891,51032.0,LAX,DTLA
10892,51044.0,LAX,LGB
10893,51045.0,LAX,ANH
10894,51045.0,LAX,DTLA
10895,51052.0,LAX,DTLA
10896,51071.0,LAX,BVH
10897,51072.0,LAX,HWD
10898,51085.0,LAX,ANH
10899,51090.0,LAX,BVH
10900,51090.0,LAX,HWD
10901,51118.0,LAX,WDHL
10902,51119.0,LAX,ANH
10903,51142.0,LAX,LGB
10904,51149.0,LAX,UVS
10905,51151.0,LAX,PSD
10906,51167.0,LAX,PSD
10907,51186.0,LAX,ANH
10908,51188.0,LAX,ANH
10909,51200.0,LAX,ANH
10910,51201.0,LAX,LGB
10911,51220.0,LAX,LGB
10912,51220.0,LAX,PSD
10913,51220.0,LAX,DTLA
10914,51234.0,LAX,ANH
10915,51234.0,LAX,DTLA
10916,51243.0,LAX,ANH
10917,51245.0,LAX,ANH
10918,51246.0,LAX,WDHL
10919,51248.0,LAX,WDHL
10920,51260.0,LAX,BVH
10921,51278.0,LAX,LGB
10922,51294.0,LAX,ANH
10923,51301.0,LAX,WDHL
10924,51303.0,LAX,UVS
10925,51306.0,LAX,ANH
10926,51314.0,LAX,BVH
10927,51314.0,LAX,WDHL
10928,51325.0,LAX,WDHL
10929,51330.0,LAX,PSD
10930,51344.0,LAX,BVH
10931,51349.0,LAX,LGB
10932,51389.0,LAX,UVS
10933,51400.0,LAX,HWD
10934,51437.0,LAX,DTLA
10935,51443.0,LAX,BVH
10936,51469.0,LAX,ANH
10937,51483.0,LAX,LGB
10938,51485.0,LAX,PSD
10939,51517.0,LAX,HWD
10940,51526.0,LAX,DTLA
10941,51530.0,LAX,DTLA
10942,51534.0,LAX,BVH
10943,51535.0,LAX,LGB
10944,51536.0,LAX,HWD
10945,51537.0,LAX,LGB
10946,51542.0,LAX,ANH
10947,51547.0,LAX,DTLA
10948,51554.0,LAX,LGB
10949,51555.0,LAX,PSD
10950,51567.0,LAX,DTLA
10951,51569.0,LAX,ANH
10952,51571.0,LAX,PSD
10953,51574.0,LAX,DTLA
10954,51574.0,LAX,DTLA
10955,51577.0,LAX,BVH
10956,51577.0,LAX,ANH
10957,51580.0,LAX,LGB
10958,51581.0,LAX,ANH
10959,51582.0,LAX,PSD
10960,51583.0,LAX,DTLA
10961,51596.0,LAX,PSD
10962,51600.0,LAX,PSD
10963,51613.0,LAX,DTLA
10964,51630.0,LAX,ANH
10965,51638.0,LAX,DTLA
10966,51640.0,LAX,UVS
10967,51647.0,LAX,DTLA
10968,51650.0,LAX,PSD
10969,51660.0,LAX,DTLA
10970,51666.0,LAX,WDHL
10971,51668.0,LAX,LGB
10972,51670.0,LAX,BVH
10973,51674.0,LAX,UVS
10974,51676.0,LAX,DTLA
10975,51694.0,LAX,DTLA
10976,51703.0,LAX,PSD
10977,51703.0,LAX,ANH
10978,51705.0,LAX,HWD
10979,51712.0,LAX,ANH
10980,51715.0,LAX,HWD
10981,51716.0,LAX,ANH
10982,51728.0,LAX,PSD
10983,51731.0,LAX,UVS
10984,51735.0,LAX,HWD
10985,51739.0,LAX,ANH
10986,51755.0,LAX,UVS
10987,51761.0,LAX,LGB
10988,51773.0,LAX,PSD
10989,51777.0,LAX,DTLA
10990,51780.0,LAX,DTLA
10991,51796.0,LAX,HWD
10992,51803.0,LAX,ANH
10993,51818.0,LAX,PSD
10994,51865.0,LAX,HWD
10995,51891.0,LAX,BVH
10996,51904.0,LAX,DTLA
10997,51911.0,LAX,DTLA
10998,51916.0,LAX,BVH
10999,51921.0,LAX,DTLA
11000,51935.0,LAX,HWD
11001,51937.0,LAX,WDHL
11002,51948.0,LAX,HWD
11003,51950.0,LAX,LGB
11004,51952.0,LAX,PSD
11005,51952.0,LAX,LGB
11006,51963.0,LAX,DTLA
11007,51971.0,LAX,ANH
11008,51985.0,LAX,LGB
11009,51987.0,LAX,WDHL
11010,51992.0,LAX,LGB
11011,51992.0,LAX,ANH
11012,51995.0,LAX,DTLA
11013,52006.0,LAX,UVS
11014,52008.0,LAX,ANH
11015,52009.0,LAX,ANH
11016,52019.0,LAX,WDHL
11017,52022.0,LAX,HWD
11018,52033.0,LAX,LGB
11019,52038.0,LAX,HWD
11020,52042.0,LAX,PSD
11021,52043.0,LAX,HWD
11022,52059.0,LAX,BVH
11023,52063.0,LAX,DTLA
11024,52073.0,LAX,HWD
11025,52076.0,LAX,BVH
11026,52081.0,LAX,HWD
11027,52088.0,LAX,BVH
11028,52094.0,LAX,ANH
11029,52094.0,LAX,ANH
11030,52095.0,LAX,PSD
11031,52112.0,LAX,HWD
11032,52114.0,LAX,LGB
11033,52127.0,LAX,ANH
11034,52156.0,LAX,HWD
11035,52165.0,LAX,DTLA
11036,52167.0,LAX,HWD
11037,52168.0,LAX,HWD
11038,52214.0,LAX,HWD
11039,52273.0,LAX,UVS
11040,52281.0,LAX,ANH
11041,52302.0,LAX,HWD
11042,52312.0,LAX,DTLA
11043,52313.0,LAX,LGB
11044,52318.0,LAX,DTLA
11045,52334.0,LAX,ANH
11046,52338.0,LAX,DTLA
11047,52350.0,LAX,HWD
11048,52352.0,LAX,LGB
11049,52382.0,LAX,PSD
11050,52384.0,LAX,DTLA
11051,52388.0,LAX,ANH
11052,52402.0,LAX,HWD
11053,52403.0,LAX,DTLA
11054,52408.0,LAX,DTLA
11055,52411.0,LAX,HWD
11056,52413.0,LAX,ANH
11057,52416.0,LAX,ANH
11058,52417.0,LAX,LGB
11059,52426.0,LAX,WDHL
11060,52430.0,LAX,DTLA
11061,52432.0,LAX,HWD
11062,52434.0,LAX,BVH
11063,52435.0,LAX,DTLA
11064,52439.0,LAX,DTLA
11065,52444.0,LAX,HWD
11066,52449.0,LAX,LGB
11067,52455.0,LAX,ANH
11068,52466.0,LAX,UVS
11069,52472.0,LAX,DTLA
11070,52474.0,LAX,DTLA
11071,52478.0,LAX,DTLA
11072,52481.0,LAX,BVH
11073,52483.0,LAX,PSD
11074,52485.0,LAX,DTLA
11075,52491.0,LAX,DTLA
11076,52492.0,LAX,HWD
11077,52493.0,LAX,LGB
11078,52498.0,LAX,DTLA
11079,52499.0,LAX,HWD
11080,52510.0,LAX,DTLA
11081,52511.0,LAX,DTLA
11082,52513.0,LAX,ANH
11083,52514.0,LAX,PSD
11084,52514.0,LAX,WDHL
11085,52523.0,LAX,DTLA
11086,52526.0,LAX,WDHL
11087,52528.0,LAX,ANH
11088,52529.0,LAX,ANH
11089,52529.0,LAX,DTLA
11090,52533.0,LAX,ANH
11091,52534.0,LAX,LGB
11092,52534.0,LAX,UVS
11093,52538.0,LAX,HWD
11094,52538.0,LAX,ANH
11095,52560.0,LAX,DTLA
11096,52565.0,LAX,BVH
11097,52566.0,LAX,PSD
11098,52573.0,LAX,UVS
11099,52574.0,LAX,ANH
11100,52582.0,LAX,WDHL
11101,52586.0,LAX,LGB
11102,52596.0,LAX,ANH
11103,52618.0,LAX,DTLA
11104,52619.0,LAX,PSD
11105,52626.0,LAX,PSD
11106,52630.0,LAX,DTLA
11107,52633.0,LAX,ANH
11108,52635.0,LAX,ANH
11109,52636.0,LAX,HWD
11110,52637.0,LAX,HWD
11111,52655.0,LAX,PSD
11112,52658.0,LAX,LGB
11113,52666.0,LAX,BVH
11114,52668.0,LAX,DTLA
11115,52671.0,LAX,DTLA
11116,52682.0,LAX,DTLA
11117,52683.0,LAX,DTLA
11118,52685.0,LAX,DTLA
11119,52688.0,LAX,PSD
11120,52696.0,LAX,DTLA
11121,52699.0,LAX,PSD
11122,52720.0,LAX,LGB
11123,52723.0,LAX,LGB
11124,52734.0,LAX,ANH
11125,52739.0,LAX,HWD
11126,52741.0,LAX,LGB
11127,52742.0,LAX,UVS
11128,52744.0,LAX,LGB
11129,52749.0,LAX,PSD
11130,52756.0,LAX,DTLA
11131,52760.0,LAX,DTLA
11132,52764.0,LAX,BVH
11133,52776.0,LAX,LGB
11134,52780.0,LAX,DTLA
11135,52782.0,LAX,LGB
11136,52795.0,LAX,DTLA
11137,52796.0,LAX,DTLA
11138,52803.0,LAX,PSD
11139,52805.0,LAX,LGB
11140,52807.0,LAX,UVS
11141,52811.0,LAX,LGB
11142,52821.0,LAX,ANH
11143,52829.0,LAX,ANH
11144,52837.0,LAX,PSD
11145,52840.0,LAX,LGB
11146,52850.0,LAX,DTLA
11147,52857.0,LAX,DTLA
11148,52868.0,LAX,LGB
11149,52874.0,LAX,DTLA
11150,52882.0,LAX,ANH
11151,52887.0,LAX,HWD
11152,52893.0,LAX,LGB
11153,52896.0,LAX,BVH
11154,52907.0,LAX,UVS
11155,52910.0,LAX,ANH
11156,52920.0,LAX,ANH
11157,52923.0,LAX,UVS
11158,52943.0,LAX,HWD
11159,52955.0,LAX,BVH
11160,52956.0,LAX,UVS
11161,52958.0,LAX,LGB
11162,52993.0,LAX,HWD
11163,53006.0,LAX,LGB
11164,53028.0,LAX,ANH
11165,53034.0,LAX,ANH
11166,53047.0,LAX,PSD
11167,53053.0,LAX,DTLA
11168,53053.0,LAX,HWD
11169,53063.0,LAX,BVH
11170,53071.0,LAX,UVS
11171,53091.0,LAX,LGB
11172,53099.0,LAX,LGB
11173,53112.0,LAX,HWD
11174,53132.0,LAX,BVH
11175,53140.0,LAX,HWD
11176,53157.0,LAX,ANH
11177,53190.0,LAX,DTLA
11178,53208.0,LAX,HWD
11179,53211.0,LAX,LGB
11180,53213.0,LAX,LGB
11181,53242.0,LAX,BVH
11182,53265.0,LAX,ANH
11183,53282.0,LAX,LGB
11184,53293.0,LAX,WDHL
11185,53316.0,LAX,BVH
11186,53316.0,LAX,HWD
11187,53317.0,LAX,PSD
11188,53319.0,LAX,ANH
11189,53320.0,LAX,ANH
11190,53336.0,LAX,ANH
11191,53339.0,LAX,ANH
11192,53344.0,LAX,LGB
11193,53348.0,LAX,HWD
11194,53358.0,LAX,PSD
11195,53361.0,LAX,HWD
11196,53364.0,LAX,HWD
11197,53376.0,LAX,BVH
11198,53382.0,LAX,DTLA
11199,53383.0,LAX,DTLA
11200,53391.0,LAX,ANH
11201,53413.0,LAX,LGB
11202,53416.0,LAX,ANH
11203,53419.0,LAX,DTLA
11204,53419.0,LAX,LGB
11205,53422.0,LAX,DTLA
11206,53424.0,LAX,HWD
11207,53436.0,LAX,DTLA
11208,53444.0,LAX,DTLA
11209,53451.0,LAX,WDHL
11210,53463.0,LAX,LGB
11211,53464.0,LAX,ANH
11212,53476.0,LAX,PSD
11213,53480.0,LAX,LGB
11214,53485.0,LAX,UVS
11215,53499.0,LAX,ANH
11216,53499.0,LAX,DTLA
11217,53506.0,LAX,DTLA
11218,53508.0,LAX,HWD
11219,53510.0,LAX,DTLA
11220,53527.0,LAX,BVH
11221,53537.0,LAX,ANH
11222,53554.0,LAX,BVH
11223,53574.0,LAX,LGB
11224,53578.0,LAX,DTLA
11225,53584.0,LAX,HWD
11226,53589.0,LAX,HWD
11227,53608.0,LAX,UVS
11228,53615.0,LAX,HWD
11229,53615.0,LAX,ANH
11230,53618.0,LAX,WDHL
11231,53633.0,LAX,DTLA
11232,53646.0,LAX,DTLA
11233,53666.0,LAX,DTLA
11234,53676.0,LAX,DTLA
11235,53676.0,LAX,ANH
11236,53693.0,LAX,ANH
11237,53693.0,LAX,BVH
11238,53696.0,LAX,ANH
11239,53697.0,LAX,LGB
11240,53698.0,LAX,LGB
11241,53709.0,LAX,DTLA
11242,53719.0,LAX,PSD
11243,53727.0,LAX,DTLA
11244,53743.0,LAX,HWD
11245,53753.0,LAX,PSD
11246,53760.0,LAX,DTLA
11247,53768.0,LAX,LGB
11248,53782.0,LAX,ANH
11249,53785.0,LAX,PSD
11250,53791.0,LAX,HWD
11251,53794.0,LAX,HWD
11252,53810.0,LAX,DTLA
11253,53811.0,LAX,HWD
11254,53823.0,LAX,DTLA
11255,53827.0,LAX,DTLA
11256,53838.0,LAX,DTLA
11257,53848.0,LAX,PSD
11258,53869.0,LAX,UVS
11259,53881.0,LAX,PSD
11260,53921.0,LAX,LGB
11261,53923.0,LAX,PSD
11262,53927.0,LAX,HWD
11263,53931.0,LAX,DTLA
11264,53932.0,LAX,PSD
11265,53967.0,LAX,ANH
11266,53988.0,LAX,ANH
11267,54035.0,LAX,DTLA
11268,54042.0,LAX,HWD
11269,54052.0,LAX,HWD
11270,54098.0,LAX,DTLA
11271,54100.0,LAX,BVH
11272,54108.0,LAX,LGB
11273,54118.0,LAX,HWD
11274,54137.0,LAX,DTLA
11275,54157.0,LAX,LGB
11276,54185.0,LAX,DTLA
11277,54206.0,LAX,UVS
11278,54208.0,LAX,ANH
11279,54216.0,LAX,UVS
11280,54216.0,LAX,PSD
11281,54217.0,LAX,PSD
11282,54233.0,LAX,BVH
11283,54233.0,LAX,LGB
11284,54240.0,LAX,ANH
11285,54250.0,LAX,ANH
11286,54274.0,LAX,ANH
11287,54277.0,LAX,DTLA
11288,54284.0,LAX,WDHL
11289,54285.0,LAX,HWD
11290,54286.0,LAX,DTLA
11291,54288.0,LAX,WDHL
11292,54295.0,LAX,DTLA
11293,54300.0,LAX,DTLA
11294,54303.0,LAX,LGB
11295,54309.0,LAX,WDHL
11296,54312.0,LAX,DTLA
11297,54312.0,LAX,ANH
11298,54326.0,LAX,PSD
11299,54332.0,LAX,DTLA
11300,54335.0,LAX,DTLA
11301,54338.0,LAX,ANH
11302,54338.0,LAX,BVH
11303,54340.0,LAX,ANH
11304,54345.0,LAX,PSD
11305,54345.0,LAX,HWD
11306,54346.0,LAX,LGB
11307,54352.0,LAX,DTLA
11308,54358.0,LAX,ANH
11309,54367.0,LAX,LGB
11310,54374.0,LAX,BVH
11311,54390.0,LAX,UVS
11312,54395.0,LAX,BVH
11313,54396.0,LAX,DTLA
11314,54399.0,LAX,DTLA
11315,54402.0,LAX,HWD
11316,54426.0,LAX,DTLA
11317,54432.0,LAX,HWD
11318,54438.0,LAX,LGB
11319,54439.0,LAX,WDHL
11320,54442.0,LAX,ANH
11321,54457.0,LAX,DTLA
11322,54460.0,LAX,ANH
11323,54467.0,LAX,DTLA
11324,54468.0,LAX,DTLA
11325,54492.0,LAX,LGB
11326,54503.0,LAX,HWD
11327,54512.0,LAX,HWD
11328,54535.0,LAX,ANH
11329,54546.0,LAX,UVS
11330,54554.0,LAX,DTLA
11331,54581.0,LAX,HWD
11332,54587.0,LAX,DTLA
11333,54594.0,LAX,ANH
11334,54629.0,LAX,LGB
11335,54646.0,LAX,ANH
11336,54666.0,LAX,DTLA
11337,54669.0,LAX,DTLA
11338,54673.0,LAX,UVS
11339,54702.0,LAX,LGB
11340,54706.0,LAX,DTLA
11341,54708.0,LAX,UVS
11342,54710.0,LAX,PSD
11343,54721.0,LAX,LGB
11344,54736.0,LAX,HWD
11345,54736.0,LAX,DTLA
11346,54737.0,LAX,DTLA
11347,54740.0,LAX,HWD
11348,54742.0,LAX,HWD
11349,54773.0,LAX,ANH
11350,54779.0,LAX,DTLA
11351,54784.0,LAX,WDHL
11352,54790.0,LAX,ANH
11353,54794.0,LAX,DTLA
11354,54796.0,LAX,PSD
11355,54813.0,LAX,LGB
11356,54842.0,LAX,DTLA
11357,54882.0,LAX,WDHL
11358,54899.0,LAX,HWD
11359,54900.0,LAX,UVS
11360,54904.0,LAX,PSD
11361,54908.0,LAX,LGB
11362,54922.0,LAX,DTLA
11363,54926.0,LAX,PSD
11364,54938.0,LAX,DTLA
11365,54954.0,LAX,DTLA
11366,54954.0,LAX,WDHL
11367,54965.0,LAX,ANH
11368,54975.0,LAX,DTLA
11369,54976.0,LAX,ANH
11370,54982.0,LAX,ANH
11371,54995.0,LAX,LGB
11372,54998.0,LAX,UVS
11373,54998.0,LAX,PSD
11374,55005.0,LAX,LGB
11375,55032.0,LAX,ANH
11376,55047.0,LAX,WDHL
11377,55056.0,LAX,PSD
11378,55063.0,LAX,LGB
11379,55065.0,LAX,DTLA
11380,55066.0,LAX,ANH
11381,55068.0,LAX,ANH
11382,55077.0,LAX,LGB
11383,55104.0,LAX,UVS
11384,55115.0,LAX,UVS
11385,55157.0,LAX,HWD
11386,55165.0,LAX,DTLA
11387,55169.0,LAX,HWD
11388,55203.0,LAX,HWD
11389,55209.0,LAX,ANH
11390,55220.0,LAX,ANH
11391,55234.0,LAX,ANH
11392,55242.0,LAX,PSD
11393,55245.0,LAX,HWD
11394,55258.0,LAX,UVS
11395,55265.0,LAX,ANH
11396,55293.0,LAX,HWD
11397,55300.0,LAX,PSD
11398,55312.0,LAX,BVH
11399,55317.0,LAX,PSD
11400,55330.0,LAX,ANH
11401,55347.0,LAX,DTLA
11402,55347.0,LAX,HWD
11403,55355.0,LAX,LGB
11404,55362.0,LAX,ANH
11405,55381.0,LAX,PSD
11406,55404.0,LAX,DTLA
11407,55412.0,LAX,BVH
11408,55422.0,LAX,BVH
11409,55425.0,LAX,BVH
11410,55440.0,LAX,LGB
11411,55471.0,LAX,LGB
11412,55478.0,LAX,LGB
11413,55505.0,LAX,DTLA
11414,55580.0,LAX,HWD
11415,55664.0,LAX,ANH
11416,55772.0,LAX,ANH
11417,55805.0,LAX,LGB
11418,55812.0,LAX,DTLA
11419,55833.0,LAX,ANH
11420,55833.0,LAX,ANH
11421,55838.0,LAX,DTLA
11422,55844.0,LAX,WDHL
11423,55844.0,LAX,DTLA
11424,55847.0,LAX,DTLA
11425,55849.0,LAX,UVS
11426,55850.0,LAX,PSD
11427,55851.0,LAX,HWD
11428,55852.0,LAX,UVS
11429,55858.0,LAX,LGB
11430,55862.0,LAX,UVS
11431,55867.0,LAX,UVS
11432,55870.0,LAX,DTLA
11433,55881.0,LAX,LGB
11434,55883.0,LAX,BVH
11435,55886.0,LAX,HWD
11436,55888.0,LAX,HWD
11437,55891.0,LAX,HWD
11438,55892.0,LAX,ANH
11439,55898.0,LAX,DTLA
11440,55912.0,LAX,HWD
11441,55917.0,LAX,LGB
11442,55918.0,LAX,WDHL
11443,55950.0,LAX,BVH
11444,55950.0,LAX,BVH
11445,55953.0,LAX,WDHL
11446,55981.0,LAX,WDHL
11447,56035.0,LAX,DTLA
11448,56041.0,LAX,DTLA
11449,56068.0,LAX,HWD
11450,56071.0,LAX,ANH
11451,56072.0,LAX,WDHL
11452,56079.0,LAX,LGB
11453,56125.0,LAX,PSD
11454,56191.0,LAX,LGB
11455,56209.0,LAX,DTLA
11456,56214.0,LAX,UVS
11457,56247.0,LAX,WDHL
11458,56261.0,LAX,DTLA
11459,56266.0,LAX,ANH
11460,56270.0,LAX,LGB
11461,56272.0,LAX,BVH
11462,56286.0,LAX,HWD
11463,56290.0,LAX,PSD
11464,56290.0,LAX,DTLA
11465,56296.0,LAX,WDHL
11466,56297.0,LAX,PSD
11467,56299.0,LAX,ANH
11468,56306.0,LAX,HWD
11469,56318.0,LAX,ANH
11470,56319.0,LAX,PSD
11471,56321.0,LAX,BVH
11472,56321.0,LAX,ANH
11473,56325.0,LAX,WDHL
11474,56338.0,LAX,WDHL
11475,56339.0,LAX,PSD
11476,56345.0,LAX,DTLA
11477,56355.0,LAX,HWD
11478,56359.0,LAX,PSD
11479,56364.0,LAX,HWD
11480,56365.0,LAX,WDHL
11481,56371.0,LAX,ANH
11482,56371.0,LAX,LGB
11483,56376.0,LAX,DTLA
11484,56383.0,LAX,HWD
11485,56390.0,LAX,DTLA
11486,56390.0,LAX,WDHL
11487,56398.0,LAX,UVS
11488,56410.0,LAX,LGB
11489,56413.0,LAX,ANH
11490,56423.0,LAX,LGB
11491,56427.0,LAX,HWD
11492,56439.0,LAX,PSD
11493,56453.0,LAX,DTLA
11494,56459.0,LAX,LGB
11495,56464.0,LAX,ANH
11496,56468.0,LAX,ANH
11497,56476.0,LAX,WDHL
11498,56529.0,LAX,LGB
11499,56530.0,LAX,WDHL
11500,56536.0,LAX,BVH
11501,56545.0,LAX,WDHL
11502,56551.0,LAX,DTLA
11503,56551.0,LAX,UVS
11504,56558.0,LAX,UVS
11505,56558.0,LAX,LGB
11506,56564.0,LAX,HWD
11507,56566.0,LAX,DTLA
11508,56589.0,LAX,DTLA
11509,56595.0,LAX,DTLA
11510,56597.0,LAX,HWD
11511,56601.0,LAX,UVS
11512,56604.0,LAX,ANH
11513,56605.0,LAX,DTLA
11514,56614.0,LAX,HWD
11515,56631.0,LAX,HWD
11516,56634.0,LAX,DTLA
11517,56649.0,LAX,WDHL
11518,56657.0,LAX,ANH
11519,56661.0,LAX,LGB
11520,56668.0,LAX,ANH
11521,56673.0,LAX,DTLA
11522,56674.0,LAX,BVH
11523,56681.0,LAX,HWD
11524,56686.0,LAX,HWD
11525,56688.0,LAX,DTLA
11526,56696.0,LAX,LGB
11527,56705.0,LAX,PSD
11528,56708.0,LAX,HWD
11529,56716.0,LAX,DTLA
11530,56717.0,LAX,PSD
11531,56730.0,LAX,DTLA
11532,56735.0,LAX,DTLA
11533,56740.0,LAX,HWD
11534,56745.0,LAX,ANH
11535,56751.0,LAX,DTLA
11536,56762.0,LAX,HWD
11537,56784.0,LAX,HWD
11538,56786.0,LAX,HWD
11539,56814.0,LAX,HWD
11540,56826.0,LAX,ANH
11541,56831.0,LAX,ANH
11542,56848.0,LAX,ANH
11543,56849.0,LAX,PSD
11544,56860.0,LAX,PSD
11545,56892.0,LAX,DTLA
11546,56896.0,LAX,PSD
11547,56917.0,LAX,ANH
11548,56928.0,LAX,PSD
11549,56929.0,LAX,DTLA
11550,56931.0,LAX,ANH
11551,56938.0,LAX,UVS
11552,56940.0,LAX,HWD
11553,56944.0,LAX,HWD
11554,56945.0,LAX,ANH
11555,56945.0,LAX,HWD
11556,56959.0,LAX,LGB
11557,56978.0,LAX,ANH
11558,56985.0,LAX,HWD
11559,56989.0,LAX,DTLA
11560,57008.0,LAX,LGB
11561,57010.0,LAX,ANH
11562,57013.0,LAX,LGB
11563,57014.0,LAX,BVH
11564,57027.0,LAX,ANH
11565,57032.0,LAX,BVH
11566,57042.0,LAX,DTLA
11567,57046.0,LAX,PSD
11568,57049.0,LAX,PSD
11569,57052.0,LAX,LGB
11570,57052.0,LAX,BVH
11571,57065.0,LAX,UVS
11572,57068.0,LAX,HWD
11573,57126.0,LAX,PSD
11574,57146.0,LAX,WDHL
11575,57152.0,LAX,ANH
11576,57154.0,LAX,HWD
11577,57157.0,LAX,DTLA
11578,57158.0,LAX,UVS
11579,57179.0,LAX,DTLA
11580,57180.0,LAX,DTLA
11581,57225.0,LAX,PSD
11582,57238.0,LAX,HWD
11583,57238.0,LAX,PSD
11584,57239.0,LAX,BVH
11585,57241.0,LAX,ANH
11586,57260.0,LAX,UVS
11587,57275.0,LAX,DTLA
11588,57288.0,LAX,DTLA
11589,57291.0,LAX,BVH
11590,57293.0,LAX,PSD
11591,57305.0,LAX,BVH
11592,57315.0,LAX,PSD
11593,57329.0,LAX,ANH
11594,57339.0,LAX,ANH
11595,57345.0,LAX,HWD
11596,57353.0,LAX,HWD
11597,57358.0,LAX,PSD
11598,57401.0,LAX,ANH
11599,57409.0,LAX,LGB
11600,57424.0,LAX,BVH
11601,57430.0,LAX,DTLA
11602,57443.0,LAX,PSD
11603,57457.0,LAX,LGB
11604,57465.0,LAX,BVH
11605,57471.0,LAX,HWD
11606,57473.0,LAX,HWD
11607,57477.0,LAX,ANH
11608,57497.0,LAX,DTLA
11609,57500.0,LAX,ANH
11610,57511.0,LAX,ANH
11611,57520.0,LAX,ANH
11612,57531.0,LAX,HWD
11613,57534.0,LAX,DTLA
11614,57538.0,LAX,LGB
11615,57549.0,LAX,PSD
11616,57552.0,LAX,LGB
11617,57563.0,LAX,ANH
11618,57565.0,LAX,DTLA
11619,57570.0,LAX,ANH
11620,57571.0,LAX,UVS
11621,57579.0,LAX,HWD
11622,57581.0,LAX,BVH
11623,57582.0,LAX,DTLA
11624,57582.0,LAX,ANH
11625,57583.0,LAX,BVH
11626,57590.0,LAX,ANH
11627,57605.0,LAX,DTLA
11628,57619.0,LAX,BVH
11629,57619.0,LAX,DTLA
11630,57620.0,LAX,LGB
11631,57632.0,LAX,PSD
11632,57643.0,LAX,HWD
11633,57645.0,LAX,LGB
11634,57650.0,LAX,ANH
11635,57654.0,LAX,ANH
11636,57668.0,LAX,HWD
11637,57680.0,LAX,ANH
11638,57690.0,LAX,BVH
11639,57710.0,LAX,BVH
11640,57717.0,LAX,ANH
11641,57720.0,LAX,BVH
11642,57724.0,LAX,PSD
11643,57726.0,LAX,HWD
11644,57727.0,LAX,PSD
11645,57729.0,LAX,ANH
11646,57759.0,LAX,HWD
11647,57765.0,LAX,UVS
11648,57771.0,LAX,ANH
11649,57772.0,LAX,UVS
11650,57773.0,LAX,LGB
11651,57785.0,LAX,LGB
11652,57787.0,LAX,HWD
11653,57792.0,LAX,DTLA
11654,57849.0,LAX,LGB
11655,57862.0,LAX,BVH
11656,57870.0,LAX,UVS
11657,57893.0,LAX,ANH
11658,57898.0,LAX,DTLA
11659,57921.0,LAX,DTLA
11660,57922.0,LAX,LGB
11661,57943.0,LAX,LGB
11662,57945.0,LAX,HWD
11663,57949.0,LAX,HWD
11664,57952.0,LAX,WDHL
11665,57975.0,LAX,UVS
11666,57983.0,LAX,ANH
11667,57988.0,LAX,ANH
11668,57993.0,LAX,PSD
11669,58013.0,LAX,ANH
11670,58080.0,LAX,LGB
11671,58096.0,LAX,DTLA
11672,58122.0,LAX,HWD
11673,58127.0,LAX,ANH
11674,58144.0,LAX,WDHL
11675,58144.0,LAX,BVH
11676,58148.0,LAX,DTLA
11677,58153.0,LAX,HWD
11678,58158.0,LAX,DTLA
11679,58179.0,LAX,PSD
11680,58212.0,LAX,HWD
11681,58218.0,LAX,DTLA
11682,58258.0,LAX,BVH
11683,58289.0,LAX,HWD
11684,58299.0,LAX,DTLA
11685,58307.0,LAX,DTLA
11686,58309.0,LAX,PSD
11687,58354.0,LAX,LGB
11688,58355.0,LAX,ANH
11689,58369.0,LAX,LGB
11690,58404.0,LAX,WDHL
11691,58405.0,LAX,DTLA
11692,58433.0,LAX,PSD
11693,58435.0,LAX,HWD
11694,58441.0,LAX,PSD
11695,58456.0,LAX,PSD
11696,58473.0,LAX,UVS
11697,58478.0,LAX,ANH
11698,58491.0,LAX,DTLA
11699,58513.0,LAX,ANH
11700,58563.0,LAX,ANH
11701,58572.0,LAX,DTLA
11702,58607.0,LAX,ANH
11703,58623.0,LAX,HWD
11704,58671.0,LAX,HWD
11705,58681.0,LAX,HWD
11706,58699.0,LAX,BVH
11707,58718.0,LAX,HWD
11708,58727.0,LAX,ANH
11709,58731.0,LAX,PSD
11710,58739.0,LAX,LGB
11711,58745.0,LAX,DTLA
11712,58749.0,LAX,DTLA
11713,58762.0,LAX,HWD
11714,58767.0,LAX,LGB
11715,58775.0,LAX,ANH
11716,58782.0,LAX,HWD
11717,58787.0,LAX,DTLA
11718,58795.0,LAX,DTLA
11719,58805.0,LAX,DTLA
11720,58811.0,LAX,DTLA
11721,58817.0,LAX,ANH
11722,58851.0,LAX,ANH
11723,58851.0,LAX,UVS
11724,58894.0,LAX,ANH
11725,58905.0,LAX,LGB
11726,58911.0,LAX,DTLA
11727,58911.0,LAX,BVH
11728,58928.0,LAX,ANH
11729,58930.0,LAX,ANH
11730,58944.0,LAX,ANH
11731,58956.0,LAX,ANH
11732,58957.0,LAX,LGB
11733,58965.0,LAX,UVS
11734,58966.0,LAX,ANH
11735,58969.0,LAX,BVH
11736,58971.0,LAX,LGB
11737,58971.0,LAX,DTLA
11738,58973.0,LAX,PSD
11739,58973.0,LAX,HWD
11740,58974.0,LAX,HWD
11741,58975.0,LAX,WDHL
11742,58975.0,LAX,ANH
11743,58977.0,LAX,ANH
11744,58982.0,LAX,PSD
11745,58996.0,LAX,PSD
11746,59011.0,LAX,UVS
11747,59027.0,LAX,LGB
11748,59029.0,LAX,PSD
11749,59033.0,LAX,PSD
11750,59033.0,LAX,DTLA
11751,59039.0,LAX,PSD
11752,59040.0,LAX,PSD
11753,59049.0,LAX,DTLA
11754,59054.0,LAX,HWD
11755,59066.0,LAX,WDHL
11756,59066.0,LAX,PSD
11757,59078.0,LAX,DTLA
11758,59087.0,LAX,HWD
11759,59091.0,LAX,ANH
11760,59098.0,LAX,HWD
11761,59110.0,LAX,DTLA
11762,59110.0,LAX,UVS
11763,59124.0,LAX,LGB
11764,59147.0,LAX,WDHL
11765,59150.0,LAX,HWD
11766,59158.0,LAX,LGB
11767,59160.0,LAX,ANH
11768,59161.0,LAX,PSD
11769,59161.0,LAX,ANH
11770,59163.0,LAX,ANH
11771,59164.0,LAX,DTLA
11772,59169.0,LAX,WDHL
11773,59180.0,LAX,BVH
11774,59184.0,LAX,BVH
11775,59185.0,LAX,PSD
11776,59202.0,LAX,PSD
11777,59202.0,LAX,HWD
11778,59224.0,LAX,UVS
11779,59225.0,LAX,DTLA
11780,59234.0,LAX,HWD
11781,59263.0,LAX,BVH
11782,59264.0,LAX,DTLA
11783,59266.0,LAX,HWD
11784,59268.0,LAX,WDHL
11785,59273.0,LAX,WDHL
11786,59275.0,LAX,HWD
11787,59284.0,LAX,DTLA
11788,59327.0,LAX,LGB
11789,59334.0,LAX,LGB
11790,59335.0,LAX,HWD
11791,59388.0,LAX,ANH
11792,59459.0,LAX,PSD
11793,59471.0,LAX,ANH
11794,59477.0,LAX,HWD
11795,59481.0,LAX,HWD
11796,59487.0,LAX,HWD
11797,59497.0,LAX,WDHL
11798,59499.0,LAX,HWD
11799,59506.0,LAX,ANH
11800,59512.0,LAX,DTLA
11801,59513.0,LAX,HWD
11802,59518.0,LAX,ANH
11803,59520.0,LAX,BVH
11804,59521.0,LAX,UVS
11805,59524.0,LAX,ANH
11806,59529.0,LAX,DTLA
11807,59536.0,LAX,ANH
11808,59558.0,LAX,DTLA
11809,59561.0,LAX,DTLA
11810,59562.0,LAX,DTLA
11811,59589.0,LAX,DTLA
11812,59596.0,LAX,LGB
11813,59607.0,LAX,HWD
11814,59618.0,LAX,HWD
11815,59625.0,LAX,ANH
11816,59639.0,LAX,LGB
11817,59642.0,LAX,UVS
11818,59648.0,LAX,DTLA
11819,59650.0,LAX,LGB
11820,59679.0,LAX,LGB
11821,59707.0,LAX,ANH
11822,59720.0,LAX,HWD
11823,59799.0,LAX,UVS
11824,59844.0,LAX,HWD
11825,59845.0,LAX,DTLA
11826,59878.0,LAX,DTLA
11827,59884.0,LAX,DTLA
11828,59889.0,LAX,PSD
11829,59890.0,LAX,ANH
11830,59905.0,LAX,BVH
11831,59931.0,LAX,ANH
11832,59944.0,LAX,ANH
11833,59948.0,LAX,BVH
11834,59951.0,LAX,UVS
11835,59958.0,LAX,HWD
11836,60002.0,LAX,DTLA
11837,60011.0,LAX,DTLA
11838,60021.0,LAX,LGB
11839,60021.0,LAX,ANH
11840,60022.0,LAX,DTLA
11841,60027.0,LAX,BVH
11842,60034.0,LAX,DTLA
11843,60045.0,LAX,ANH
11844,60046.0,LAX,PSD
11845,60056.0,LAX,LGB
11846,60086.0,LAX,ANH
11847,60098.0,LAX,DTLA
11848,60100.0,LAX,ANH
11849,60108.0,LAX,DTLA
11850,60109.0,LAX,LGB
11851,60122.0,LAX,DTLA
11852,60125.0,LAX,LGB
11853,60127.0,LAX,BVH
11854,60128.0,LAX,PSD
11855,60129.0,LAX,LGB
11856,60134.0,LAX,ANH
11857,60155.0,LAX,UVS
11858,60159.0,LAX,HWD
11859,60166.0,LAX,LGB
11860,60175.0,LAX,HWD
11861,60189.0,LAX,LGB
11862,60200.0,LAX,LGB
11863,60208.0,LAX,WDHL
11864,60223.0,LAX,ANH
11865,60223.0,LAX,DTLA
11866,60235.0,LAX,ANH
11867,60240.0,LAX,ANH
11868,60244.0,LAX,HWD
11869,60259.0,LAX,ANH
11870,60266.0,LAX,LGB
11871,60288.0,LAX,PSD
11872,60302.0,LAX,UVS
11873,60308.0,LAX,LGB
11874,60309.0,LAX,UVS
11875,60316.0,LAX,UVS
11876,60317.0,LAX,WDHL
11877,60323.0,LAX,WDHL
11878,60326.0,LAX,ANH
11879,60337.0,LAX,DTLA
11880,60348.0,LAX,WDHL
11881,60350.0,LAX,LGB
11882,60352.0,LAX,LGB
11883,60364.0,LAX,WDHL
11884,60367.0,LAX,HWD
11885,60390.0,LAX,PSD
11886,60399.0,LAX,DTLA
11887,60412.0,LAX,PSD
11888,60419.0,LAX,UVS
11889,60433.0,LAX,HWD
11890,60434.0,LAX,PSD
11891,60435.0,LAX,DTLA
11892,60443.0,LAX,ANH
11893,60447.0,LAX,PSD
11894,60454.0,LAX,DTLA
11895,60456.0,LAX,HWD
11896,60462.0,LAX,ANH
11897,60462.0,LAX,DTLA
11898,60480.0,LAX,ANH
11899,60517.0,LAX,HWD
11900,60523.0,LAX,DTLA
11901,60534.0,LAX,DTLA
11902,60547.0,LAX,ANH
11903,60561.0,LAX,ANH
11904,60578.0,LAX,ANH
11905,60616.0,LAX,LGB
11906,60635.0,LAX,PSD
11907,60643.0,LAX,DTLA
11908,60653.0,LAX,DTLA
11909,60653.0,LAX,ANH
11910,60656.0,LAX,BVH
11911,60676.0,LAX,ANH
11912,60681.0,LAX,HWD
11913,60689.0,LAX,UVS
11914,60693.0,LAX,UVS
11915,60696.0,LAX,HWD
11916,60706.0,LAX,BVH
11917,60710.0,LAX,WDHL
11918,60717.0,LAX,UVS
11919,60719.0,LAX,BVH
11920,60729.0,LAX,DTLA
11921,60729.0,LAX,DTLA
11922,60740.0,LAX,HWD
11923,60749.0,LAX,ANH
11924,60750.0,LAX,DTLA
11925,60751.0,LAX,DTLA
11926,60765.0,LAX,HWD
11927,60773.0,LAX,LGB
11928,60774.0,LAX,DTLA
11929,60786.0,LAX,LGB
11930,60790.0,LAX,HWD
11931,60796.0,LAX,PSD
11932,60800.0,LAX,BVH
11933,60802.0,LAX,WDHL
11934,60810.0,LAX,DTLA
11935,60821.0,LAX,ANH
11936,60823.0,LAX,ANH
11937,60837.0,LAX,WDHL
11938,60840.0,LAX,DTLA
11939,60843.0,LAX,ANH
11940,60848.0,LAX,UVS
11941,60851.0,LAX,DTLA
11942,60866.0,LAX,ANH
11943,60868.0,LAX,PSD
11944,60873.0,LAX,WDHL
11945,60873.0,LAX,HWD
11946,60886.0,LAX,WDHL
11947,60892.0,LAX,DTLA
11948,60912.0,LAX,WDHL
11949,60916.0,LAX,LGB
11950,60922.0,LAX,HWD
11951,60942.0,LAX,DTLA
11952,60948.0,LAX,LGB
11953,60965.0,LAX,ANH
11954,60977.0,LAX,DTLA
11955,60999.0,LAX,UVS
11956,61033.0,LAX,PSD
11957,61043.0,LAX,DTLA
11958,61115.0,LAX,BVH
11959,61139.0,LAX,LGB
11960,61165.0,LAX,HWD
11961,61169.0,LAX,HWD
11962,61173.0,LAX,HWD
11963,61177.0,LAX,UVS
11964,61189.0,LAX,ANH
11965,61197.0,LAX,BVH
11966,61223.0,LAX,UVS
11967,61224.0,LAX,HWD
11968,61236.0,LAX,HWD
11969,61245.0,LAX,HWD
11970,61251.0,LAX,ANH
11971,61255.0,LAX,BVH
11972,61266.0,LAX,ANH
11973,61267.0,LAX,PSD
11974,61271.0,LAX,ANH
11975,61277.0,LAX,WDHL
11976,61277.0,LAX,WDHL
11977,61284.0,LAX,BVH
11978,61306.0,LAX,LGB
11979,61311.0,LAX,DTLA
11980,61311.0,LAX,ANH
11981,61325.0,LAX,ANH
11982,61326.0,LAX,UVS
11983,61331.0,LAX,DTLA
11984,61340.0,LAX,LGB
11985,61356.0,LAX,ANH
11986,61360.0,LAX,WDHL
11987,61360.0,LAX,PSD
11988,61362.0,LAX,DTLA
11989,61367.0,LAX,HWD
11990,61370.0,LAX,DTLA
11991,61379.0,LAX,ANH
11992,61380.0,LAX,LGB
11993,61391.0,LAX,ANH
11994,61400.0,LAX,HWD
11995,61403.0,LAX,ANH
11996,61410.0,LAX,DTLA
11997,61411.0,LAX,ANH
11998,61412.0,LAX,BVH
11999,61412.0,LAX,DTLA
12000,61415.0,LAX,DTLA
12001,61426.0,LAX,ANH
12002,61448.0,LAX,BVH
12003,61451.0,LAX,HWD
12004,61453.0,LAX,HWD
12005,61464.0,LAX,ANH
12006,61468.0,LAX,BVH
12007,61471.0,LAX,WDHL
12008,61476.0,LAX,HWD
12009,61484.0,LAX,ANH
12010,61486.0,LAX,ANH
12011,61487.0,LAX,DTLA
12012,61489.0,LAX,LGB
12013,61489.0,LAX,UVS
12014,61493.0,LAX,LGB
12015,61497.0,LAX,HWD
12016,61501.0,LAX,PSD
12017,61505.0,LAX,DTLA
12018,61505.0,LAX,ANH
12019,61508.0,LAX,HWD
12020,61508.0,LAX,ANH
12021,61512.0,LAX,DTLA
12022,61513.0,LAX,DTLA
12023,61519.0,LAX,DTLA
12024,61532.0,LAX,ANH
12025,61536.0,LAX,UVS
12026,61544.0,LAX,DTLA
12027,61545.0,LAX,ANH
12028,61545.0,LAX,ANH
12029,61555.0,LAX,BVH
12030,61575.0,LAX,HWD
12031,61576.0,LAX,DTLA
12032,61584.0,LAX,PSD
12033,61600.0,LAX,WDHL
12034,61619.0,LAX,UVS
12035,61620.0,LAX,DTLA
12036,61624.0,LAX,WDHL
12037,61637.0,LAX,WDHL
12038,61656.0,LAX,ANH
12039,61691.0,LAX,DTLA
12040,61700.0,LAX,ANH
12041,61715.0,LAX,DTLA
12042,61745.0,LAX,HWD
12043,61746.0,LAX,ANH
12044,61748.0,LAX,UVS
12045,61756.0,LAX,DTLA
12046,61763.0,LAX,PSD
12047,61781.0,LAX,BVH
12048,61782.0,LAX,HWD
12049,61784.0,LAX,WDHL
12050,61793.0,LAX,HWD
12051,61793.0,LAX,DTLA
12052,61793.0,LAX,HWD
12053,61795.0,LAX,HWD
12054,61804.0,LAX,UVS
12055,61805.0,LAX,UVS
12056,61806.0,LAX,UVS
12057,61808.0,LAX,PSD
12058,61810.0,LAX,WDHL
12059,61811.0,LAX,HWD
12060,61812.0,LAX,HWD
12061,61833.0,LAX,BVH
12062,61834.0,LAX,UVS
12063,61840.0,LAX,WDHL
12064,61853.0,LAX,DTLA
12065,61856.0,LAX,DTLA
12066,61866.0,LAX,DTLA
12067,61867.0,LAX,HWD
12068,61876.0,LAX,PSD
12069,61889.0,LAX,ANH
12070,61890.0,LAX,LGB
12071,61900.0,LAX,BVH
12072,61902.0,LAX,ANH
12073,61905.0,LAX,HWD
12074,61908.0,LAX,LGB
12075,61909.0,LAX,ANH
12076,61914.0,LAX,ANH
12077,61932.0,LAX,UVS
12078,61950.0,LAX,DTLA
12079,61955.0,LAX,DTLA
12080,61966.0,LAX,DTLA
12081,61968.0,LAX,ANH
12082,61977.0,LAX,PSD
12083,61985.0,LAX,WDHL
12084,61990.0,LAX,HWD
12085,61992.0,LAX,WDHL
12086,61992.0,LAX,DTLA
12087,61993.0,LAX,PSD
12088,61996.0,LAX,HWD
12089,61996.0,LAX,ANH
12090,62007.0,LAX,ANH
12091,62011.0,LAX,BVH
12092,62022.0,LAX,ANH
12093,62023.0,LAX,HWD
12094,62024.0,LAX,LGB
12095,62028.0,LAX,DTLA
12096,62031.0,LAX,PSD
12097,62032.0,LAX,BVH
12098,62048.0,LAX,DTLA
12099,62056.0,LAX,UVS
12100,62058.0,LAX,HWD
12101,62060.0,LAX,ANH
12102,62062.0,LAX,DTLA
12103,62066.0,LAX,LGB
12104,62067.0,LAX,HWD
12105,62068.0,LAX,ANH
12106,62071.0,LAX,UVS
12107,62076.0,LAX,WDHL
12108,62082.0,LAX,HWD
12109,62084.0,LAX,HWD
12110,62086.0,LAX,ANH
12111,62087.0,LAX,ANH
12112,62088.0,LAX,WDHL
12113,62091.0,LAX,DTLA
12114,62096.0,LAX,LGB
12115,62101.0,LAX,UVS
12116,62102.0,LAX,ANH
12117,62102.0,LAX,ANH
12118,62108.0,LAX,HWD
12119,62109.0,LAX,LGB
12120,62113.0,LAX,DTLA
12121,62115.0,LAX,PSD
12122,62117.0,LAX,LGB
12123,62117.0,LAX,ANH
12124,62121.0,LAX,DTLA
12125,62131.0,LAX,UVS
12126,62135.0,LAX,PSD
12127,62136.0,LAX,PSD
12128,62141.0,LAX,BVH
12129,62145.0,LAX,DTLA
12130,62147.0,LAX,ANH
12131,62149.0,LAX,PSD
12132,62149.0,LAX,ANH
12133,62154.0,LAX,DTLA
12134,62157.0,LAX,HWD
12135,62164.0,LAX,WDHL
12136,62166.0,LAX,WDHL
12137,62173.0,LAX,WDHL
12138,62175.0,LAX,DTLA
12139,62178.0,LAX,HWD
12140,62179.0,LAX,HWD
12141,62179.0,LAX,DTLA
12142,62182.0,LAX,ANH
12143,62182.0,LAX,HWD
12144,62183.0,LAX,DTLA
12145,62184.0,LAX,ANH
12146,62194.0,LAX,UVS
12147,62194.0,LAX,LGB
12148,62199.0,LAX,ANH
12149,62212.0,LAX,ANH
12150,62214.0,LAX,ANH
12151,62217.0,LAX,PSD
12152,62217.0,LAX,WDHL
12153,62226.0,LAX,ANH
12154,62229.0,LAX,UVS
12155,62232.0,LAX,ANH
12156,62240.0,LAX,WDHL
12157,62247.0,LAX,UVS
12158,62255.0,LAX,DTLA
12159,62259.0,LAX,ANH
12160,62259.0,LAX,PSD
12161,62266.0,LAX,PSD
12162,62267.0,LAX,LGB
12163,62278.0,LAX,PSD
12164,62289.0,LAX,ANH
12165,62293.0,LAX,ANH
12166,62308.0,LAX,LGB
12167,62312.0,LAX,HWD
12168,62329.0,LAX,ANH
12169,62337.0,LAX,BVH
12170,62350.0,LAX,LGB
12171,62362.0,LAX,HWD
12172,62367.0,LAX,DTLA
12173,62370.0,LAX,LGB
12174,62371.0,LAX,ANH
12175,62373.0,LAX,BVH
12176,62377.0,LAX,HWD
12177,62378.0,LAX,ANH
12178,62382.0,LAX,UVS
12179,62402.0,LAX,DTLA
12180,62414.0,LAX,ANH
12181,62418.0,LAX,BVH
12182,62423.0,LAX,ANH
12183,62442.0,LAX,PSD
12184,62443.0,LAX,LGB
12185,62453.0,LAX,BVH
12186,62464.0,LAX,DTLA
12187,62470.0,LAX,HWD
12188,62479.0,LAX,UVS
12189,62479.0,LAX,LGB
12190,62509.0,LAX,ANH
12191,62515.0,LAX,WDHL
12192,62626.0,LAX,LGB
12193,62652.0,LAX,WDHL
12194,62665.0,LAX,ANH
12195,62679.0,LAX,ANH
12196,62682.0,LAX,LGB
12197,62694.0,LAX,HWD
12198,62742.0,LAX,PSD
12199,62746.0,LAX,HWD
12200,62775.0,LAX,UVS
12201,62802.0,LAX,DTLA
12202,62818.0,LAX,HWD
12203,62850.0,LAX,UVS
12204,62852.0,LAX,PSD
12205,62853.0,LAX,UVS
12206,62854.0,LAX,ANH
12207,62857.0,LAX,DTLA
12208,62868.0,LAX,HWD
12209,62879.0,LAX,LGB
12210,62889.0,LAX,ANH
12211,62894.0,LAX,UVS
12212,62898.0,LAX,HWD
12213,62906.0,LAX,HWD
12214,62916.0,LAX,DTLA
12215,62917.0,LAX,PSD
12216,62919.0,LAX,LGB
12217,62920.0,LAX,ANH
12218,62920.0,LAX,HWD
12219,62923.0,LAX,DTLA
12220,62959.0,LAX,ANH
12221,62966.0,LAX,DTLA
12222,62971.0,LAX,ANH
12223,62980.0,LAX,ANH
12224,62981.0,LAX,ANH
12225,62994.0,LAX,DTLA
12226,63000.0,LAX,WDHL
12227,63007.0,LAX,ANH
12228,63007.0,LAX,DTLA
12229,63012.0,LAX,PSD
12230,63015.0,LAX,DTLA
12231,63017.0,LAX,LGB
12232,63023.0,LAX,ANH
12233,63037.0,LAX,LGB
12234,63037.0,LAX,ANH
12235,63042.0,LAX,DTLA
12236,63045.0,LAX,DTLA
12237,63046.0,LAX,ANH
12238,63048.0,LAX,DTLA
12239,63058.0,LAX,HWD
12240,63059.0,LAX,UVS
12241,63061.0,LAX,PSD
12242,63063.0,LAX,PSD
12243,63065.0,LAX,LGB
12244,63065.0,LAX,BVH
12245,63066.0,LAX,DTLA
12246,63070.0,LAX,HWD
12247,63074.0,LAX,ANH
12248,63075.0,LAX,BVH
12249,63088.0,LAX,HWD
12250,63095.0,LAX,ANH
12251,63095.0,LAX,UVS
12252,63100.0,LAX,DTLA
12253,63113.0,LAX,UVS
12254,63122.0,LAX,WDHL
12255,63143.0,LAX,LGB
12256,63149.0,LAX,PSD
12257,63155.0,LAX,PSD
12258,63159.0,LAX,HWD
12259,63160.0,LAX,ANH
12260,63161.0,LAX,DTLA
12261,63165.0,LAX,DTLA
12262,63167.0,LAX,UVS
12263,63169.0,LAX,UVS
12264,63170.0,LAX,DTLA
12265,63171.0,LAX,ANH
12266,63177.0,LAX,DTLA
12267,63181.0,LAX,ANH
12268,63186.0,LAX,UVS
12269,63188.0,LAX,DTLA
12270,63189.0,LAX,ANH
12271,63192.0,LAX,HWD
12272,63200.0,LAX,ANH
12273,63200.0,LAX,ANH
12274,63202.0,LAX,DTLA
12275,63204.0,LAX,HWD
12276,63214.0,LAX,PSD
12277,63219.0,LAX,ANH
12278,63219.0,LAX,WDHL
12279,63220.0,LAX,WDHL
12280,63223.0,LAX,HWD
12281,63226.0,LAX,DTLA
12282,63228.0,LAX,ANH
12283,63233.0,LAX,UVS
12284,63237.0,LAX,UVS
12285,63244.0,LAX,DTLA
12286,63251.0,LAX,DTLA
12287,63267.0,LAX,DTLA
12288,63270.0,LAX,ANH
12289,63299.0,LAX,LGB
12290,63301.0,LAX,UVS
12291,63343.0,LAX,BVH
12292,63356.0,LAX,HWD
12293,63427.0,LAX,DTLA
12294,63431.0,LAX,ANH
12295,63451.0,LAX,ANH
12296,63472.0,LAX,DTLA
12297,63508.0,LAX,HWD
12298,63510.0,LAX,WDHL
12299,63517.0,LAX,ANH
12300,63522.0,LAX,ANH
12301,63551.0,LAX,DTLA
12302,63565.0,LAX,HWD
12303,63571.0,LAX,LGB
12304,63601.0,LAX,LGB
12305,63629.0,LAX,HWD
12306,63650.0,LAX,HWD
12307,63696.0,LAX,LGB
12308,63729.0,LAX,DTLA
12309,63731.0,LAX,DTLA
12310,63786.0,LAX,ANH
12311,63798.0,LAX,BVH
12312,63803.0,LAX,DTLA
12313,63813.0,LAX,LGB
12314,63817.0,LAX,PSD
12315,63823.0,LAX,HWD
12316,63831.0,LAX,WDHL
12317,63835.0,LAX,PSD
12318,63837.0,LAX,ANH
12319,63842.0,LAX,LGB
12320,63843.0,LAX,WDHL
12321,63845.0,LAX,LGB
12322,63845.0,LAX,DTLA
12323,63867.0,LAX,ANH
12324,63871.0,LAX,BVH
12325,63877.0,LAX,DTLA
12326,63885.0,LAX,HWD
12327,63901.0,LAX,UVS
12328,63906.0,LAX,ANH
12329,63909.0,LAX,DTLA
12330,63911.0,LAX,ANH
12331,63930.0,LAX,DTLA
12332,63937.0,LAX,ANH
12333,63938.0,LAX,LGB
12334,63943.0,LAX,UVS
12335,63944.0,LAX,PSD
12336,63950.0,LAX,WDHL
12337,63955.0,LAX,LGB
12338,63956.0,LAX,HWD
12339,63958.0,LAX,LGB
12340,63958.0,LAX,ANH
12341,63960.0,LAX,DTLA
12342,63960.0,LAX,DTLA
12343,63960.0,LAX,DTLA
12344,63962.0,LAX,UVS
12345,63963.0,LAX,HWD
12346,63972.0,LAX,DTLA
12347,63977.0,LAX,DTLA
12348,63979.0,LAX,HWD
12349,63980.0,LAX,DTLA
12350,63986.0,LAX,BVH
12351,63989.0,LAX,DTLA
12352,63989.0,LAX,ANH
12353,63990.0,LAX,DTLA
12354,63990.0,LAX,LGB
12355,63997.0,LAX,HWD
12356,64001.0,LAX,ANH
12357,64006.0,LAX,ANH
12358,64013.0,LAX,DTLA
12359,64014.0,LAX,LGB
12360,64014.0,LAX,UVS
12361,64018.0,LAX,BVH
12362,64021.0,LAX,PSD
12363,64030.0,LAX,HWD
12364,64030.0,LAX,DTLA
12365,64036.0,LAX,PSD
12366,64038.0,LAX,HWD
12367,64044.0,LAX,BVH
12368,64056.0,LAX,LGB
12369,64057.0,LAX,HWD
12370,64059.0,LAX,ANH
12371,64061.0,LAX,BVH
12372,64069.0,LAX,LGB
12373,64082.0,LAX,LGB
12374,64086.0,LAX,UVS
12375,64102.0,LAX,DTLA
12376,64111.0,LAX,WDHL
12377,64122.0,LAX,HWD
12378,64133.0,LAX,WDHL
12379,64147.0,LAX,WDHL
12380,64150.0,LAX,HWD
12381,64169.0,LAX,ANH
12382,64172.0,LAX,LGB
12383,64184.0,LAX,HWD
12384,64184.0,LAX,ANH
12385,64187.0,LAX,BVH
12386,64189.0,LAX,DTLA
12387,64191.0,LAX,DTLA
12388,64199.0,LAX,BVH
12389,64207.0,LAX,WDHL
12390,64208.0,LAX,LGB
12391,64223.0,LAX,ANH
12392,64230.0,LAX,UVS
12393,64231.0,LAX,HWD
12394,64239.0,LAX,HWD
12395,64258.0,LAX,HWD
12396,64293.0,LAX,ANH
12397,64303.0,LAX,UVS
12398,64313.0,LAX,DTLA
12399,64325.0,LAX,BVH
12400,64326.0,LAX,DTLA
12401,64337.0,LAX,DTLA
12402,64342.0,LAX,DTLA
12403,64343.0,LAX,ANH
12404,64356.0,LAX,HWD
12405,64395.0,LAX,HWD
12406,64401.0,LAX,DTLA
12407,64402.0,LAX,HWD
12408,64403.0,LAX,ANH
12409,64460.0,LAX,LGB
12410,64462.0,LAX,DTLA
12411,64480.0,LAX,DTLA
12412,64498.0,LAX,PSD
12413,64516.0,LAX,ANH
12414,64519.0,LAX,HWD
12415,64528.0,LAX,LGB
12416,64533.0,LAX,LGB
12417,64533.0,LAX,UVS
12418,64539.0,LAX,LGB
12419,64541.0,LAX,DTLA
12420,64566.0,LAX,ANH
12421,64579.0,LAX,BVH
12422,64590.0,LAX,HWD
12423,64590.0,LAX,BVH
12424,64608.0,LAX,WDHL
12425,64612.0,LAX,LGB
12426,64613.0,LAX,HWD
12427,64634.0,LAX,ANH
12428,64637.0,LAX,DTLA
12429,64639.0,LAX,HWD
12430,64691.0,LAX,LGB
12431,64703.0,LAX,LGB
12432,64721.0,LAX,UVS
12433,64732.0,LAX,ANH
12434,64736.0,LAX,DTLA
12435,64800.0,LAX,PSD
12436,64801.0,LAX,BVH
12437,64804.0,LAX,PSD
12438,64814.0,LAX,BVH
12439,64847.0,LAX,DTLA
12440,64850.0,LAX,DTLA
12441,64851.0,LAX,HWD
12442,64854.0,LAX,WDHL
12443,64868.0,LAX,HWD
12444,64868.0,LAX,BVH
12445,64885.0,LAX,UVS
12446,64886.0,LAX,BVH
12447,64892.0,LAX,WDHL
12448,64893.0,LAX,DTLA
12449,64897.0,LAX,ANH
12450,64902.0,LAX,LGB
12451,64903.0,LAX,ANH
12452,64926.0,LAX,LGB
12453,64930.0,LAX,ANH
12454,64940.0,LAX,ANH
12455,64941.0,LAX,LGB
12456,64947.0,LAX,BVH
12457,64947.0,LAX,HWD
12458,64947.0,LAX,DTLA
12459,64950.0,LAX,WDHL
12460,64955.0,LAX,DTLA
12461,64956.0,LAX,HWD
12462,64965.0,LAX,ANH
12463,64969.0,LAX,LGB
12464,64974.0,LAX,LGB
12465,64975.0,LAX,DTLA
12466,64983.0,LAX,PSD
12467,64983.0,LAX,LGB
12468,64987.0,LAX,PSD
12469,64987.0,LAX,HWD
12470,64989.0,LAX,UVS
12471,64992.0,LAX,HWD
12472,64995.0,LAX,HWD
12473,65001.0,LAX,LGB
12474,65013.0,LAX,ANH
12475,65021.0,LAX,HWD
12476,65028.0,LAX,ANH
12477,65038.0,LAX,BVH
12478,65046.0,LAX,LGB
12479,65048.0,LAX,HWD
12480,65055.0,LAX,HWD
12481,65064.0,LAX,ANH
12482,65067.0,LAX,PSD
12483,65073.0,LAX,HWD
12484,65089.0,LAX,DTLA
12485,65096.0,LAX,LGB
12486,65100.0,LAX,LGB
12487,65103.0,LAX,ANH
12488,65112.0,LAX,HWD
12489,65132.0,LAX,PSD
12490,65132.0,LAX,WDHL
12491,65140.0,LAX,HWD
12492,65168.0,LAX,PSD
12493,65182.0,LAX,ANH
12494,65193.0,LAX,WDHL
12495,65194.0,LAX,HWD
12496,65195.0,LAX,UVS
12497,65217.0,LAX,HWD
12498,65217.0,LAX,DTLA
12499,65224.0,LAX,HWD
12500,65235.0,LAX,ANH
12501,65242.0,LAX,HWD
12502,65282.0,LAX,WDHL
12503,65295.0,LAX,DTLA
12504,65317.0,LAX,WDHL
12505,65329.0,LAX,WDHL
12506,65339.0,LAX,LGB
12507,65345.0,LAX,LGB
12508,65354.0,LAX,ANH
12509,65584.0,LAX,ANH
12510,65600.0,LAX,BVH
12511,65601.0,LAX,LGB
12512,65601.0,LAX,ANH
12513,65610.0,LAX,ANH
12514,65623.0,LAX,PSD
12515,65634.0,LAX,DTLA
12516,65639.0,LAX,HWD
12517,65644.0,LAX,DTLA
12518,65646.0,LAX,HWD
12519,65649.0,LAX,HWD
12520,65656.0,LAX,ANH
12521,65662.0,LAX,WDHL
12522,65662.0,LAX,WDHL
12523,65664.0,LAX,ANH
12524,65666.0,LAX,HWD
12525,65680.0,LAX,ANH
12526,65690.0,LAX,PSD
12527,65691.0,LAX,BVH
12528,65695.0,LAX,ANH
12529,65695.0,LAX,PSD
12530,65704.0,LAX,DTLA
12531,65706.0,LAX,DTLA
12532,65710.0,LAX,HWD
12533,65712.0,LAX,ANH
12534,65712.0,LAX,ANH
12535,65733.0,LAX,DTLA
12536,65735.0,LAX,UVS
12537,65737.0,LAX,ANH
12538,65742.0,LAX,LGB
12539,65754.0,LAX,DTLA
12540,65756.0,LAX,DTLA
12541,65768.0,LAX,HWD
12542,65770.0,LAX,HWD
12543,65773.0,LAX,DTLA
12544,65774.0,LAX,ANH
12545,65776.0,LAX,UVS
12546,65777.0,LAX,PSD
12547,65780.0,LAX,ANH
12548,65782.0,LAX,ANH
12549,65793.0,LAX,DTLA
12550,65795.0,LAX,UVS
12551,65796.0,LAX,ANH
12552,65798.0,LAX,ANH
12553,65809.0,LAX,DTLA
12554,65810.0,LAX,HWD
12555,65818.0,LAX,HWD
12556,65819.0,LAX,ANH
12557,65827.0,LAX,UVS
12558,65830.0,LAX,DTLA
12559,65832.0,LAX,LGB
12560,65834.0,LAX,LGB
12561,65834.0,LAX,WDHL
12562,65841.0,LAX,BVH
12563,65847.0,LAX,HWD
12564,65850.0,LAX,PSD
12565,65861.0,LAX,HWD
12566,65877.0,LAX,DTLA
12567,65880.0,LAX,DTLA
12568,65881.0,LAX,ANH
12569,65896.0,LAX,ANH
12570,65896.0,LAX,HWD
12571,65908.0,LAX,PSD
12572,65912.0,LAX,HWD
12573,65918.0,LAX,ANH
12574,65920.0,LAX,DTLA
12575,65930.0,LAX,ANH
12576,65946.0,LAX,DTLA
12577,65968.0,LAX,PSD
12578,65989.0,LAX,HWD
12579,65989.0,LAX,ANH
12580,65995.0,LAX,PSD
12581,65998.0,LAX,ANH
12582,66011.0,LAX,ANH
12583,66022.0,LAX,HWD
12584,66034.0,LAX,LGB
12585,66035.0,LAX,HWD
12586,66045.0,LAX,LGB
12587,66054.0,LAX,PSD
12588,66057.0,LAX,PSD
12589,66063.0,LAX,HWD
12590,66064.0,LAX,HWD
12591,66065.0,LAX,LGB
12592,66066.0,LAX,LGB
12593,66072.0,LAX,UVS
12594,66075.0,LAX,ANH
12595,66079.0,LAX,DTLA
12596,66082.0,LAX,LGB
12597,66084.0,LAX,PSD
12598,66094.0,LAX,LGB
12599,66096.0,LAX,ANH
12600,66096.0,LAX,HWD
12601,66109.0,LAX,LGB
12602,66127.0,LAX,BVH
12603,66134.0,LAX,ANH
12604,66138.0,LAX,HWD
12605,66162.0,LAX,DTLA
12606,66204.0,LAX,HWD
12607,66205.0,LAX,ANH
12608,66210.0,LAX,ANH
12609,66221.0,LAX,UVS
12610,66225.0,LAX,HWD
12611,66228.0,LAX,DTLA
12612,66230.0,LAX,DTLA
12613,66252.0,LAX,DTLA
12614,66253.0,LAX,UVS
12615,66255.0,LAX,DTLA
12616,66259.0,LAX,ANH
12617,66267.0,LAX,HWD
12618,66269.0,LAX,PSD
12619,66277.0,LAX,WDHL
12620,66282.0,LAX,PSD
12621,66299.0,LAX,PSD
12622,66304.0,LAX,ANH
12623,66380.0,LAX,DTLA
12624,66380.0,LAX,BVH
12625,66381.0,LAX,HWD
12626,66384.0,LAX,WDHL
12627,66389.0,LAX,HWD
12628,66392.0,LAX,ANH
12629,66421.0,LAX,HWD
12630,66438.0,LAX,LGB
12631,66440.0,LAX,HWD
12632,66441.0,LAX,ANH
12633,66452.0,LAX,HWD
12634,66455.0,LAX,ANH
12635,66462.0,LAX,ANH
12636,66494.0,LAX,LGB
12637,66496.0,LAX,BVH
12638,66508.0,LAX,BVH
12639,66520.0,LAX,HWD
12640,66549.0,LAX,HWD
12641,66556.0,LAX,HWD
12642,66574.0,LAX,HWD
12643,66600.0,LAX,DTLA
12644,66619.0,LAX,ANH
12645,66634.0,LAX,HWD
12646,66641.0,LAX,DTLA
12647,66659.0,LAX,LGB
12648,66659.0,LAX,DTLA
12649,66675.0,LAX,PSD
12650,66685.0,LAX,HWD
12651,66690.0,LAX,DTLA
12652,66716.0,LAX,WDHL
12653,66719.0,LAX,LGB
12654,66727.0,LAX,LGB
12655,66727.0,LAX,ANH
12656,66727.0,LAX,UVS
12657,66730.0,LAX,LGB
12658,66731.0,LAX,ANH
12659,66736.0,LAX,UVS
12660,66740.0,LAX,DTLA
12661,66759.0,LAX,HWD
12662,66761.0,LAX,HWD
12663,66763.0,LAX,DTLA
12664,66766.0,LAX,DTLA
12665,66767.0,LAX,ANH
12666,66769.0,LAX,DTLA
12667,66769.0,LAX,LGB
12668,66770.0,LAX,BVH
12669,66773.0,LAX,ANH
12670,66777.0,LAX,BVH
12671,66777.0,LAX,PSD
12672,66778.0,LAX,ANH
12673,66783.0,LAX,WDHL
12674,66788.0,LAX,HWD
12675,66790.0,LAX,DTLA
12676,66791.0,LAX,DTLA
12677,66791.0,LAX,DTLA
12678,66798.0,LAX,HWD
12679,66801.0,LAX,HWD
12680,66801.0,LAX,PSD
12681,66802.0,LAX,ANH
12682,66803.0,LAX,DTLA
12683,66804.0,LAX,HWD
12684,66805.0,LAX,HWD
12685,66805.0,LAX,LGB
12686,66809.0,LAX,WDHL
12687,66818.0,LAX,DTLA
12688,66821.0,LAX,HWD
12689,66824.0,LAX,WDHL
12690,66829.0,LAX,DTLA
12691,66835.0,LAX,ANH
12692,66835.0,LAX,HWD
12693,66835.0,LAX,ANH
12694,66838.0,LAX,DTLA
12695,66848.0,LAX,LGB
12696,66848.0,LAX,ANH
12697,66853.0,LAX,ANH
12698,66854.0,LAX,DTLA
12699,66855.0,LAX,LGB
12700,66858.0,LAX,PSD
12701,66859.0,LAX,LGB
12702,66864.0,LAX,DTLA
12703,66865.0,LAX,WDHL
12704,66865.0,LAX,HWD
12705,66866.0,LAX,ANH
12706,66866.0,LAX,LGB
12707,66868.0,LAX,LGB
12708,66874.0,LAX,DTLA
12709,66875.0,LAX,PSD
12710,66875.0,LAX,LGB
12711,66879.0,LAX,ANH
12712,66886.0,LAX,ANH
12713,66895.0,LAX,BVH
12714,66903.0,LAX,PSD
12715,66904.0,LAX,ANH
12716,66906.0,LAX,HWD
12717,66909.0,LAX,LGB
12718,66911.0,LAX,BVH
12719,66913.0,LAX,ANH
12720,66914.0,LAX,ANH
12721,66915.0,LAX,DTLA
12722,66915.0,LAX,UVS
12723,66917.0,LAX,DTLA
12724,66932.0,LAX,ANH
12725,66932.0,LAX,LGB
12726,66933.0,LAX,WDHL
12727,66942.0,LAX,DTLA
12728,66946.0,LAX,DTLA
12729,66949.0,LAX,WDHL
12730,66951.0,LAX,UVS
12731,66952.0,LAX,DTLA
12732,66952.0,LAX,DTLA
12733,66957.0,LAX,ANH
12734,66959.0,LAX,DTLA
12735,66971.0,LAX,DTLA
12736,66975.0,LAX,ANH
12737,66978.0,LAX,ANH
12738,66987.0,LAX,BVH
12739,66992.0,LAX,ANH
12740,66999.0,LAX,DTLA
12741,67000.0,LAX,DTLA
12742,67018.0,LAX,HWD
12743,67019.0,LAX,ANH
12744,67022.0,LAX,PSD
12745,67040.0,LAX,PSD
12746,67041.0,LAX,ANH
12747,67081.0,LAX,PSD
12748,67096.0,LAX,DTLA
12749,67109.0,LAX,HWD
12750,67139.0,LAX,WDHL
12751,67168.0,LAX,LGB
12752,67181.0,LAX,ANH
12753,67182.0,LAX,ANH
12754,67193.0,LAX,DTLA
12755,67235.0,LAX,PSD
12756,67258.0,LAX,PSD
12757,67275.0,LAX,DTLA
12758,67299.0,LAX,ANH
12759,67301.0,LAX,UVS
12760,67304.0,LAX,ANH
12761,67310.0,LAX,ANH
12762,67311.0,LAX,PSD
12763,67313.0,LAX,DTLA
12764,67317.0,LAX,ANH
12765,67318.0,LAX,ANH
12766,67341.0,LAX,PSD
12767,67344.0,LAX,HWD
12768,67373.0,LAX,LGB
12769,67387.0,LAX,DTLA
12770,67399.0,LAX,DTLA
12771,67400.0,LAX,PSD
12772,67404.0,LAX,HWD
12773,67407.0,LAX,UVS
12774,67410.0,LAX,ANH
12775,67412.0,LAX,ANH
12776,67421.0,LAX,WDHL
12777,67424.0,LAX,BVH
12778,67433.0,LAX,LGB
12779,67433.0,LAX,ANH
12780,67434.0,LAX,DTLA
12781,67438.0,LAX,LGB
12782,67439.0,LAX,ANH
12783,67440.0,LAX,HWD
12784,67442.0,LAX,DTLA
12785,67443.0,LAX,DTLA
12786,67450.0,LAX,WDHL
12787,67450.0,LAX,ANH
12788,67451.0,LAX,HWD
12789,67452.0,LAX,LGB
12790,67458.0,LAX,WDHL
12791,67467.0,LAX,WDHL
12792,67467.0,LAX,ANH
12793,67468.0,LAX,PSD
12794,67468.0,LAX,HWD
12795,67469.0,LAX,ANH
12796,67470.0,LAX,BVH
12797,67472.0,LAX,HWD
12798,67472.0,LAX,HWD
12799,67475.0,LAX,PSD
12800,67495.0,LAX,DTLA
12801,67498.0,LAX,DTLA
12802,67500.0,LAX,PSD
12803,67501.0,LAX,BVH
12804,67507.0,LAX,PSD
12805,67507.0,LAX,DTLA
12806,67509.0,LAX,PSD
12807,67512.0,LAX,ANH
12808,67516.0,LAX,LGB
12809,67521.0,LAX,DTLA
12810,67531.0,LAX,DTLA
12811,67535.0,LAX,WDHL
12812,67535.0,LAX,DTLA
12813,67543.0,LAX,LGB
12814,67557.0,LAX,ANH
12815,67563.0,LAX,ANH
12816,67563.0,LAX,ANH
12817,67566.0,LAX,DTLA
12818,67567.0,LAX,ANH
12819,67568.0,LAX,ANH
12820,67572.0,LAX,ANH
12821,67577.0,LAX,HWD
12822,67587.0,LAX,DTLA
12823,67597.0,LAX,HWD
12824,67598.0,LAX,HWD
12825,67599.0,LAX,HWD
12826,67600.0,LAX,BVH
12827,67603.0,LAX,ANH
12828,67610.0,LAX,HWD
12829,67611.0,LAX,UVS
12830,67612.0,LAX,HWD
12831,67612.0,LAX,DTLA
12832,67614.0,LAX,DTLA
12833,67618.0,LAX,DTLA
12834,67624.0,LAX,LGB
12835,67632.0,LAX,BVH
12836,67635.0,LAX,DTLA
12837,67635.0,LAX,HWD
12838,67636.0,LAX,BVH
12839,67642.0,LAX,DTLA
12840,67647.0,LAX,PSD
12841,67648.0,LAX,ANH
12842,67648.0,LAX,LGB
12843,67652.0,LAX,HWD
12844,67663.0,LAX,DTLA
12845,67666.0,LAX,DTLA
12846,67670.0,LAX,PSD
12847,67693.0,LAX,WDHL
12848,67694.0,LAX,HWD
12849,67696.0,LAX,UVS
12850,67700.0,LAX,WDHL
12851,67717.0,LAX,ANH
12852,67724.0,LAX,WDHL
12853,67742.0,LAX,BVH
12854,67751.0,LAX,ANH
12855,67753.0,LAX,DTLA
12856,67759.0,LAX,DTLA
12857,67759.0,LAX,ANH
12858,67775.0,LAX,PSD
12859,67778.0,LAX,ANH
12860,67786.0,LAX,HWD
12861,67788.0,LAX,HWD
12862,67790.0,LAX,UVS
12863,67793.0,LAX,HWD
12864,67793.0,LAX,HWD
12865,67801.0,LAX,PSD
12866,67803.0,LAX,LGB
12867,67804.0,LAX,ANH
12868,67813.0,LAX,ANH
12869,67822.0,LAX,DTLA
12870,67822.0,LAX,PSD
12871,67827.0,LAX,BVH
12872,67837.0,LAX,BVH
12873,67838.0,LAX,LGB
12874,67850.0,LAX,UVS
12875,67857.0,LAX,HWD
12876,67858.0,LAX,DTLA
12877,67876.0,LAX,ANH
12878,67883.0,LAX,ANH
12879,67884.0,LAX,LGB
12880,67892.0,LAX,ANH
12881,67897.0,LAX,ANH
12882,67918.0,LAX,HWD
12883,67920.0,LAX,ANH
12884,67923.0,LAX,PSD
12885,67935.0,LAX,ANH
12886,67939.0,LAX,BVH
12887,67948.0,LAX,LGB
12888,67949.0,LAX,DTLA
12889,67953.0,LAX,ANH
12890,67966.0,LAX,HWD
12891,67970.0,LAX,BVH
12892,67976.0,LAX,DTLA
12893,67981.0,LAX,DTLA
12894,67983.0,LAX,ANH
12895,67991.0,LAX,ANH
12896,68004.0,LAX,LGB
12897,68012.0,LAX,DTLA
12898,68012.0,LAX,ANH
12899,68016.0,LAX,DTLA
12900,68021.0,LAX,ANH
12901,68022.0,LAX,HWD
12902,68023.0,LAX,HWD
12903,68025.0,LAX,DTLA
12904,68051.0,LAX,ANH
12905,68061.0,LAX,PSD
12906,68080.0,LAX,LGB
12907,68104.0,LAX,HWD
12908,68106.0,LAX,HWD
12909,68112.0,LAX,WDHL
12910,68115.0,LAX,HWD
12911,68115.0,LAX,BVH
12912,68116.0,LAX,ANH
12913,68117.0,LAX,WDHL
12914,68124.0,LAX,ANH
12915,68129.0,LAX,HWD
12916,68130.0,LAX,DTLA
12917,68136.0,LAX,ANH
12918,68151.0,LAX,HWD
12919,68159.0,LAX,HWD
12920,68169.0,LAX,DTLA
12921,68169.0,LAX,DTLA
12922,68170.0,LAX,DTLA
12923,68189.0,LAX,BVH
12924,68195.0,LAX,HWD
12925,68210.0,LAX,HWD
12926,68213.0,LAX,BVH
12927,68213.0,LAX,DTLA
12928,68224.0,LAX,DTLA
12929,68242.0,LAX,UVS
12930,68250.0,LAX,HWD
12931,68258.0,LAX,DTLA
12932,68261.0,LAX,LGB
12933,68266.0,LAX,DTLA
12934,68267.0,LAX,HWD
12935,68278.0,LAX,PSD
12936,68290.0,LAX,DTLA
12937,68300.0,LAX,UVS
12938,68311.0,LAX,BVH
12939,68326.0,LAX,BVH
12940,68328.0,LAX,DTLA
12941,68328.0,LAX,PSD
12942,68333.0,LAX,LGB
12943,68337.0,LAX,DTLA
12944,68370.0,LAX,ANH
12945,68374.0,LAX,HWD
12946,68385.0,LAX,PSD
12947,68444.0,LAX,PSD
12948,68451.0,LAX,HWD
12949,68494.0,LAX,DTLA
12950,68501.0,LAX,DTLA
12951,68506.0,LAX,BVH
12952,68520.0,LAX,LGB
12953,68522.0,LAX,ANH
12954,68526.0,LAX,HWD
12955,68531.0,LAX,DTLA
12956,68555.0,LAX,LGB
12957,68606.0,LAX,WDHL
12958,68614.0,LAX,BVH
12959,68621.0,LAX,HWD
12960,68625.0,LAX,DTLA
12961,68633.0,LAX,DTLA
12962,68647.0,LAX,DTLA
12963,68659.0,LAX,ANH
12964,68669.0,LAX,DTLA
12965,68684.0,LAX,ANH
12966,68686.0,LAX,DTLA
12967,68696.0,LAX,DTLA
12968,68702.0,LAX,HWD
12969,68703.0,LAX,ANH
12970,68705.0,LAX,PSD
12971,68713.0,LAX,DTLA
12972,68723.0,LAX,DTLA
12973,68727.0,LAX,DTLA
12974,68728.0,LAX,ANH
12975,68733.0,LAX,ANH
12976,68739.0,LAX,BVH
12977,68748.0,LAX,DTLA
12978,68757.0,LAX,LGB
12979,68760.0,LAX,DTLA
12980,68763.0,LAX,ANH
12981,68767.0,LAX,DTLA
12982,68768.0,LAX,LGB
12983,68768.0,LAX,ANH
12984,68770.0,LAX,LGB
12985,68772.0,LAX,HWD
12986,68773.0,LAX,ANH
12987,68775.0,LAX,HWD
12988,68780.0,LAX,HWD
12989,68781.0,LAX,ANH
12990,68785.0,LAX,ANH
12991,68790.0,LAX,DTLA
12992,68791.0,LAX,UVS
12993,68802.0,LAX,DTLA
12994,68811.0,LAX,LGB
12995,68811.0,LAX,DTLA
12996,68822.0,LAX,WDHL
12997,68834.0,LAX,WDHL
12998,68835.0,LAX,LGB
12999,68836.0,LAX,PSD
13000,68839.0,LAX,PSD
13001,68841.0,LAX,LGB
13002,68843.0,LAX,PSD
13003,68845.0,LAX,ANH
13004,68849.0,LAX,PSD
13005,68850.0,LAX,LGB
13006,68853.0,LAX,HWD
13007,68854.0,LAX,LGB
13008,68858.0,LAX,HWD
13009,68861.0,LAX,HWD
13010,68865.0,LAX,DTLA
13011,68865.0,LAX,BVH
13012,68868.0,LAX,PSD
13013,68871.0,LAX,PSD
13014,68882.0,LAX,PSD
13015,68882.0,LAX,LGB
13016,68886.0,LAX,PSD
13017,68888.0,LAX,ANH
13018,68889.0,LAX,PSD
13019,68901.0,LAX,ANH
13020,68905.0,LAX,WDHL
13021,68906.0,LAX,LGB
13022,68910.0,LAX,HWD
13023,68911.0,LAX,DTLA
13024,68913.0,LAX,ANH
13025,68914.0,LAX,PSD
13026,68918.0,LAX,HWD
13027,68923.0,LAX,ANH
13028,68924.0,LAX,ANH
13029,68925.0,LAX,ANH
13030,68961.0,LAX,PSD
13031,68963.0,LAX,DTLA
13032,68965.0,LAX,UVS
13033,68966.0,LAX,ANH
13034,68969.0,LAX,UVS
13035,68970.0,LAX,BVH
13036,68973.0,LAX,DTLA
13037,68979.0,LAX,LGB
13038,68983.0,LAX,UVS
13039,68986.0,LAX,DTLA
13040,68996.0,LAX,BVH
13041,69024.0,LAX,PSD
13042,69034.0,LAX,LGB
13043,69038.0,LAX,LGB
13044,69062.0,LAX,PSD
13045,69084.0,LAX,HWD
13046,69098.0,LAX,BVH
13047,69109.0,LAX,ANH
13048,69111.0,LAX,ANH
13049,69120.0,LAX,ANH
13050,69120.0,LAX,UVS
13051,69140.0,LAX,HWD
13052,69158.0,LAX,LGB
13053,69163.0,LAX,HWD
13054,69170.0,LAX,PSD
13055,69172.0,LAX,DTLA
13056,69177.0,LAX,BVH
13057,69178.0,LAX,UVS
13058,69197.0,LAX,DTLA
13059,69207.0,LAX,DTLA
13060,69207.0,LAX,LGB
13061,69216.0,LAX,DTLA
13062,69226.0,LAX,BVH
13063,69235.0,LAX,ANH
13064,69242.0,LAX,HWD
13065,69243.0,LAX,HWD
13066,69248.0,LAX,DTLA
13067,69267.0,LAX,ANH
13068,69269.0,LAX,ANH
13069,69272.0,LAX,DTLA
13070,69273.0,LAX,ANH
13071,69273.0,LAX,LGB
13072,69274.0,LAX,WDHL
13073,69275.0,LAX,DTLA
13074,69275.0,LAX,HWD
13075,69276.0,LAX,WDHL
13076,69284.0,LAX,HWD
13077,69284.0,LAX,ANH
13078,69287.0,LAX,WDHL
13079,69308.0,LAX,LGB
13080,69313.0,LAX,DTLA
13081,69319.0,LAX,HWD
13082,69326.0,LAX,DTLA
13083,69331.0,LAX,DTLA
13084,69334.0,LAX,PSD
13085,69337.0,LAX,UVS
13086,69339.0,LAX,ANH
13087,69341.0,LAX,DTLA
13088,69344.0,LAX,BVH
13089,69344.0,LAX,HWD
13090,69354.0,LAX,DTLA
13091,69356.0,LAX,DTLA
13092,69359.0,LAX,PSD
13093,69363.0,LAX,LGB
13094,69365.0,LAX,ANH
13095,69370.0,LAX,ANH
13096,69370.0,LAX,WDHL
13097,69371.0,LAX,PSD
13098,69373.0,LAX,ANH
13099,69396.0,LAX,UVS
13100,69400.0,LAX,WDHL
13101,69402.0,LAX,HWD
13102,69404.0,LAX,HWD
13103,69409.0,LAX,WDHL
13104,69416.0,LAX,PSD
13105,69421.0,LAX,PSD
13106,69424.0,LAX,ANH
13107,69425.0,LAX,DTLA
13108,69430.0,LAX,HWD
13109,69436.0,LAX,ANH
13110,69440.0,LAX,ANH
13111,69443.0,LAX,ANH
13112,69451.0,LAX,DTLA
13113,69452.0,LAX,ANH
13114,69456.0,LAX,HWD
13115,69460.0,LAX,PSD
13116,69461.0,LAX,LGB
13117,69462.0,LAX,BVH
13118,69462.0,LAX,DTLA
13119,69463.0,LAX,LGB
13120,69466.0,LAX,ANH
13121,69478.0,LAX,LGB
13122,69481.0,LAX,PSD
13123,69485.0,LAX,PSD
13124,69490.0,LAX,LGB
13125,69491.0,LAX,ANH
13126,69493.0,LAX,DTLA
13127,69498.0,LAX,ANH
13128,69499.0,LAX,BVH
13129,69502.0,LAX,LGB
13130,69506.0,LAX,ANH
13131,69507.0,LAX,HWD
13132,69514.0,LAX,BVH
13133,69515.0,LAX,LGB
13134,69516.0,LAX,LGB
13135,69519.0,LAX,UVS
13136,69519.0,LAX,DTLA
13137,69520.0,LAX,ANH
13138,69522.0,LAX,ANH
13139,69528.0,LAX,HWD
13140,69532.0,LAX,ANH
13141,69543.0,LAX,LGB
13142,69543.0,LAX,LGB
13143,69546.0,LAX,DTLA
13144,69548.0,LAX,ANH
13145,69552.0,LAX,DTLA
13146,69560.0,LAX,ANH
13147,69566.0,LAX,DTLA
13148,69570.0,LAX,LGB
13149,69589.0,LAX,BVH
13150,69590.0,LAX,DTLA
13151,69602.0,LAX,PSD
13152,69603.0,LAX,BVH
13153,69609.0,LAX,DTLA
13154,69637.0,LAX,ANH
13155,69645.0,LAX,HWD
13156,69655.0,LAX,ANH
13157,69657.0,LAX,PSD
13158,69660.0,LAX,LGB
13159,69662.0,LAX,ANH
13160,69662.0,LAX,BVH
13161,69705.0,LAX,HWD
13162,69720.0,LAX,WDHL
13163,69728.0,LAX,ANH
13164,69750.0,LAX,ANH
13165,69770.0,LAX,ANH
13166,69772.0,LAX,DTLA
13167,69773.0,LAX,HWD
13168,69784.0,LAX,HWD
13169,69786.0,LAX,ANH
13170,69799.0,LAX,DTLA
13171,69806.0,LAX,UVS
13172,69810.0,LAX,ANH
13173,69814.0,LAX,ANH
13174,69821.0,LAX,ANH
13175,69828.0,LAX,PSD
13176,69831.0,LAX,DTLA
13177,69862.0,LAX,BVH
13178,69865.0,LAX,WDHL
13179,69867.0,LAX,ANH
13180,69876.0,LAX,PSD
13181,69877.0,LAX,PSD
13182,69886.0,LAX,HWD
13183,69903.0,LAX,DTLA
13184,69903.0,LAX,ANH
13185,69907.0,LAX,LGB
13186,69942.0,LAX,LGB
13187,69970.0,LAX,LGB
13188,69972.0,LAX,DTLA
13189,69998.0,LAX,DTLA
13190,70010.0,LAX,LGB
13191,70053.0,LAX,ANH
13192,70070.0,LAX,BVH
13193,70070.0,LAX,ANH
13194,70070.0,LAX,ANH
13195,70073.0,LAX,LGB
13196,70082.0,LAX,DTLA
13197,70090.0,LAX,BVH
13198,70101.0,LAX,ANH
13199,70127.0,LAX,HWD
13200,70128.0,LAX,HWD
13201,70139.0,LAX,ANH
13202,70146.0,LAX,UVS
13203,70161.0,LAX,ANH
13204,70166.0,LAX,DTLA
13205,70168.0,LAX,HWD
13206,70170.0,LAX,ANH
13207,70176.0,LAX,HWD
13208,70177.0,LAX,WDHL
13209,70190.0,LAX,ANH
13210,70207.0,LAX,DTLA
13211,70207.0,LAX,ANH
13212,70208.0,LAX,ANH
13213,70214.0,LAX,DTLA
13214,70218.0,LAX,ANH
13215,70241.0,LAX,BVH
13216,70241.0,LAX,WDHL
13217,70249.0,LAX,ANH
13218,70251.0,LAX,ANH
13219,70256.0,LAX,ANH
13220,70257.0,LAX,UVS
13221,70259.0,LAX,DTLA
13222,70268.0,LAX,ANH
13223,70275.0,LAX,HWD
13224,70276.0,LAX,HWD
13225,70279.0,LAX,HWD
13226,70280.0,LAX,BVH
13227,70291.0,LAX,ANH
13228,70296.0,LAX,BVH
13229,70326.0,LAX,DTLA
13230,70328.0,LAX,ANH
13231,70332.0,LAX,DTLA
13232,70344.0,LAX,LGB
13233,70347.0,LAX,DTLA
13234,70362.0,LAX,LGB
13235,70363.0,LAX,ANH
13236,70366.0,LAX,WDHL
13237,70373.0,LAX,ANH
13238,70387.0,LAX,PSD
13239,70389.0,LAX,LGB
13240,70398.0,LAX,DTLA
13241,70401.0,LAX,HWD
13242,70401.0,LAX,ANH
13243,70401.0,LAX,LGB
13244,70402.0,LAX,DTLA
13245,70406.0,LAX,DTLA
13246,70425.0,LAX,DTLA
13247,70427.0,LAX,LGB
13248,70429.0,LAX,ANH
13249,70438.0,LAX,ANH
13250,70440.0,LAX,ANH
13251,70448.0,LAX,HWD
13252,70449.0,LAX,PSD
13253,70461.0,LAX,DTLA
13254,70463.0,LAX,HWD
13255,70479.0,LAX,DTLA
13256,70481.0,LAX,ANH
13257,70492.0,LAX,DTLA
13258,70495.0,LAX,LGB
13259,70496.0,LAX,ANH
13260,70500.0,LAX,DTLA
13261,70505.0,LAX,PSD
13262,70511.0,LAX,HWD
13263,70516.0,LAX,HWD
13264,70518.0,LAX,PSD
13265,70528.0,LAX,WDHL
13266,70537.0,LAX,LGB
13267,70541.0,LAX,WDHL
13268,70551.0,LAX,ANH
13269,70566.0,LAX,UVS
13270,70572.0,LAX,LGB
13271,70577.0,LAX,ANH
13272,70598.0,LAX,DTLA
13273,70607.0,LAX,DTLA
13274,70608.0,LAX,PSD
13275,70611.0,LAX,DTLA
13276,70619.0,LAX,PSD
13277,70634.0,LAX,ANH
13278,70636.0,LAX,DTLA
13279,70644.0,LAX,ANH
13280,70646.0,LAX,DTLA
13281,70681.0,LAX,BVH
13282,70688.0,LAX,WDHL
13283,70701.0,LAX,DTLA
13284,70702.0,LAX,LGB
13285,70705.0,LAX,HWD
13286,70718.0,LAX,HWD
13287,70723.0,LAX,ANH
13288,70734.0,LAX,LGB
13289,70740.0,LAX,WDHL
13290,70740.0,LAX,DTLA
13291,70769.0,LAX,PSD
13292,70770.0,LAX,ANH
13293,70772.0,LAX,HWD
13294,70776.0,LAX,DTLA
13295,70779.0,LAX,HWD
13296,70779.0,LAX,DTLA
13297,70779.0,LAX,WDHL
13298,70787.0,LAX,DTLA
13299,70810.0,LAX,ANH
13300,70814.0,LAX,BVH
13301,70815.0,LAX,ANH
13302,70816.0,LAX,LGB
13303,70820.0,LAX,HWD
13304,70828.0,LAX,ANH
13305,70830.0,LAX,PSD
13306,70851.0,LAX,ANH
13307,70854.0,LAX,DTLA
13308,70859.0,LAX,PSD
13309,70862.0,LAX,DTLA
13310,70864.0,LAX,PSD
13311,70864.0,LAX,DTLA
13312,70864.0,LAX,ANH
13313,70876.0,LAX,ANH
13314,70877.0,LAX,LGB
13315,70879.0,LAX,LGB
13316,70885.0,LAX,PSD
13317,70896.0,LAX,HWD
13318,70898.0,LAX,HWD
13319,70911.0,LAX,DTLA
13320,70920.0,LAX,LGB
13321,70920.0,LAX,HWD
13322,70923.0,LAX,DTLA
13323,70936.0,LAX,LGB
13324,70943.0,LAX,DTLA
13325,70943.0,LAX,ANH
13326,70944.0,LAX,BVH
13327,70946.0,LAX,HWD
13328,70949.0,LAX,BVH
13329,70975.0,LAX,PSD
13330,70980.0,LAX,PSD
13331,70981.0,LAX,ANH
13332,70982.0,LAX,HWD
13333,70999.0,LAX,DTLA
13334,71001.0,LAX,ANH
13335,71002.0,LAX,DTLA
13336,71007.0,LAX,DTLA
13337,71009.0,LAX,ANH
13338,71026.0,LAX,HWD
13339,71043.0,LAX,PSD
13340,71052.0,LAX,DTLA
13341,71056.0,LAX,ANH
13342,71059.0,LAX,HWD
13343,71065.0,LAX,DTLA
13344,71068.0,LAX,DTLA
13345,71068.0,LAX,BVH
13346,71069.0,LAX,HWD
13347,71073.0,LAX,BVH
13348,71076.0,LAX,LGB
13349,71077.0,LAX,DTLA
13350,71086.0,LAX,PSD
13351,71087.0,LAX,BVH
13352,71088.0,LAX,DTLA
13353,71088.0,LAX,HWD
13354,71091.0,LAX,DTLA
13355,71095.0,LAX,HWD
13356,71099.0,LAX,DTLA
13357,71100.0,LAX,PSD
13358,71123.0,LAX,DTLA
13359,71125.0,LAX,ANH
13360,71133.0,LAX,LGB
13361,71139.0,LAX,DTLA
13362,71186.0,LAX,LGB
13363,71204.0,LAX,DTLA
13364,71213.0,LAX,HWD
13365,71214.0,LAX,DTLA
13366,71219.0,LAX,BVH
13367,71220.0,LAX,WDHL
13368,71262.0,LAX,UVS
13369,71264.0,LAX,LGB
13370,71318.0,LAX,BVH
13371,71324.0,LAX,UVS
13372,71327.0,LAX,PSD
13373,71346.0,LAX,UVS
13374,71369.0,LAX,DTLA
13375,71375.0,LAX,LGB
13376,71380.0,LAX,ANH
13377,71383.0,LAX,DTLA
13378,71383.0,LAX,LGB
13379,71394.0,LAX,LGB
13380,71400.0,LAX,UVS
13381,71419.0,LAX,PSD
13382,71429.0,LAX,WDHL
13383,71433.0,LAX,DTLA
13384,71434.0,LAX,LGB
13385,71444.0,LAX,ANH
13386,71446.0,LAX,DTLA
13387,71450.0,LAX,ANH
13388,71455.0,LAX,BVH
13389,71476.0,LAX,BVH
13390,71485.0,LAX,ANH
13391,71496.0,LAX,WDHL
13392,71498.0,LAX,HWD
13393,71508.0,LAX,DTLA
13394,71521.0,LAX,DTLA
13395,71522.0,LAX,UVS
13396,71522.0,LAX,ANH
13397,71525.0,LAX,ANH
13398,71531.0,LAX,HWD
13399,71532.0,LAX,DTLA
13400,71536.0,LAX,PSD
13401,71537.0,LAX,DTLA
13402,71543.0,LAX,WDHL
13403,71544.0,LAX,ANH
13404,71544.0,LAX,HWD
13405,71550.0,LAX,ANH
13406,71558.0,LAX,HWD
13407,71561.0,LAX,PSD
13408,71566.0,LAX,ANH
13409,71567.0,LAX,BVH
13410,71569.0,LAX,PSD
13411,71572.0,LAX,DTLA
13412,71574.0,LAX,HWD
13413,71574.0,LAX,ANH
13414,71578.0,LAX,ANH
13415,71581.0,LAX,WDHL
13416,71583.0,LAX,HWD
13417,71584.0,LAX,UVS
13418,71586.0,LAX,PSD
13419,71590.0,LAX,ANH
13420,71594.0,LAX,HWD
13421,71600.0,LAX,DTLA
13422,71602.0,LAX,HWD
13423,71607.0,LAX,ANH
13424,71611.0,LAX,WDHL
13425,71616.0,LAX,HWD
13426,71618.0,LAX,DTLA
13427,71620.0,LAX,ANH
13428,71621.0,LAX,ANH
13429,71623.0,LAX,WDHL
13430,71627.0,LAX,ANH
13431,71630.0,LAX,ANH
13432,71632.0,LAX,HWD
13433,71636.0,LAX,DTLA
13434,71637.0,LAX,UVS
13435,71637.0,LAX,ANH
13436,71644.0,LAX,ANH
13437,71645.0,LAX,PSD
13438,71647.0,LAX,ANH
13439,71648.0,LAX,HWD
13440,71653.0,LAX,HWD
13441,71653.0,LAX,LGB
13442,71653.0,LAX,HWD
13443,71654.0,LAX,DTLA
13444,71657.0,LAX,DTLA
13445,71661.0,LAX,DTLA
13446,71668.0,LAX,WDHL
13447,71670.0,LAX,PSD
13448,71673.0,LAX,ANH
13449,71673.0,LAX,BVH
13450,71674.0,LAX,ANH
13451,71675.0,LAX,PSD
13452,71686.0,LAX,ANH
13453,71686.0,LAX,UVS
13454,71687.0,LAX,ANH
13455,71692.0,LAX,LGB
13456,71697.0,LAX,ANH
13457,71698.0,LAX,ANH
13458,71699.0,LAX,ANH
13459,71706.0,LAX,DTLA
13460,71706.0,LAX,DTLA
13461,71710.0,LAX,HWD
13462,71713.0,LAX,ANH
13463,71714.0,LAX,DTLA
13464,71716.0,LAX,HWD
13465,71716.0,LAX,UVS
13466,71716.0,LAX,LGB
13467,71718.0,LAX,PSD
13468,71718.0,LAX,HWD
13469,71718.0,LAX,DTLA
13470,71721.0,LAX,DTLA
13471,71721.0,LAX,PSD
13472,71728.0,LAX,LGB
13473,71733.0,LAX,WDHL
13474,71734.0,LAX,ANH
13475,71735.0,LAX,LGB
13476,71735.0,LAX,ANH
13477,71736.0,LAX,ANH
13478,71739.0,LAX,WDHL
13479,71740.0,LAX,HWD
13480,71743.0,LAX,ANH
13481,71744.0,LAX,UVS
13482,71750.0,LAX,ANH
13483,71750.0,LAX,LGB
13484,71759.0,LAX,WDHL
13485,71762.0,LAX,ANH
13486,71775.0,LAX,ANH
13487,71776.0,LAX,BVH
13488,71776.0,LAX,ANH
13489,71778.0,LAX,HWD
13490,71778.0,LAX,PSD
13491,71786.0,LAX,LGB
13492,71787.0,LAX,WDHL
13493,71794.0,LAX,UVS
13494,71798.0,LAX,LGB
13495,71807.0,LAX,LGB
13496,71819.0,LAX,DTLA
13497,71821.0,LAX,DTLA
13498,71827.0,LAX,PSD
13499,71834.0,LAX,LGB
13500,71836.0,LAX,DTLA
13501,71840.0,LAX,PSD
13502,71844.0,LAX,DTLA
13503,71848.0,LAX,PSD
13504,71853.0,LAX,ANH
13505,71855.0,LAX,DTLA
13506,71857.0,LAX,WDHL
13507,71864.0,LAX,DTLA
13508,71870.0,LAX,ANH
13509,71896.0,LAX,ANH
13510,71907.0,LAX,ANH
13511,71911.0,LAX,UVS
13512,71923.0,LAX,ANH
13513,71938.0,LAX,DTLA
13514,71943.0,LAX,HWD
13515,71946.0,LAX,BVH
13516,71951.0,LAX,BVH
13517,71953.0,LAX,DTLA
13518,71956.0,LAX,DTLA
13519,71958.0,LAX,LGB
13520,71962.0,LAX,BVH
13521,71971.0,LAX,DTLA
13522,71979.0,LAX,PSD
13523,71988.0,LAX,ANH
13524,71990.0,LAX,BVH
13525,72011.0,LAX,DTLA
13526,72021.0,LAX,UVS
13527,72032.0,LAX,ANH
13528,72042.0,LAX,LGB
13529,72049.0,LAX,ANH
13530,72055.0,LAX,UVS
13531,72065.0,LAX,LGB
13532,72066.0,LAX,PSD
13533,72066.0,LAX,HWD
13534,72068.0,LAX,DTLA
13535,72079.0,LAX,DTLA
13536,72080.0,LAX,LGB
13537,72083.0,LAX,LGB
13538,72084.0,LAX,HWD
13539,72115.0,LAX,HWD
13540,72121.0,LAX,UVS
13541,72122.0,LAX,ANH
13542,72139.0,LAX,WDHL
13543,72151.0,LAX,ANH
13544,72164.0,LAX,HWD
13545,72172.0,LAX,PSD
13546,72176.0,LAX,LGB
13547,72182.0,LAX,LGB
13548,72182.0,LAX,LGB
13549,72188.0,LAX,HWD
13550,72190.0,LAX,PSD
13551,72193.0,LAX,HWD
13552,72193.0,LAX,HWD
13553,72196.0,LAX,BVH
13554,72197.0,LAX,DTLA
13555,72201.0,LAX,HWD
13556,72202.0,LAX,HWD
13557,72202.0,LAX,HWD
13558,72213.0,LAX,LGB
13559,72220.0,LAX,WDHL
13560,72221.0,LAX,DTLA
13561,72221.0,LAX,ANH
13562,72231.0,LAX,ANH
13563,72234.0,LAX,DTLA
13564,72245.0,LAX,DTLA
13565,72257.0,LAX,UVS
13566,72266.0,LAX,HWD
13567,72267.0,LAX,BVH
13568,72275.0,LAX,ANH
13569,72275.0,LAX,LGB
13570,72280.0,LAX,LGB
13571,72289.0,LAX,DTLA
13572,72289.0,LAX,ANH
13573,72308.0,LAX,PSD
13574,72326.0,LAX,ANH
13575,72332.0,LAX,DTLA
13576,72336.0,LAX,LGB
13577,72336.0,LAX,ANH
13578,72341.0,LAX,DTLA
13579,72345.0,LAX,HWD
13580,72345.0,LAX,ANH
13581,72349.0,LAX,ANH
13582,72383.0,LAX,WDHL
13583,72393.0,LAX,HWD
13584,72402.0,LAX,ANH
13585,72406.0,LAX,BVH
13586,72410.0,LAX,HWD
13587,72411.0,LAX,ANH
13588,72463.0,LAX,ANH
13589,72479.0,LAX,ANH
13590,72486.0,LAX,ANH
13591,72486.0,LAX,LGB
13592,72524.0,LAX,HWD
13593,72538.0,LAX,PSD
13594,72547.0,LAX,HWD
13595,72553.0,LAX,LGB
13596,72572.0,LAX,DTLA
13597,72573.0,LAX,HWD
13598,72574.0,LAX,DTLA
13599,72578.0,LAX,ANH
13600,72579.0,LAX,ANH
13601,72580.0,LAX,ANH
13602,72584.0,LAX,DTLA
13603,72584.0,LAX,DTLA
13604,72586.0,LAX,DTLA
13605,72588.0,LAX,ANH
13606,72596.0,LAX,LGB
13607,72597.0,LAX,DTLA
13608,72598.0,LAX,HWD
13609,72620.0,LAX,BVH
13610,72644.0,LAX,HWD
13611,72645.0,LAX,HWD
13612,72645.0,LAX,BVH
13613,72647.0,LAX,UVS
13614,72648.0,LAX,HWD
13615,72668.0,LAX,UVS
13616,72668.0,LAX,ANH
13617,72701.0,LAX,HWD
13618,72704.0,LAX,HWD
13619,72732.0,LAX,DTLA
13620,72755.0,LAX,LGB
13621,72760.0,LAX,DTLA
13622,72769.0,LAX,ANH
13623,72779.0,LAX,BVH
13624,72812.0,LAX,HWD
13625,72813.0,LAX,PSD
13626,72819.0,LAX,ANH
13627,72827.0,LAX,ANH
13628,72831.0,LAX,LGB
13629,72832.0,LAX,ANH
13630,72845.0,LAX,ANH
13631,72850.0,LAX,ANH
13632,72856.0,LAX,DTLA
13633,72857.0,LAX,LGB
13634,72871.0,LAX,ANH
13635,72876.0,LAX,ANH
13636,72880.0,LAX,WDHL
13637,72886.0,LAX,DTLA
13638,72893.0,LAX,DTLA
13639,72901.0,LAX,HWD
13640,72902.0,LAX,HWD
13641,72904.0,LAX,ANH
13642,72906.0,LAX,ANH
13643,72911.0,LAX,HWD
13644,72919.0,LAX,LGB
13645,72923.0,LAX,HWD
13646,72924.0,LAX,WDHL
13647,72938.0,LAX,LGB
13648,72942.0,LAX,DTLA
13649,72948.0,LAX,DTLA
13650,72952.0,LAX,ANH
13651,72954.0,LAX,ANH
13652,72962.0,LAX,DTLA
13653,72964.0,LAX,ANH
13654,72967.0,LAX,ANH
13655,72968.0,LAX,ANH
13656,72971.0,LAX,LGB
13657,72975.0,LAX,UVS
13658,72990.0,LAX,BVH
13659,72993.0,LAX,DTLA
13660,73003.0,LAX,DTLA
13661,73003.0,LAX,LGB
13662,73007.0,LAX,LGB
13663,73009.0,LAX,DTLA
13664,73018.0,LAX,ANH
13665,73026.0,LAX,UVS
13666,73033.0,LAX,DTLA
13667,73037.0,LAX,HWD
13668,73041.0,LAX,ANH
13669,73042.0,LAX,HWD
13670,73055.0,LAX,ANH
13671,73079.0,LAX,DTLA
13672,73088.0,LAX,BVH
13673,73101.0,LAX,ANH
13674,73105.0,LAX,HWD
13675,73113.0,LAX,HWD
13676,73116.0,LAX,LGB
13677,73125.0,LAX,PSD
13678,73134.0,LAX,DTLA
13679,73139.0,LAX,HWD
13680,73140.0,LAX,PSD
13681,73142.0,LAX,HWD
13682,73143.0,LAX,DTLA
13683,73156.0,LAX,DTLA
13684,73162.0,LAX,DTLA
13685,73163.0,LAX,DTLA
13686,73165.0,LAX,LGB
13687,73177.0,LAX,WDHL
13688,73180.0,LAX,PSD
13689,73181.0,LAX,PSD
13690,73195.0,LAX,LGB
13691,73197.0,LAX,HWD
13692,73198.0,LAX,LGB
13693,73200.0,LAX,DTLA
13694,73208.0,LAX,DTLA
13695,73211.0,LAX,UVS
13696,73229.0,LAX,LGB
13697,73230.0,LAX,ANH
13698,73234.0,LAX,DTLA
13699,73238.0,LAX,LGB
13700,73243.0,LAX,LGB
13701,73245.0,LAX,UVS
13702,73245.0,LAX,PSD
13703,73248.0,LAX,LGB
13704,73249.0,LAX,UVS
13705,73252.0,LAX,LGB
13706,73274.0,LAX,HWD
13707,73275.0,LAX,DTLA
13708,73275.0,LAX,ANH
13709,73312.0,LAX,ANH
13710,73337.0,LAX,LGB
13711,73340.0,LAX,LGB
13712,73348.0,LAX,WDHL
13713,73358.0,LAX,DTLA
13714,73372.0,LAX,ANH
13715,73374.0,LAX,LGB
13716,73376.0,LAX,DTLA
13717,73376.0,LAX,BVH
13718,73376.0,LAX,DTLA
13719,73381.0,LAX,BVH
13720,73400.0,LAX,DTLA
13721,73408.0,LAX,BVH
13722,73410.0,LAX,HWD
13723,73415.0,LAX,BVH
13724,73416.0,LAX,BVH
13725,73468.0,LAX,PSD
13726,73484.0,LAX,DTLA
13727,73487.0,LAX,LGB
13728,73489.0,LAX,ANH
13729,73515.0,LAX,ANH
13730,73517.0,LAX,HWD
13731,73522.0,LAX,LGB
13732,73530.0,LAX,DTLA
13733,73530.0,LAX,PSD
13734,73533.0,LAX,HWD
13735,73544.0,LAX,DTLA
13736,73545.0,LAX,WDHL
13737,73547.0,LAX,PSD
13738,73549.0,LAX,DTLA
13739,73550.0,LAX,HWD
13740,73566.0,LAX,LGB
13741,73570.0,LAX,ANH
13742,73571.0,LAX,DTLA
13743,73574.0,LAX,ANH
13744,73575.0,LAX,HWD
13745,73576.0,LAX,UVS
13746,73600.0,LAX,PSD
13747,73603.0,LAX,DTLA
13748,73604.0,LAX,DTLA
13749,73605.0,LAX,ANH
13750,73611.0,LAX,ANH
13751,73613.0,LAX,BVH
13752,73626.0,LAX,BVH
13753,73635.0,LAX,ANH
13754,73636.0,LAX,WDHL
13755,73649.0,LAX,DTLA
13756,73649.0,LAX,DTLA
13757,73681.0,LAX,WDHL
13758,73792.0,LAX,UVS
13759,73801.0,LAX,PSD
13760,73807.0,LAX,HWD
13761,73842.0,LAX,LGB
13762,73858.0,LAX,UVS
13763,73858.0,LAX,HWD
13764,73874.0,LAX,DTLA
13765,73878.0,LAX,LGB
13766,73878.0,LAX,HWD
13767,73898.0,LAX,LGB
13768,73913.0,LAX,LGB
13769,73919.0,LAX,LGB
13770,73928.0,LAX,LGB
13771,73930.0,LAX,DTLA
13772,73933.0,LAX,PSD
13773,73961.0,LAX,DTLA
13774,73967.0,LAX,BVH
13775,73972.0,LAX,BVH
13776,73972.0,LAX,ANH
13777,73976.0,LAX,PSD
13778,73990.0,LAX,PSD
13779,73991.0,LAX,PSD
13780,73997.0,LAX,DTLA
13781,74001.0,LAX,WDHL
13782,74004.0,LAX,HWD
13783,74018.0,LAX,LGB
13784,74018.0,LAX,ANH
13785,74020.0,LAX,HWD
13786,74021.0,LAX,DTLA
13787,74026.0,LAX,HWD
13788,74033.0,LAX,HWD
13789,74034.0,LAX,DTLA
13790,74037.0,LAX,ANH
13791,74051.0,LAX,HWD
13792,74065.0,LAX,DTLA
13793,74068.0,LAX,ANH
13794,74069.0,LAX,LGB
13795,74072.0,LAX,UVS
13796,74072.0,LAX,HWD
13797,74074.0,LAX,LGB
13798,74082.0,LAX,HWD
13799,74082.0,LAX,DTLA
13800,74086.0,LAX,DTLA
13801,74103.0,LAX,PSD
13802,74103.0,LAX,DTLA
13803,74130.0,LAX,DTLA
13804,74131.0,LAX,WDHL
13805,74140.0,LAX,DTLA
13806,74144.0,LAX,LGB
13807,74146.0,LAX,ANH
13808,74154.0,LAX,PSD
13809,74157.0,LAX,HWD
13810,74163.0,LAX,PSD
13811,74169.0,LAX,WDHL
13812,74194.0,LAX,DTLA
13813,74195.0,LAX,DTLA
13814,74197.0,LAX,ANH
13815,74200.0,LAX,WDHL
13816,74201.0,LAX,PSD
13817,74209.0,LAX,LGB
13818,74211.0,LAX,BVH
13819,74214.0,LAX,HWD
13820,74217.0,LAX,DTLA
13821,74226.0,LAX,DTLA
13822,74227.0,LAX,ANH
13823,74228.0,LAX,DTLA
13824,74232.0,LAX,ANH
13825,74238.0,LAX,DTLA
13826,74266.0,LAX,LGB
13827,74268.0,LAX,HWD
13828,74283.0,LAX,ANH
13829,74289.0,LAX,ANH
13830,74302.0,LAX,HWD
13831,74307.0,LAX,DTLA
13832,74315.0,LAX,DTLA
13833,74337.0,LAX,DTLA
13834,74340.0,LAX,DTLA
13835,74341.0,LAX,LGB
13836,74343.0,LAX,ANH
13837,74376.0,LAX,BVH
13838,74386.0,LAX,DTLA
13839,74411.0,LAX,HWD
13840,74431.0,LAX,DTLA
13841,74434.0,LAX,DTLA
13842,74436.0,LAX,BVH
13843,74451.0,LAX,ANH
13844,74451.0,LAX,BVH
13845,74462.0,LAX,DTLA
13846,74511.0,LAX,HWD
13847,74532.0,LAX,ANH
13848,74535.0,LAX,PSD
13849,74535.0,LAX,DTLA
13850,74570.0,LAX,UVS
13851,74610.0,LAX,ANH
13852,74624.0,LAX,BVH
13853,74651.0,LAX,ANH
13854,74671.0,LAX,HWD
13855,74675.0,LAX,HWD
13856,74681.0,LAX,ANH
13857,74688.0,LAX,HWD
13858,74691.0,LAX,BVH
13859,74716.0,LAX,HWD
13860,74730.0,LAX,PSD
13861,74730.0,LAX,HWD
13862,74735.0,LAX,DTLA
13863,74737.0,LAX,DTLA
13864,74747.0,LAX,WDHL
13865,74751.0,LAX,BVH
13866,74751.0,LAX,HWD
13867,74753.0,LAX,DTLA
13868,74764.0,LAX,DTLA
13869,74768.0,LAX,DTLA
13870,74770.0,LAX,ANH
13871,74779.0,LAX,ANH
13872,74780.0,LAX,ANH
13873,74783.0,LAX,LGB
13874,74790.0,LAX,ANH
13875,74792.0,LAX,DTLA
13876,74794.0,LAX,DTLA
13877,74795.0,LAX,HWD
13878,74799.0,LAX,DTLA
13879,74801.0,LAX,DTLA
13880,74805.0,LAX,ANH
13881,74806.0,LAX,UVS
13882,74812.0,LAX,PSD
13883,74818.0,LAX,HWD
13884,74818.0,LAX,ANH
13885,74819.0,LAX,BVH
13886,74826.0,LAX,DTLA
13887,74842.0,LAX,ANH
13888,74854.0,LAX,PSD
13889,74855.0,LAX,DTLA
13890,74859.0,LAX,BVH
13891,74868.0,LAX,DTLA
13892,74873.0,LAX,PSD
13893,74879.0,LAX,HWD
13894,74883.0,LAX,ANH
13895,74883.0,LAX,ANH
13896,74897.0,LAX,ANH
13897,74901.0,LAX,LGB
13898,74902.0,LAX,UVS
13899,74903.0,LAX,LGB
13900,74903.0,LAX,UVS
13901,74906.0,LAX,HWD
13902,74910.0,LAX,WDHL
13903,74913.0,LAX,PSD
13904,74920.0,LAX,DTLA
13905,74926.0,LAX,LGB
13906,74939.0,LAX,ANH
13907,74941.0,LAX,ANH
13908,74952.0,LAX,DTLA
13909,74957.0,LAX,LGB
13910,74967.0,LAX,ANH
13911,74969.0,LAX,HWD
13912,74971.0,LAX,HWD
13913,74976.0,LAX,WDHL
13914,74979.0,LAX,BVH
13915,74990.0,LAX,DTLA
13916,74996.0,LAX,DTLA
13917,74999.0,LAX,ANH
13918,75000.0,LAX,BVH
13919,75009.0,LAX,LGB
13920,75012.0,LAX,BVH
13921,75013.0,LAX,DTLA
13922,75020.0,LAX,LGB
13923,75024.0,LAX,LGB
13924,75060.0,LAX,BVH
13925,75076.0,LAX,DTLA
13926,75104.0,LAX,HWD
13927,75116.0,LAX,HWD
13928,75124.0,LAX,HWD
13929,75132.0,LAX,HWD
13930,75159.0,LAX,ANH
13931,75165.0,LAX,HWD
13932,75174.0,LAX,ANH
13933,75174.0,LAX,LGB
13934,75175.0,LAX,HWD
13935,75177.0,LAX,HWD
13936,75199.0,LAX,ANH
13937,75201.0,LAX,BVH
13938,75215.0,LAX,ANH
13939,75218.0,LAX,HWD
13940,75227.0,LAX,HWD
13941,75246.0,LAX,DTLA
13942,75252.0,LAX,UVS
13943,75257.0,LAX,BVH
13944,75262.0,LAX,ANH
13945,75271.0,LAX,HWD
13946,75272.0,LAX,UVS
13947,75291.0,LAX,LGB
13948,75297.0,LAX,HWD
13949,75304.0,LAX,DTLA
13950,75305.0,LAX,DTLA
13951,75308.0,LAX,DTLA
13952,75310.0,LAX,BVH
13953,75312.0,LAX,BVH
13954,75313.0,LAX,ANH
13955,75316.0,LAX,DTLA
13956,75323.0,LAX,DTLA
13957,75326.0,LAX,HWD
13958,75330.0,LAX,DTLA
13959,75332.0,LAX,WDHL
13960,75337.0,LAX,BVH
13961,75337.0,LAX,ANH
13962,75345.0,LAX,ANH
13963,75354.0,LAX,PSD
13964,75359.0,LAX,UVS
13965,75364.0,LAX,HWD
13966,75365.0,LAX,BVH
13967,75381.0,LAX,HWD
13968,75394.0,LAX,DTLA
13969,75395.0,LAX,LGB
13970,75400.0,LAX,BVH
13971,75426.0,LAX,LGB
13972,75441.0,LAX,ANH
13973,75442.0,LAX,DTLA
13974,75455.0,LAX,DTLA
13975,75458.0,LAX,LGB
13976,75479.0,LAX,DTLA
13977,75491.0,LAX,DTLA
13978,75497.0,LAX,UVS
13979,75500.0,LAX,PSD
13980,75504.0,LAX,WDHL
13981,75519.0,LAX,DTLA
13982,75537.0,LAX,BVH
13983,75541.0,LAX,DTLA
13984,75573.0,LAX,DTLA
13985,75589.0,LAX,DTLA
13986,75596.0,LAX,ANH
13987,75607.0,LAX,WDHL
13988,75610.0,LAX,UVS
13989,75622.0,LAX,HWD
13990,75625.0,LAX,HWD
13991,75639.0,LAX,UVS
13992,75641.0,LAX,HWD
13993,75687.0,LAX,DTLA
13994,75687.0,LAX,HWD
13995,75693.0,LAX,LGB
13996,75700.0,LAX,DTLA
13997,75706.0,LAX,PSD
13998,75712.0,LAX,HWD
13999,75712.0,LAX,ANH
14000,75713.0,LAX,WDHL
14001,75722.0,LAX,DTLA
14002,75727.0,LAX,DTLA
14003,75729.0,LAX,WDHL
14004,75730.0,LAX,DTLA
14005,75751.0,LAX,PSD
14006,75755.0,LAX,PSD
14007,75764.0,LAX,ANH
14008,75776.0,LAX,DTLA
14009,75782.0,LAX,BVH
14010,75786.0,LAX,BVH
14011,75799.0,LAX,DTLA
14012,75812.0,LAX,ANH
14013,75815.0,LAX,DTLA
14014,75822.0,LAX,PSD
14015,75823.0,LAX,ANH
14016,75828.0,LAX,WDHL
14017,75836.0,LAX,DTLA
14018,75855.0,LAX,HWD
14019,75855.0,LAX,PSD
14020,75859.0,LAX,HWD
14021,75862.0,LAX,PSD
14022,75864.0,LAX,HWD
14023,75877.0,LAX,HWD
14024,75883.0,LAX,HWD
14025,75884.0,LAX,PSD
14026,75889.0,LAX,WDHL
14027,75891.0,LAX,DTLA
14028,75892.0,LAX,HWD
14029,75897.0,LAX,DTLA
14030,75900.0,LAX,WDHL
14031,75915.0,LAX,DTLA
14032,75919.0,LAX,LGB
14033,75920.0,LAX,LGB
14034,75924.0,LAX,LGB
14035,75934.0,LAX,WDHL
14036,75942.0,LAX,DTLA
14037,75949.0,LAX,DTLA
14038,75953.0,LAX,ANH
14039,75957.0,LAX,LGB
14040,75978.0,LAX,DTLA
14041,75984.0,LAX,UVS
14042,75984.0,LAX,HWD
14043,75984.0,LAX,PSD
14044,75995.0,LAX,LGB
14045,76001.0,LAX,HWD
14046,76002.0,LAX,DTLA
14047,76010.0,LAX,DTLA
14048,76013.0,LAX,HWD
14049,76015.0,LAX,PSD
14050,76015.0,LAX,ANH
14051,76041.0,LAX,DTLA
14052,76053.0,LAX,DTLA
14053,76055.0,LAX,DTLA
14054,76059.0,LAX,DTLA
14055,76080.0,LAX,LGB
14056,76083.0,LAX,LGB
14057,76083.0,LAX,DTLA
14058,76083.0,LAX,HWD
14059,76085.0,LAX,LGB
14060,76092.0,LAX,LGB
14061,76093.0,LAX,ANH
14062,76099.0,LAX,LGB
14063,76100.0,LAX,UVS
14064,76101.0,LAX,HWD
14065,76102.0,LAX,ANH
14066,76103.0,LAX,ANH
14067,76105.0,LAX,LGB
14068,76126.0,LAX,BVH
14069,76132.0,LAX,DTLA
14070,76140.0,LAX,UVS
14071,76141.0,LAX,UVS
14072,76170.0,LAX,HWD
14073,76172.0,LAX,ANH
14074,76183.0,LAX,HWD
14075,76195.0,LAX,LGB
14076,76204.0,LAX,DTLA
14077,76205.0,LAX,WDHL
14078,76205.0,LAX,BVH
14079,76207.0,LAX,WDHL
14080,76217.0,LAX,ANH
14081,76217.0,LAX,HWD
14082,76220.0,LAX,BVH
14083,76220.0,LAX,WDHL
14084,76265.0,LAX,LGB
14085,76266.0,LAX,DTLA
14086,76268.0,LAX,ANH
14087,76278.0,LAX,ANH
14088,76279.0,LAX,BVH
14089,76286.0,LAX,DTLA
14090,76298.0,LAX,LGB
14091,76303.0,LAX,HWD
14092,76304.0,LAX,PSD
14093,76308.0,LAX,LGB
14094,76314.0,LAX,HWD
14095,76319.0,LAX,HWD
14096,76327.0,LAX,PSD
14097,76335.0,LAX,ANH
14098,76343.0,LAX,PSD
14099,76351.0,LAX,DTLA
14100,76352.0,LAX,DTLA
14101,76354.0,LAX,DTLA
14102,76376.0,LAX,DTLA
14103,76379.0,LAX,BVH
14104,76380.0,LAX,DTLA
14105,76395.0,LAX,ANH
14106,76401.0,LAX,BVH
14107,76407.0,LAX,UVS
14108,76407.0,LAX,HWD
14109,76408.0,LAX,BVH
14110,76416.0,LAX,LGB
14111,76418.0,LAX,DTLA
14112,76418.0,LAX,DTLA
14113,76443.0,LAX,HWD
14114,76450.0,LAX,ANH
14115,76461.0,LAX,DTLA
14116,76477.0,LAX,ANH
14117,76495.0,LAX,ANH
14118,76500.0,LAX,LGB
14119,76511.0,LAX,HWD
14120,76524.0,LAX,ANH
14121,76544.0,LAX,UVS
14122,76545.0,LAX,PSD
14123,76549.0,LAX,LGB
14124,76566.0,LAX,PSD
14125,76589.0,LAX,UVS
14126,76592.0,LAX,PSD
14127,76593.0,LAX,BVH
14128,76597.0,LAX,ANH
14129,76598.0,LAX,ANH
14130,76599.0,LAX,HWD
14131,76599.0,LAX,DTLA
14132,76600.0,LAX,PSD
14133,76608.0,LAX,HWD
14134,76614.0,LAX,DTLA
14135,76614.0,LAX,UVS
14136,76615.0,LAX,HWD
14137,76616.0,LAX,BVH
14138,76620.0,LAX,UVS
14139,76625.0,LAX,HWD
14140,76626.0,LAX,PSD
14141,76630.0,LAX,ANH
14142,76631.0,LAX,WDHL
14143,76634.0,LAX,HWD
14144,76638.0,LAX,LGB
14145,76647.0,LAX,UVS
14146,76649.0,LAX,HWD
14147,76651.0,LAX,DTLA
14148,76652.0,LAX,PSD
14149,76653.0,LAX,ANH
14150,76656.0,LAX,HWD
14151,76656.0,LAX,LGB
14152,76656.0,LAX,BVH
14153,76659.0,LAX,WDHL
14154,76660.0,LAX,ANH
14155,76663.0,LAX,HWD
14156,76669.0,LAX,HWD
14157,76677.0,LAX,HWD
14158,76683.0,LAX,DTLA
14159,76688.0,LAX,ANH
14160,76688.0,LAX,UVS
14161,76690.0,LAX,HWD
14162,76693.0,LAX,HWD
14163,76701.0,LAX,ANH
14164,76703.0,LAX,LGB
14165,76710.0,LAX,DTLA
14166,76713.0,LAX,HWD
14167,76724.0,LAX,UVS
14168,76727.0,LAX,LGB
14169,76727.0,LAX,DTLA
14170,76727.0,LAX,BVH
14171,76729.0,LAX,HWD
14172,76731.0,LAX,HWD
14173,76737.0,LAX,DTLA
14174,76737.0,LAX,DTLA
14175,76739.0,LAX,DTLA
14176,76740.0,LAX,HWD
14177,76745.0,LAX,HWD
14178,76749.0,LAX,PSD
14179,76749.0,LAX,DTLA
14180,76756.0,LAX,LGB
14181,76756.0,LAX,DTLA
14182,76766.0,LAX,ANH
14183,76772.0,LAX,ANH
14184,76776.0,LAX,LGB
14185,76783.0,LAX,DTLA
14186,76787.0,LAX,DTLA
14187,76793.0,LAX,DTLA
14188,76795.0,LAX,HWD
14189,76798.0,LAX,ANH
14190,76807.0,LAX,HWD
14191,76822.0,LAX,LGB
14192,76826.0,LAX,ANH
14193,76828.0,LAX,ANH
14194,76831.0,LAX,DTLA
14195,76832.0,LAX,HWD
14196,76859.0,LAX,ANH
14197,76871.0,LAX,ANH
14198,76874.0,LAX,BVH
14199,76884.0,LAX,DTLA
14200,76887.0,LAX,ANH
14201,76893.0,LAX,BVH
14202,76901.0,LAX,ANH
14203,76912.0,LAX,DTLA
14204,76919.0,LAX,DTLA
14205,76923.0,LAX,ANH
14206,76931.0,LAX,DTLA
14207,76932.0,LAX,PSD
14208,76935.0,LAX,ANH
14209,76951.0,LAX,UVS
14210,76962.0,LAX,BVH
14211,76963.0,LAX,DTLA
14212,76963.0,LAX,DTLA
14213,76970.0,LAX,HWD
14214,76987.0,LAX,BVH
14215,77005.0,LAX,DTLA
14216,77026.0,LAX,DTLA
14217,77030.0,LAX,HWD
14218,77032.0,LAX,PSD
14219,77035.0,LAX,DTLA
14220,77052.0,LAX,DTLA
14221,77059.0,LAX,ANH
14222,77061.0,LAX,HWD
14223,77068.0,LAX,DTLA
14224,77079.0,LAX,DTLA
14225,77090.0,LAX,HWD
14226,77102.0,LAX,ANH
14227,77103.0,LAX,WDHL
14228,77117.0,LAX,DTLA
14229,77118.0,LAX,BVH
14230,77123.0,LAX,DTLA
14231,77131.0,LAX,DTLA
14232,77143.0,LAX,HWD
14233,77144.0,LAX,DTLA
14234,77169.0,LAX,ANH
14235,77187.0,LAX,ANH
14236,77191.0,LAX,HWD
14237,77192.0,LAX,DTLA
14238,77195.0,LAX,DTLA
14239,77207.0,LAX,DTLA
14240,77244.0,LAX,BVH
14241,77380.0,LAX,HWD
14242,77437.0,LAX,HWD
14243,77520.0,LAX,HWD
14244,77534.0,LAX,BVH
14245,77542.0,LAX,HWD
14246,77542.0,LAX,BVH
14247,77550.0,LAX,DTLA
14248,77583.0,LAX,PSD
14249,77597.0,LAX,PSD
14250,77614.0,LAX,DTLA
14251,77618.0,LAX,DTLA
14252,77648.0,LAX,BVH
14253,77672.0,LAX,DTLA
14254,77674.0,LAX,PSD
14255,77681.0,LAX,HWD
14256,77687.0,LAX,LGB
14257,77699.0,LAX,PSD
14258,77741.0,LAX,HWD
14259,77774.0,LAX,DTLA
14260,77783.0,LAX,LGB
14261,77797.0,LAX,BVH
14262,77804.0,LAX,LGB
14263,77808.0,LAX,DTLA
14264,77826.0,LAX,ANH
14265,77844.0,LAX,ANH
14266,77872.0,LAX,ANH
14267,77883.0,LAX,ANH
14268,77887.0,LAX,HWD
14269,77891.0,LAX,HWD
14270,77895.0,LAX,LGB
14271,77906.0,LAX,ANH
14272,77920.0,LAX,PSD
14273,77964.0,LAX,ANH
14274,77970.0,LAX,ANH
14275,78015.0,LAX,HWD
14276,78019.0,LAX,PSD
14277,78028.0,LAX,DTLA
14278,78050.0,LAX,LGB
14279,78055.0,LAX,UVS
14280,78058.0,LAX,HWD
14281,78071.0,LAX,PSD
14282,78074.0,LAX,DTLA
14283,78090.0,LAX,PSD
14284,78100.0,LAX,HWD
14285,78123.0,LAX,UVS
14286,78137.0,LAX,HWD
14287,78145.0,LAX,LGB
14288,78155.0,LAX,LGB
14289,78159.0,LAX,ANH
14290,78160.0,LAX,UVS
14291,78161.0,LAX,HWD
14292,78179.0,LAX,PSD
14293,78206.0,LAX,ANH
14294,78207.0,LAX,WDHL
14295,78207.0,LAX,LGB
14296,78213.0,LAX,WDHL
14297,78213.0,LAX,HWD
14298,78242.0,LAX,ANH
14299,78244.0,LAX,ANH
14300,78263.0,LAX,DTLA
14301,78274.0,LAX,HWD
14302,78305.0,LAX,BVH
14303,78326.0,LAX,DTLA
14304,78332.0,LAX,ANH
14305,78346.0,LAX,DTLA
14306,78361.0,LAX,WDHL
14307,78371.0,LAX,WDHL
14308,78373.0,LAX,HWD
14309,78376.0,LAX,WDHL
14310,78388.0,LAX,DTLA
14311,78409.0,LAX,LGB
14312,78413.0,LAX,HWD
14313,78415.0,LAX,UVS
14314,78425.0,LAX,ANH
14315,78431.0,LAX,UVS
14316,78433.0,LAX,PSD
14317,78435.0,LAX,WDHL
14318,78449.0,LAX,DTLA
14319,78459.0,LAX,DTLA
14320,78489.0,LAX,DTLA
14321,78491.0,LAX,DTLA
14322,78504.0,LAX,DTLA
14323,78505.0,LAX,BVH
14324,78509.0,LAX,DTLA
14325,78509.0,LAX,WDHL
14326,78524.0,LAX,LGB
14327,78547.0,LAX,ANH
14328,78552.0,LAX,HWD
14329,78553.0,LAX,DTLA
14330,78561.0,LAX,BVH
14331,78591.0,LAX,ANH
14332,78594.0,LAX,BVH
14333,78597.0,LAX,WDHL
14334,78598.0,LAX,DTLA
14335,78602.0,LAX,LGB
14336,78607.0,LAX,BVH
14337,78607.0,LAX,PSD
14338,78615.0,LAX,HWD
14339,78619.0,LAX,HWD
14340,78631.0,LAX,LGB
14341,78647.0,LAX,ANH
14342,78652.0,LAX,PSD
14343,78690.0,LAX,LGB
14344,78695.0,LAX,PSD
14345,78703.0,LAX,HWD
14346,78721.0,LAX,DTLA
14347,78726.0,LAX,UVS
14348,78741.0,LAX,HWD
14349,78745.0,LAX,ANH
14350,78746.0,LAX,DTLA
14351,78757.0,LAX,DTLA
14352,78759.0,LAX,UVS
14353,78765.0,LAX,LGB
14354,78794.0,LAX,HWD
14355,78801.0,LAX,DTLA
14356,78803.0,LAX,DTLA
14357,78812.0,LAX,PSD
14358,78817.0,LAX,DTLA
14359,78819.0,LAX,DTLA
14360,78826.0,LAX,DTLA
14361,78827.0,LAX,BVH
14362,78842.0,LAX,DTLA
14363,78860.0,LAX,HWD
14364,78868.0,LAX,ANH
14365,78871.0,LAX,BVH
14366,78871.0,LAX,LGB
14367,78874.0,LAX,ANH
14368,78875.0,LAX,LGB
14369,78876.0,LAX,UVS
14370,78881.0,LAX,LGB
14371,78882.0,LAX,DTLA
14372,78886.0,LAX,ANH
14373,78895.0,LAX,ANH
14374,78897.0,LAX,PSD
14375,78901.0,LAX,HWD
14376,78902.0,LAX,UVS
14377,78906.0,LAX,PSD
14378,78911.0,LAX,HWD
14379,78917.0,LAX,HWD
14380,78920.0,LAX,ANH
14381,78920.0,LAX,ANH
14382,78926.0,LAX,LGB
14383,78935.0,LAX,PSD
14384,78945.0,LAX,DTLA
14385,78947.0,LAX,LGB
14386,78948.0,LAX,DTLA
14387,78952.0,LAX,WDHL
14388,78953.0,LAX,PSD
14389,78954.0,LAX,PSD
14390,78955.0,LAX,BVH
14391,78956.0,LAX,ANH
14392,78958.0,LAX,ANH
14393,78966.0,LAX,HWD
14394,78971.0,LAX,DTLA
14395,78973.0,LAX,ANH
14396,78975.0,LAX,HWD
14397,78982.0,LAX,DTLA
14398,78993.0,LAX,WDHL
14399,79009.0,LAX,BVH
14400,79018.0,LAX,DTLA
14401,79024.0,LAX,LGB
14402,79032.0,LAX,UVS
14403,79034.0,LAX,DTLA
14404,79035.0,LAX,ANH
14405,79038.0,LAX,ANH
14406,79047.0,LAX,DTLA
14407,79053.0,LAX,ANH
14408,79054.0,LAX,ANH
14409,79065.0,LAX,WDHL
14410,79077.0,LAX,DTLA
14411,79077.0,LAX,ANH
14412,79087.0,LAX,DTLA
14413,79088.0,LAX,ANH
14414,79089.0,LAX,BVH
14415,79090.0,LAX,BVH
14416,79091.0,LAX,LGB
14417,79103.0,LAX,ANH
14418,79121.0,LAX,ANH
14419,79122.0,LAX,BVH
14420,79125.0,LAX,UVS
14421,79126.0,LAX,DTLA
14422,79127.0,LAX,BVH
14423,79128.0,LAX,ANH
14424,79135.0,LAX,BVH
14425,79137.0,LAX,ANH
14426,79138.0,LAX,UVS
14427,79147.0,LAX,DTLA
14428,79150.0,LAX,DTLA
14429,79150.0,LAX,PSD
14430,79151.0,LAX,HWD
14431,79154.0,LAX,ANH
14432,79165.0,LAX,PSD
14433,79169.0,LAX,UVS
14434,79170.0,LAX,DTLA
14435,79171.0,LAX,PSD
14436,79181.0,LAX,DTLA
14437,79186.0,LAX,ANH
14438,79190.0,LAX,DTLA
14439,79195.0,LAX,DTLA
14440,79208.0,LAX,DTLA
14441,79221.0,LAX,LGB
14442,79265.0,LAX,BVH
14443,79285.0,LAX,WDHL
14444,79287.0,LAX,DTLA
14445,79289.0,LAX,ANH
14446,79299.0,LAX,PSD
14447,79317.0,LAX,WDHL
14448,79318.0,LAX,HWD
14449,79320.0,LAX,PSD
14450,79330.0,LAX,ANH
14451,79346.0,LAX,PSD
14452,79348.0,LAX,DTLA
14453,79354.0,LAX,ANH
14454,79387.0,LAX,DTLA
14455,79388.0,LAX,DTLA
14456,79398.0,LAX,ANH
14457,79404.0,LAX,DTLA
14458,79409.0,LAX,DTLA
14459,79423.0,LAX,PSD
14460,79436.0,LAX,ANH
14461,79443.0,LAX,DTLA
14462,79449.0,LAX,HWD
14463,79454.0,LAX,ANH
14464,79456.0,LAX,WDHL
14465,79458.0,LAX,WDHL
14466,79459.0,LAX,ANH
14467,79466.0,LAX,WDHL
14468,79477.0,LAX,BVH
14469,79480.0,LAX,ANH
14470,79485.0,LAX,UVS
14471,79489.0,LAX,DTLA
14472,79500.0,LAX,DTLA
14473,79509.0,LAX,HWD
14474,79520.0,LAX,DTLA
14475,79526.0,LAX,ANH
14476,79532.0,LAX,LGB
14477,79533.0,LAX,WDHL
14478,79535.0,LAX,DTLA
14479,79542.0,LAX,UVS
14480,79545.0,LAX,UVS
14481,79563.0,LAX,ANH
14482,79566.0,LAX,UVS
14483,79576.0,LAX,LGB
14484,79588.0,LAX,HWD
14485,79589.0,LAX,DTLA
14486,79590.0,LAX,PSD
14487,79592.0,LAX,ANH
14488,79595.0,LAX,PSD
14489,79610.0,LAX,HWD
14490,79612.0,LAX,DTLA
14491,79613.0,LAX,HWD
14492,79614.0,LAX,DTLA
14493,79629.0,LAX,DTLA
14494,79629.0,LAX,DTLA
14495,79639.0,LAX,HWD
14496,79647.0,LAX,DTLA
14497,79650.0,LAX,BVH
14498,79658.0,LAX,LGB
14499,79660.0,LAX,DTLA
14500,79665.0,LAX,HWD
14501,79670.0,LAX,DTLA
14502,79688.0,LAX,PSD
14503,79709.0,LAX,ANH
14504,79724.0,LAX,HWD
14505,79727.0,LAX,LGB
14506,79741.0,LAX,LGB
14507,79742.0,LAX,ANH
14508,79756.0,LAX,ANH
14509,79762.0,LAX,PSD
14510,79763.0,LAX,DTLA
14511,79773.0,LAX,UVS
14512,79773.0,LAX,HWD
14513,79773.0,LAX,HWD
14514,79775.0,LAX,HWD
14515,79775.0,LAX,DTLA
14516,79776.0,LAX,HWD
14517,79781.0,LAX,HWD
14518,79785.0,LAX,BVH
14519,79785.0,LAX,WDHL
14520,79790.0,LAX,ANH
14521,79792.0,LAX,BVH
14522,79800.0,LAX,DTLA
14523,79821.0,LAX,LGB
14524,79822.0,LAX,DTLA
14525,79824.0,LAX,BVH
14526,79829.0,LAX,LGB
14527,79830.0,LAX,DTLA
14528,79833.0,LAX,HWD
14529,79838.0,LAX,ANH
14530,79840.0,LAX,HWD
14531,79855.0,LAX,BVH
14532,79859.0,LAX,BVH
14533,79866.0,LAX,ANH
14534,79877.0,LAX,LGB
14535,79883.0,LAX,DTLA
14536,79892.0,LAX,DTLA
14537,79901.0,LAX,UVS
14538,79902.0,LAX,BVH
14539,79905.0,LAX,HWD
14540,79921.0,LAX,DTLA
14541,79962.0,LAX,ANH
14542,79986.0,LAX,PSD
14543,79987.0,LAX,LGB
14544,79995.0,LAX,DTLA
14545,79995.0,LAX,ANH
14546,79995.0,LAX,PSD
14547,80002.0,LAX,BVH
14548,80022.0,LAX,ANH
14549,80043.0,LAX,ANH
14550,80049.0,LAX,PSD
14551,80060.0,LAX,DTLA
14552,80061.0,LAX,DTLA
14553,80062.0,LAX,LGB
14554,80064.0,LAX,ANH
14555,80072.0,LAX,WDHL
14556,80077.0,LAX,ANH
14557,80080.0,LAX,PSD
14558,80081.0,LAX,ANH
14559,80089.0,LAX,ANH
14560,80093.0,LAX,HWD
14561,80096.0,LAX,HWD
14562,80096.0,LAX,ANH
14563,80098.0,LAX,BVH
14564,80100.0,LAX,BVH
14565,80103.0,LAX,PSD
14566,80106.0,LAX,HWD
14567,80126.0,LAX,DTLA
14568,80130.0,LAX,ANH
14569,80149.0,LAX,PSD
14570,80157.0,LAX,HWD
14571,80159.0,LAX,DTLA
14572,80160.0,LAX,ANH
14573,80165.0,LAX,HWD
14574,80170.0,LAX,ANH
14575,80171.0,LAX,LGB
14576,80172.0,LAX,DTLA
14577,80180.0,LAX,WDHL
14578,80183.0,LAX,UVS
14579,80188.0,LAX,LGB
14580,80189.0,LAX,ANH
14581,80193.0,LAX,HWD
14582,80194.0,LAX,UVS
14583,80198.0,LAX,ANH
14584,80199.0,LAX,PSD
14585,80203.0,LAX,WDHL
14586,80213.0,LAX,PSD
14587,80213.0,LAX,LGB
14588,80213.0,LAX,HWD
14589,80217.0,LAX,LGB
14590,80223.0,LAX,DTLA
14591,80229.0,LAX,ANH
14592,80238.0,LAX,ANH
14593,80249.0,LAX,PSD
14594,80249.0,LAX,LGB
14595,80257.0,LAX,LGB
14596,80263.0,LAX,DTLA
14597,80277.0,LAX,WDHL
14598,80288.0,LAX,LGB
14599,80295.0,LAX,ANH
14600,80299.0,LAX,DTLA
14601,80318.0,LAX,ANH
14602,80357.0,LAX,HWD
14603,80358.0,LAX,LGB
14604,80359.0,LAX,WDHL
14605,80373.0,LAX,DTLA
14606,80374.0,LAX,LGB
14607,80380.0,LAX,WDHL
14608,80381.0,LAX,LGB
14609,80403.0,LAX,HWD
14610,80410.0,LAX,WDHL
14611,80412.0,LAX,DTLA
14612,80440.0,LAX,HWD
14613,80443.0,LAX,DTLA
14614,80451.0,LAX,UVS
14615,80472.0,LAX,HWD
14616,80474.0,LAX,HWD
14617,80475.0,LAX,ANH
14618,80477.0,LAX,HWD
14619,80481.0,LAX,BVH
14620,80487.0,LAX,LGB
14621,80498.0,LAX,HWD
14622,80500.0,LAX,DTLA
14623,80506.0,LAX,DTLA
14624,80514.0,LAX,LGB
14625,80518.0,LAX,DTLA
14626,80520.0,LAX,LGB
14627,80523.0,LAX,PSD
14628,80532.0,LAX,BVH
14629,80533.0,LAX,UVS
14630,80537.0,LAX,DTLA
14631,80540.0,LAX,ANH
14632,80544.0,LAX,HWD
14633,80545.0,LAX,WDHL
14634,80549.0,LAX,PSD
14635,80550.0,LAX,ANH
14636,80554.0,LAX,WDHL
14637,80559.0,LAX,LGB
14638,80562.0,LAX,HWD
14639,80563.0,LAX,DTLA
14640,80564.0,LAX,DTLA
14641,80564.0,LAX,HWD
14642,80564.0,LAX,UVS
14643,80577.0,LAX,BVH
14644,80578.0,LAX,LGB
14645,80586.0,LAX,DTLA
14646,80588.0,LAX,HWD
14647,80591.0,LAX,UVS
14648,80592.0,LAX,DTLA
14649,80592.0,LAX,ANH
14650,80605.0,LAX,WDHL
14651,80605.0,LAX,HWD
14652,80606.0,LAX,UVS
14653,80607.0,LAX,ANH
14654,80610.0,LAX,LGB
14655,80612.0,LAX,ANH
14656,80617.0,LAX,ANH
14657,80624.0,LAX,DTLA
14658,80631.0,LAX,ANH
14659,80632.0,LAX,DTLA
14660,80634.0,LAX,WDHL
14661,80636.0,LAX,UVS
14662,80638.0,LAX,UVS
14663,80641.0,LAX,WDHL
14664,80642.0,LAX,LGB
14665,80646.0,LAX,DTLA
14666,80646.0,LAX,PSD
14667,80650.0,LAX,HWD
14668,80651.0,LAX,DTLA
14669,80653.0,LAX,HWD
14670,80653.0,LAX,ANH
14671,80656.0,LAX,HWD
14672,80658.0,LAX,PSD
14673,80668.0,LAX,BVH
14674,80676.0,LAX,ANH
14675,80677.0,LAX,BVH
14676,80679.0,LAX,WDHL
14677,80679.0,LAX,DTLA
14678,80679.0,LAX,DTLA
14679,80692.0,LAX,ANH
14680,80701.0,LAX,DTLA
14681,80704.0,LAX,ANH
14682,80708.0,LAX,DTLA
14683,80711.0,LAX,DTLA
14684,80720.0,LAX,DTLA
14685,80723.0,LAX,HWD
14686,80726.0,LAX,PSD
14687,80744.0,LAX,LGB
14688,80756.0,LAX,DTLA
14689,80761.0,LAX,HWD
14690,80784.0,LAX,DTLA
14691,80812.0,LAX,HWD
14692,80839.0,LAX,ANH
14693,80840.0,LAX,HWD
14694,80841.0,LAX,ANH
14695,80851.0,LAX,DTLA
14696,80851.0,LAX,PSD
14697,80863.0,LAX,ANH
14698,80877.0,LAX,LGB
14699,80877.0,LAX,HWD
14700,80899.0,LAX,ANH
14701,80912.0,LAX,ANH
14702,81016.0,LAX,DTLA
14703,81036.0,LAX,DTLA
14704,81038.0,LAX,DTLA
14705,81055.0,LAX,WDHL
14706,81060.0,LAX,DTLA
14707,81106.0,LAX,UVS
14708,81131.0,LAX,DTLA
14709,81135.0,LAX,HWD
14710,81144.0,LAX,PSD
14711,81147.0,LAX,DTLA
14712,81160.0,LAX,HWD
14713,81161.0,LAX,ANH
14714,81170.0,LAX,LGB
14715,81182.0,LAX,DTLA
14716,81182.0,LAX,HWD
14717,81182.0,LAX,PSD
14718,81199.0,LAX,UVS
14719,81199.0,LAX,UVS
14720,81203.0,LAX,BVH
14721,81205.0,LAX,LGB
14722,81210.0,LAX,WDHL
14723,81215.0,LAX,LGB
14724,81217.0,LAX,LGB
14725,81225.0,LAX,ANH
14726,81234.0,LAX,BVH
14727,81240.0,LAX,ANH
14728,81259.0,LAX,BVH
14729,81259.0,LAX,ANH
14730,81280.0,LAX,BVH
14731,81283.0,LAX,HWD
14732,81294.0,LAX,LGB
14733,81296.0,LAX,LGB
14734,81303.0,LAX,LGB
14735,81307.0,LAX,ANH
14736,81314.0,LAX,PSD
14737,81317.0,LAX,HWD
14738,81319.0,LAX,PSD
14739,81320.0,LAX,UVS
14740,81320.0,LAX,BVH
14741,81324.0,LAX,DTLA
14742,81335.0,LAX,DTLA
14743,81342.0,LAX,ANH
14744,81347.0,LAX,ANH
14745,81359.0,LAX,LGB
14746,81359.0,LAX,BVH
14747,81362.0,LAX,PSD
14748,81368.0,LAX,ANH
14749,81368.0,LAX,DTLA
14750,81369.0,LAX,DTLA
14751,81369.0,LAX,ANH
14752,81372.0,LAX,ANH
14753,81374.0,LAX,ANH
14754,81391.0,LAX,HWD
14755,81395.0,LAX,LGB
14756,81399.0,LAX,DTLA
14757,81406.0,LAX,HWD
14758,81421.0,LAX,PSD
14759,81424.0,LAX,HWD
14760,81426.0,LAX,PSD
14761,81433.0,LAX,DTLA
14762,81455.0,LAX,HWD
14763,81460.0,LAX,ANH
14764,81461.0,LAX,DTLA
14765,81465.0,LAX,HWD
14766,81475.0,LAX,LGB
14767,81479.0,LAX,WDHL
14768,81516.0,LAX,WDHL
14769,81522.0,LAX,DTLA
14770,81533.0,LAX,HWD
14771,81546.0,LAX,DTLA
14772,81549.0,LAX,BVH
14773,81551.0,LAX,ANH
14774,81555.0,LAX,DTLA
14775,81560.0,LAX,ANH
14776,81561.0,LAX,BVH
14777,81567.0,LAX,WDHL
14778,81572.0,LAX,PSD
14779,81574.0,LAX,BVH
14780,81580.0,LAX,UVS
14781,81580.0,LAX,HWD
14782,81581.0,LAX,ANH
14783,81583.0,LAX,DTLA
14784,81586.0,LAX,DTLA
14785,81588.0,LAX,LGB
14786,81588.0,LAX,HWD
14787,81590.0,LAX,BVH
14788,81600.0,LAX,HWD
14789,81605.0,LAX,DTLA
14790,81606.0,LAX,UVS
14791,81616.0,LAX,ANH
14792,81619.0,LAX,ANH
14793,81626.0,LAX,PSD
14794,81628.0,LAX,HWD
14795,81630.0,LAX,DTLA
14796,81633.0,LAX,PSD
14797,81633.0,LAX,ANH
14798,81634.0,LAX,HWD
14799,81639.0,LAX,LGB
14800,81648.0,LAX,HWD
14801,81651.0,LAX,ANH
14802,81670.0,LAX,PSD
14803,81683.0,LAX,HWD
14804,81687.0,LAX,BVH
14805,81690.0,LAX,ANH
14806,81696.0,LAX,UVS
14807,81710.0,LAX,ANH
14808,81732.0,LAX,DTLA
14809,81733.0,LAX,BVH
14810,81761.0,LAX,BVH
14811,81770.0,LAX,ANH
14812,81781.0,LAX,ANH
14813,81782.0,LAX,PSD
14814,81784.0,LAX,BVH
14815,81816.0,LAX,ANH
14816,81829.0,LAX,DTLA
14817,81838.0,LAX,DTLA
14818,81838.0,LAX,ANH
14819,81838.0,LAX,ANH
14820,81865.0,LAX,ANH
14821,81878.0,LAX,HWD
14822,81890.0,LAX,HWD
14823,81892.0,LAX,WDHL
14824,81899.0,LAX,BVH
14825,81909.0,LAX,HWD
14826,81910.0,LAX,DTLA
14827,81925.0,LAX,DTLA
14828,81932.0,LAX,LGB
14829,81937.0,LAX,LGB
14830,81958.0,LAX,DTLA
14831,81961.0,LAX,WDHL
14832,82025.0,LAX,DTLA
14833,82045.0,LAX,HWD
14834,82095.0,LAX,DTLA
14835,82114.0,LAX,WDHL
14836,82129.0,LAX,PSD
14837,82140.0,LAX,HWD
14838,82158.0,LAX,LGB
14839,82193.0,LAX,DTLA
14840,82215.0,LAX,DTLA
14841,82268.0,LAX,LGB
14842,82269.0,LAX,LGB
14843,82292.0,LAX,LGB
14844,82301.0,LAX,HWD
14845,82326.0,LAX,LGB
14846,82326.0,LAX,BVH
14847,82327.0,LAX,ANH
14848,82343.0,LAX,LGB
14849,82351.0,LAX,LGB
14850,82354.0,LAX,DTLA
14851,82357.0,LAX,ANH
14852,82357.0,LAX,DTLA
14853,82359.0,LAX,DTLA
14854,82362.0,LAX,DTLA
14855,82379.0,LAX,LGB
14856,82390.0,LAX,HWD
14857,82392.0,LAX,LGB
14858,82402.0,LAX,ANH
14859,82423.0,LAX,PSD
14860,82423.0,LAX,PSD
14861,82430.0,LAX,WDHL
14862,82434.0,LAX,DTLA
14863,82434.0,LAX,DTLA
14864,82448.0,LAX,HWD
14865,82465.0,LAX,BVH
14866,82470.0,LAX,ANH
14867,82485.0,LAX,DTLA
14868,82492.0,LAX,DTLA
14869,82496.0,LAX,ANH
14870,82496.0,LAX,ANH
14871,82518.0,LAX,ANH
14872,82518.0,LAX,PSD
14873,82521.0,LAX,ANH
14874,82527.0,LAX,HWD
14875,82528.0,LAX,DTLA
14876,82552.0,LAX,BVH
14877,82566.0,LAX,LGB
14878,82606.0,LAX,DTLA
14879,82627.0,LAX,BVH
14880,82668.0,LAX,HWD
14881,82678.0,LAX,DTLA
14882,82682.0,LAX,DTLA
14883,82693.0,LAX,HWD
14884,82703.0,LAX,ANH
14885,82716.0,LAX,HWD
14886,82717.0,LAX,DTLA
14887,82727.0,LAX,BVH
14888,82751.0,LAX,HWD
14889,82843.0,LAX,PSD
14890,82862.0,LAX,DTLA
14891,82870.0,LAX,HWD
14892,82871.0,LAX,PSD
14893,82893.0,LAX,WDHL
14894,82961.0,LAX,DTLA
14895,82982.0,LAX,ANH
14896,82984.0,LAX,DTLA
14897,82992.0,LAX,LGB
14898,83007.0,LAX,DTLA
14899,83010.0,LAX,BVH
14900,83020.0,LAX,DTLA
14901,83058.0,LAX,ANH
14902,83065.0,LAX,ANH
14903,83090.0,LAX,ANH
14904,83091.0,LAX,PSD
14905,83093.0,LAX,ANH
14906,83099.0,LAX,ANH
14907,83102.0,LAX,ANH
14908,83103.0,LAX,DTLA
14909,83112.0,LAX,LGB
14910,83119.0,LAX,UVS
14911,83127.0,LAX,DTLA
14912,83129.0,LAX,DTLA
14913,83131.0,LAX,PSD
14914,83133.0,LAX,DTLA
14915,83146.0,LAX,LGB
14916,83156.0,LAX,BVH
14917,83160.0,LAX,ANH
14918,83163.0,LAX,UVS
14919,83173.0,LAX,ANH
14920,83195.0,LAX,BVH
14921,83220.0,LAX,HWD
14922,83236.0,LAX,HWD
14923,83237.0,LAX,DTLA
14924,83239.0,LAX,DTLA
14925,83251.0,LAX,HWD
14926,83259.0,LAX,ANH
14927,83262.0,LAX,HWD
14928,83271.0,LAX,ANH
14929,83282.0,LAX,HWD
14930,83288.0,LAX,ANH
14931,83312.0,LAX,WDHL
14932,83313.0,LAX,PSD
14933,83326.0,LAX,ANH
14934,83326.0,LAX,UVS
14935,83330.0,LAX,PSD
14936,83332.0,LAX,HWD
14937,83358.0,LAX,ANH
14938,83363.0,LAX,DTLA
14939,83389.0,LAX,PSD
14940,83395.0,LAX,UVS
14941,83401.0,LAX,HWD
14942,83402.0,LAX,PSD
14943,83406.0,LAX,DTLA
14944,83409.0,LAX,UVS
14945,83427.0,LAX,ANH
14946,83429.0,LAX,PSD
14947,83430.0,LAX,DTLA
14948,83452.0,LAX,DTLA
14949,83462.0,LAX,WDHL
14950,83481.0,LAX,PSD
14951,83486.0,LAX,DTLA
14952,83490.0,LAX,ANH
14953,83500.0,LAX,HWD
14954,83514.0,LAX,ANH
14955,83515.0,LAX,HWD
14956,83536.0,LAX,DTLA
14957,83565.0,LAX,UVS
14958,83567.0,LAX,DTLA
14959,83571.0,LAX,LGB
14960,83589.0,LAX,BVH
14961,83596.0,LAX,HWD
14962,83598.0,LAX,PSD
14963,83610.0,LAX,BVH
14964,83647.0,LAX,ANH
14965,83649.0,LAX,ANH
14966,83667.0,LAX,HWD
14967,83682.0,LAX,ANH
14968,83707.0,LAX,BVH
14969,83723.0,LAX,LGB
14970,83785.0,LAX,LGB
14971,83955.0,LAX,HWD
14972,83956.0,LAX,DTLA
14973,83975.0,LAX,ANH
14974,84083.0,LAX,LGB
14975,84086.0,LAX,ANH
14976,84090.0,LAX,BVH
14977,84113.0,LAX,PSD
14978,84213.0,LAX,HWD
14979,84219.0,LAX,UVS
14980,84260.0,LAX,ANH
14981,84279.0,LAX,HWD
14982,84306.0,LAX,PSD
14983,84309.0,LAX,DTLA
14984,84314.0,LAX,HWD
14985,84317.0,LAX,HWD
14986,84330.0,LAX,ANH
14987,84335.0,LAX,LGB
14988,84338.0,LAX,ANH
14989,84353.0,LAX,LGB
14990,84353.0,LAX,ANH
14991,84358.0,LAX,ANH
14992,84359.0,LAX,UVS
14993,84362.0,LAX,DTLA
14994,84364.0,LAX,DTLA
14995,84367.0,LAX,LGB
14996,84376.0,LAX,DTLA
14997,84377.0,LAX,HWD
14998,84379.0,LAX,LGB
14999,84384.0,LAX,LGB
15000,84398.0,LAX,UVS
15001,84406.0,LAX,UVS
15002,84410.0,LAX,LGB
15003,84413.0,LAX,HWD
15004,84416.0,LAX,HWD
15005,84419.0,LAX,PSD
15006,84422.0,LAX,DTLA
15007,84427.0,LAX,HWD
15008,84436.0,LAX,ANH
15009,84436.0,LAX,HWD
15010,84441.0,LAX,ANH
15011,84442.0,LAX,ANH
15012,84450.0,LAX,UVS
15013,84454.0,LAX,DTLA
15014,84464.0,LAX,DTLA
15015,84465.0,LAX,ANH
15016,84468.0,LAX,ANH
15017,84476.0,LAX,BVH
15018,84478.0,LAX,UVS
15019,84492.0,LAX,HWD
15020,84494.0,LAX,DTLA
15021,84507.0,LAX,PSD
15022,84511.0,LAX,BVH
15023,84516.0,LAX,ANH
15024,84516.0,LAX,ANH
15025,84519.0,LAX,ANH
15026,84530.0,LAX,DTLA
15027,84533.0,LAX,LGB
15028,84544.0,LAX,ANH
15029,84556.0,LAX,DTLA
15030,84557.0,LAX,WDHL
15031,84569.0,LAX,PSD
15032,84575.0,LAX,WDHL
15033,84592.0,LAX,LGB
15034,84598.0,LAX,ANH
15035,84602.0,LAX,HWD
15036,84609.0,LAX,UVS
15037,84610.0,LAX,DTLA
15038,84612.0,LAX,HWD
15039,84626.0,LAX,DTLA
15040,84630.0,LAX,HWD
15041,84638.0,LAX,PSD
15042,84641.0,LAX,DTLA
15043,84644.0,LAX,WDHL
15044,84653.0,LAX,DTLA
15045,84665.0,LAX,PSD
15046,84665.0,LAX,HWD
15047,84666.0,LAX,LGB
15048,84667.0,LAX,ANH
15049,84678.0,LAX,BVH
15050,84682.0,LAX,ANH
15051,84695.0,LAX,UVS
15052,84703.0,LAX,BVH
15053,84713.0,LAX,UVS
15054,84714.0,LAX,UVS
15055,84720.0,LAX,BVH
15056,84736.0,LAX,ANH
15057,84737.0,LAX,ANH
15058,84743.0,LAX,UVS
15059,84746.0,LAX,DTLA
15060,84757.0,LAX,ANH
15061,84760.0,LAX,ANH
15062,84764.0,LAX,UVS
15063,84766.0,LAX,PSD
15064,84771.0,LAX,DTLA
15065,84781.0,LAX,LGB
15066,84786.0,LAX,UVS
15067,84801.0,LAX,UVS
15068,84804.0,LAX,DTLA
15069,84808.0,LAX,BVH
15070,84818.0,LAX,LGB
15071,84823.0,LAX,LGB
15072,84825.0,LAX,HWD
15073,84837.0,LAX,HWD
15074,84853.0,LAX,WDHL
15075,84854.0,LAX,BVH
15076,84860.0,LAX,LGB
15077,84865.0,LAX,PSD
15078,84868.0,LAX,ANH
15079,84879.0,LAX,ANH
15080,84881.0,LAX,ANH
15081,84886.0,LAX,HWD
15082,84894.0,LAX,HWD
15083,84894.0,LAX,ANH
15084,84901.0,LAX,BVH
15085,84921.0,LAX,PSD
15086,84922.0,LAX,ANH
15087,84927.0,LAX,LGB
15088,84929.0,LAX,ANH
15089,84930.0,LAX,WDHL
15090,84930.0,LAX,BVH
15091,84932.0,LAX,ANH
15092,84936.0,LAX,DTLA
15093,84940.0,LAX,PSD
15094,84941.0,LAX,DTLA
15095,84944.0,LAX,DTLA
15096,84952.0,LAX,LGB
15097,84966.0,LAX,HWD
15098,84968.0,LAX,DTLA
15099,84979.0,LAX,DTLA
15100,84980.0,LAX,HWD
15101,84983.0,LAX,DTLA
15102,84985.0,LAX,ANH
15103,85000.0,LAX,DTLA
15104,85006.0,LAX,PSD
15105,85013.0,LAX,BVH
15106,85013.0,LAX,DTLA
15107,85017.0,LAX,LGB
15108,85020.0,LAX,HWD
15109,85024.0,LAX,HWD
15110,85025.0,LAX,ANH
15111,85051.0,LAX,LGB
15112,85052.0,LAX,PSD
15113,85053.0,LAX,DTLA
15114,85054.0,LAX,BVH
15115,85054.0,LAX,HWD
15116,85061.0,LAX,WDHL
15117,85063.0,LAX,ANH
15118,85065.0,LAX,HWD
15119,85071.0,LAX,DTLA
15120,85081.0,LAX,ANH
15121,85083.0,LAX,WDHL
15122,85087.0,LAX,LGB
15123,85093.0,LAX,LGB
15124,85096.0,LAX,HWD
15125,85099.0,LAX,UVS
15126,85126.0,LAX,ANH
15127,85131.0,LAX,DTLA
15128,85140.0,LAX,LGB
15129,85152.0,LAX,LGB
15130,85207.0,LAX,DTLA
15131,85227.0,LAX,DTLA
15132,85240.0,LAX,HWD
15133,85270.0,LAX,HWD
15134,85304.0,LAX,DTLA
15135,85330.0,LAX,PSD
15136,85373.0,LAX,ANH
15137,85394.0,LAX,HWD
15138,85411.0,LAX,DTLA
15139,85414.0,LAX,ANH
15140,85448.0,LAX,DTLA
15141,85473.0,LAX,HWD
15142,85510.0,LAX,ANH
15143,85512.0,LAX,BVH
15144,85567.0,LAX,BVH
15145,85577.0,LAX,BVH
15146,85577.0,LAX,BVH
15147,85596.0,LAX,BVH
15148,85605.0,LAX,LGB
15149,85621.0,LAX,DTLA
15150,85666.0,LAX,DTLA
15151,85679.0,LAX,HWD
15152,85690.0,LAX,LGB
15153,85717.0,LAX,PSD
15154,85743.0,LAX,DTLA
15155,85748.0,LAX,ANH
15156,85753.0,LAX,HWD
15157,85755.0,LAX,UVS
15158,85757.0,LAX,BVH
15159,85777.0,LAX,LGB
15160,85809.0,LAX,DTLA
15161,85815.0,LAX,LGB
15162,85822.0,LAX,DTLA
15163,85832.0,LAX,HWD
15164,85834.0,LAX,PSD
15165,85843.0,LAX,DTLA
15166,85847.0,LAX,PSD
15167,85850.0,LAX,HWD
15168,85867.0,LAX,WDHL
15169,85878.0,LAX,ANH
15170,85896.0,LAX,HWD
15171,85905.0,LAX,LGB
15172,85910.0,LAX,LGB
15173,85914.0,LAX,HWD
15174,85921.0,LAX,LGB
15175,85981.0,LAX,ANH
15176,85997.0,LAX,ANH
15177,86005.0,LAX,HWD
15178,86008.0,LAX,BVH
15179,86027.0,LAX,DTLA
15180,86032.0,LAX,DTLA
15181,86074.0,LAX,PSD
15182,86088.0,LAX,HWD
15183,86105.0,LAX,HWD
15184,86107.0,LAX,DTLA
15185,86116.0,LAX,BVH
15186,86143.0,LAX,DTLA
15187,86155.0,LAX,DTLA
15188,86164.0,LAX,HWD
15189,86192.0,LAX,PSD
15190,86223.0,LAX,HWD
15191,86235.0,LAX,DTLA
15192,86276.0,LAX,DTLA
